Simulation Number PG.cFactor ExitSlit.openingHeight SU.photonEnergy PG.orderDiffraction SU.numberRays
0                 2.5        0.1                    1000            1                   100000       
1                 2.5        0.1                    1000            1                   100000       
2                 2.5        0.1                    1000            1                   100000       
3                 2.5        0.1                    1000            1                   100000       
4                 2.5        0.1                    1000            1                   100000       
5                 2.5        0.1                    1000            1                   100000       
6                 2.5        0.1                    1000            1                   100000       
7                 2.5        0.1                    1000            1                   100000       
8                 2.5        0.1                    1000            1                   100000       
9                 2.5        0.1                    1000            1                   100000       
10                2.5        0.1                    1000            1                   100000       
11                2.5        0.1                    1000            1                   100000       
12                2.5        0.1                    1000            1                   100000       
13                2.5        0.1                    1000            1                   100000       
14                2.5        0.1                    1000            1                   100000       
15                2.5        0.1                    1000            1                   100000       
16                2.5        0.1                    1000            1                   100000       
17                2.5        0.1                    1000            1                   100000       
18                2.5        0.1                    1000            1                   100000       
19                2.5        0.1                    1000            1                   100000       
20                2.5        0.1                    1000            1                   100000       
21                2.5        0.1                    1000            1                   100000       
22                2.5        0.1                    1000            1                   100000       
23                2.5        0.1                    1000            1                   100000       
24                2.5        0.1                    1000            1                   100000       
25                2.5        0.1                    1000            1                   100000       
26                2.5        0.1                    1000            1                   100000       
27                2.5        0.1                    1000            1                   100000       
28                2.5        0.1                    1000            1                   100000       
29                2.5        0.1                    1000            1                   100000       
30                2.5        0.1                    1000            1                   100000       
31                2.5        0.1                    1000            1                   100000       
32                2.5        0.1                    1000            1                   100000       
33                2.5        0.1                    1000            1                   100000       
34                2.5        0.1                    1000            1                   100000       
35                2.5        0.1                    1000            1                   100000       
36                2.5        0.1                    1000            1                   100000       
37                2.5        0.1                    1000            1                   100000       
38                2.5        0.1                    1000            1                   100000       
39                2.5        0.1                    1000            1                   100000       
40                2.5        0.1                    1000            1                   100000       
41                2.5        0.1                    1000            1                   100000       
42                2.5        0.1                    1000            1                   100000       
43                2.5        0.1                    1000            1                   100000       
44                2.5        0.1                    1000            1                   100000       
45                2.5        0.1                    1000            1                   100000       
46                2.5        0.1                    1000            1                   100000       
47                2.5        0.1                    1000            1                   100000       
48                2.5        0.1                    1000            1                   100000       
49                2.5        0.1                    1000            1                   100000       
50                2.5        0.1                    1000            1                   100000       
51                2.5        0.1                    1000            1                   100000       
52                2.5        0.1                    1000            1                   100000       
53                2.5        0.1                    1000            1                   100000       
54                2.5        0.1                    1000            1                   100000       
55                2.5        0.1                    1000            1                   100000       
56                2.5        0.1                    1000            1                   100000       
57                2.5        0.1                    1000            1                   100000       
58                2.5        0.1                    1000            1                   100000       
59                2.5        0.1                    1000            1                   100000       
60                2.5        0.1                    1000            1                   100000       
61                2.5        0.1                    1000            1                   100000       
62                2.5        0.1                    1000            1                   100000       
63                2.5        0.1                    1000            1                   100000       
64                2.5        0.1                    1000            1                   100000       
65                2.5        0.1                    1000            1                   100000       
66                2.5        0.1                    1000            1                   100000       
67                2.5        0.1                    1000            1                   100000       
68                2.5        0.1                    1000            1                   100000       
69                2.5        0.1                    1000            1                   100000       
70                2.5        0.1                    1000            1                   100000       
71                2.5        0.1                    1000            1                   100000       
72                2.5        0.1                    1000            1                   100000       
73                2.5        0.1                    1000            1                   100000       
74                2.5        0.1                    1000            1                   100000       
75                2.5        0.1                    1000            1                   100000       
76                2.5        0.1                    1000            1                   100000       
77                2.5        0.1                    1000            1                   100000       
78                2.5        0.1                    1000            1                   100000       
79                2.5        0.1                    1000            1                   100000       
80                2.5        0.1                    1000            1                   100000       
81                2.5        0.1                    1000            1                   100000       
82                2.5        0.1                    1000            1                   100000       
83                2.5        0.1                    1000            1                   100000       
84                2.5        0.1                    1000            1                   100000       
85                2.5        0.1                    1000            1                   100000       
86                2.5        0.1                    1000            1                   100000       
87                2.5        0.1                    1000            1                   100000       
88                2.5        0.1                    1000            1                   100000       
89                2.5        0.1                    1000            1                   100000       
90                2.5        0.1                    1000            1                   100000       
91                2.5        0.1                    1000            1                   100000       
92                2.5        0.1                    1000            1                   100000       
93                2.5        0.1                    1000            1                   100000       
94                2.5        0.1                    1000            1                   100000       
95                2.5        0.1                    1000            1                   100000       
96                2.5        0.1                    1000            1                   100000       
97                2.5        0.1                    1000            1                   100000       
98                2.5        0.1                    1000            1                   100000       
99                2.5        0.1                    1000            1                   100000       
100               2.5        0.1                    1000            1                   100000       
101               2.5        0.1                    1000            1                   100000       
102               2.5        0.1                    1000            1                   100000       
103               2.5        0.1                    1000            1                   100000       
104               2.5        0.1                    1000            1                   100000       
105               2.5        0.1                    1000            1                   100000       
106               2.5        0.1                    1000            1                   100000       
107               2.5        0.1                    1000            1                   100000       
108               2.5        0.1                    1000            1                   100000       
109               2.5        0.1                    1000            1                   100000       
110               2.5        0.1                    1000            1                   100000       
111               2.5        0.1                    1000            1                   100000       
112               2.5        0.1                    1000            1                   100000       
113               2.5        0.1                    1000            1                   100000       
114               2.5        0.1                    1000            1                   100000       
115               2.5        0.1                    1000            1                   100000       
116               2.5        0.1                    1000            1                   100000       
117               2.5        0.1                    1000            1                   100000       
118               2.5        0.1                    1000            1                   100000       
119               2.5        0.1                    1000            1                   100000       
120               2.5        0.1                    1000            1                   100000       
121               2.5        0.1                    1000            1                   100000       
122               2.5        0.1                    1000            1                   100000       
123               2.5        0.1                    1000            1                   100000       
124               2.5        0.1                    1000            1                   100000       
125               2.5        0.1                    1000            1                   100000       
126               2.5        0.1                    1000            1                   100000       
127               2.5        0.1                    1000            1                   100000       
128               2.5        0.1                    1000            1                   100000       
129               2.5        0.1                    1000            1                   100000       
130               2.5        0.1                    1000            1                   100000       
131               2.5        0.1                    1000            1                   100000       
132               2.5        0.1                    1000            1                   100000       
133               2.5        0.1                    1000            1                   100000       
134               2.5        0.1                    1000            1                   100000       
135               2.5        0.1                    1000            1                   100000       
136               2.5        0.1                    1000            1                   100000       
137               2.5        0.1                    1000            1                   100000       
138               2.5        0.1                    1000            1                   100000       
139               2.5        0.1                    1000            1                   100000       
140               2.5        0.1                    1000            1                   100000       
141               2.5        0.1                    1000            1                   100000       
142               2.5        0.1                    1000            1                   100000       
143               2.5        0.1                    1000            1                   100000       
144               2.5        0.1                    1000            1                   100000       
145               2.5        0.1                    1000            1                   100000       
146               2.5        0.1                    1000            1                   100000       
147               2.5        0.1                    1000            1                   100000       
148               2.5        0.1                    1000            1                   100000       
149               2.5        0.1                    1000            1                   100000       
150               2.5        0.1                    1000            1                   100000       
151               2.5        0.1                    1000            1                   100000       
152               2.5        0.1                    1000            1                   100000       
153               2.5        0.1                    1000            1                   100000       
154               2.5        0.1                    1000            1                   100000       
155               2.5        0.1                    1000            1                   100000       
156               2.5        0.1                    1000            1                   100000       
157               2.5        0.1                    1000            1                   100000       
158               2.5        0.1                    1000            1                   100000       
159               2.5        0.1                    1000            1                   100000       
160               2.5        0.1                    1000            1                   100000       
161               2.5        0.1                    1000            1                   100000       
162               2.5        0.1                    1000            1                   100000       
163               2.5        0.1                    1000            1                   100000       
164               2.5        0.1                    1000            1                   100000       
165               2.5        0.1                    1000            1                   100000       
166               2.5        0.1                    1000            1                   100000       
167               2.5        0.1                    1000            1                   100000       
168               2.5        0.1                    1000            1                   100000       
169               2.5        0.1                    1000            1                   100000       
170               2.5        0.1                    1000            1                   100000       
171               2.5        0.1                    1000            1                   100000       
172               2.5        0.1                    1000            1                   100000       
173               2.5        0.1                    1000            1                   100000       
174               2.5        0.1                    1000            1                   100000       
175               2.5        0.1                    1000            1                   100000       
176               2.5        0.1                    1000            1                   100000       
177               2.5        0.1                    1000            1                   100000       
178               2.5        0.1                    1000            1                   100000       
179               2.5        0.1                    1000            1                   100000       
180               2.5        0.1                    1000            1                   100000       
181               2.5        0.1                    1000            1                   100000       
182               2.5        0.1                    1000            1                   100000       
183               2.5        0.1                    1000            1                   100000       
184               2.5        0.1                    1000            1                   100000       
185               2.5        0.1                    1000            1                   100000       
186               2.5        0.1                    1000            1                   100000       
187               2.5        0.1                    1000            1                   100000       
188               2.5        0.1                    1000            1                   100000       
189               2.5        0.1                    1000            1                   100000       
190               2.5        0.1                    1000            1                   100000       
191               2.5        0.1                    1000            1                   100000       
192               2.5        0.1                    1000            1                   100000       
193               2.5        0.1                    1000            1                   100000       
194               2.5        0.1                    1000            1                   100000       
