# SourcePhotonFlux	NumberRaysSurvived	PercentageRaysSurvived	PhotonFlux	Bandwidth	HorizontalFocusFWHM	VerticalFocusFWHM
nan	2.500000000000000000e+04	2.500000000000000000e+01	nan	2.497504461272548326e-02	2.791603897282779467e-02	2.585332817556968213e-02
nan	2.500000000000000000e+04	2.500000000000000000e+01	nan	3.745731432765175839e-02	2.288234132030112639e-02	2.145612999667307480e-02
nan	2.500000000000000000e+04	2.500000000000000000e+01	nan	4.993604784970706589e-02	2.013709065575659124e-02	1.935937464564923410e-02
nan	2.500000000000000000e+04	2.500000000000000000e+01	nan	6.242198053763381438e-02	1.910533193756241283e-02	1.608506376432228963e-02
nan	2.500000000000000000e+04	2.500000000000000000e+01	nan	7.492293836719809974e-02	1.804464636352798995e-02	1.531623545190778125e-02
nan	2.500000000000000000e+04	2.500000000000000000e+01	nan	8.718739895199689727e-02	1.667295376603810178e-02	1.435032139138925182e-02
nan	2.500000000000000000e+04	2.500000000000000000e+01	nan	9.908997807061226126e-02	1.589125248565299506e-02	1.365650408884208633e-02
nan	2.500000000000000000e+04	2.500000000000000000e+01	nan	1.123610446674305763e-01	1.526338602220944293e-02	1.249651283467455298e-02
nan	2.500000000000000000e+04	2.500000000000000000e+01	nan	1.248575776922891123e-01	1.512938981772063950e-02	1.216404616651112734e-02
nan	2.500000000000000000e+04	2.500000000000000000e+01	nan	1.365194564789575793e-01	1.481289147243291734e-02	1.097128387457031208e-02
nan	2.500000000000000000e+04	2.500000000000000000e+01	nan	1.498644810819982354e-01	1.408916772330578646e-02	1.149847011063737795e-02
nan	2.500000000000000000e+04	2.500000000000000000e+01	nan	1.621127437021030460e-01	1.405910464682931516e-02	1.066688267195885220e-02
nan	2.500000000000000000e+04	2.500000000000000000e+01	nan	1.747629353955133524e-01	1.331157099563322517e-02	9.891256035038705624e-03
nan	2.500000000000000000e+04	2.500000000000000000e+01	nan	1.870983390865603724e-01	1.341641040812769498e-02	9.791588910085569780e-03
nan	2.500000000000000000e+04	2.500000000000000000e+01	nan	1.996738938074287262e-01	1.270901678792821232e-02	9.222983128596574931e-03
nan	2.500000000000000000e+04	2.500000000000000000e+01	nan	2.119837718473149835e-01	1.360582425901559617e-02	9.537821008732027400e-03
nan	2.500000000000000000e+04	2.500000000000000000e+01	nan	2.248087417512252273e-01	1.257656797601726731e-02	8.550859768849304599e-03
nan	2.500000000000000000e+04	2.500000000000000000e+01	nan	2.368817019695441672e-01	1.221450695936616114e-02	9.090539745113257464e-03
nan	2.500000000000000000e+04	2.500000000000000000e+01	nan	2.298668066394828347e-01	1.222990736353066037e-02	8.144165291408184126e-03
nan	2.500000000000000000e+04	2.500000000000000000e+01	nan	2.620938112604420667e-01	1.242626270882032924e-02	8.214530015756182219e-03
nan	2.500000000000000000e+04	2.500000000000000000e+01	nan	2.748550604604389491e-01	1.194110660848185512e-02	8.091110672757896582e-03
nan	2.500000000000000000e+04	2.500000000000000000e+01	nan	2.870688189337045060e-01	1.200131214654502967e-02	7.802207324470853203e-03
nan	2.500000000000000000e+04	2.500000000000000000e+01	nan	2.987900693288452203e-01	1.189182946312462158e-02	7.470056984543976819e-03
nan	2.500000000000000000e+04	2.500000000000000000e+01	nan	3.114164203025495681e-01	1.263799488328356049e-02	7.471226603849643981e-03
nan	2.500000000000000000e+04	2.500000000000000000e+01	nan	3.245110646011966082e-01	1.183056573379554811e-02	7.117517180826221472e-03
nan	2.500000000000000000e+04	2.500000000000000000e+01	nan	3.372031286608176970e-01	1.223222801358383668e-02	7.334322274491061715e-03
nan	2.500000000000000000e+04	2.500000000000000000e+01	nan	3.496632642346924058e-01	1.118721228788859511e-02	6.785508430556623331e-03
nan	2.500000000000000000e+04	2.500000000000000000e+01	nan	3.615886116420483631e-01	1.162798070666397517e-02	7.331532229883380540e-03
nan	2.500000000000000000e+04	2.500000000000000000e+01	nan	3.746053437982084233e-01	1.182274930649571815e-02	6.948996852276366487e-03
nan	2.500000000000000000e+04	2.500000000000000000e+01	nan	3.866025427204959897e-01	1.122677054144984900e-02	6.950991399021511259e-03
nan	2.500000000000000000e+04	2.500000000000000000e+01	nan	3.994532442109317572e-01	1.205352636207882543e-02	6.463466238084580005e-03
nan	2.500000000000000000e+04	2.500000000000000000e+01	nan	3.791318113972579340e-01	1.111128812732919621e-02	6.511031365632836965e-03
nan	2.500000000000000000e+04	2.500000000000000000e+01	nan	4.245975988901591336e-01	1.117324286541717705e-02	6.617644924541361655e-03
nan	2.500000000000000000e+04	2.500000000000000000e+01	nan	4.357736080432772496e-01	1.133855848544344791e-02	6.413766050314630499e-03
nan	2.500000000000000000e+04	2.500000000000000000e+01	nan	4.494192101691680818e-01	1.186585224597542371e-02	6.214290337831682685e-03
nan	2.500000000000000000e+04	2.500000000000000000e+01	nan	4.611627236853905742e-01	1.131816555454773568e-02	6.336270804599950651e-03
nan	2.500000000000000000e+04	2.500000000000000000e+01	nan	4.747216570692529558e-01	1.066291945043937144e-02	6.221719015986171275e-03
nan	2.500000000000000000e+04	2.500000000000000000e+01	nan	4.865039691008945510e-01	1.058530141934893587e-02	6.271983466525262070e-03
nan	2.500000000000000000e+04	2.500000000000000000e+01	nan	4.994717943361166590e-01	1.109836940113277139e-02	5.931309082881011142e-03
nan	2.500000000000000000e+04	2.500000000000000000e+01	nan	2.496912885248292469e-02	2.733461816599484090e-02	2.631294035854576246e-02
nan	2.500000000000000000e+04	2.500000000000000000e+01	nan	3.746159666681592171e-02	2.500502222032889577e-02	2.130256084213869375e-02
nan	2.500000000000000000e+04	2.500000000000000000e+01	nan	4.968901003875814126e-02	2.184946560406620178e-02	1.866846938801484945e-02
nan	2.500000000000000000e+04	2.500000000000000000e+01	nan	6.238706992186138223e-02	2.033251066438072907e-02	1.559101288422124615e-02
nan	2.500000000000000000e+04	2.500000000000000000e+01	nan	7.488312180129241824e-02	1.735839077190432303e-02	1.551287202092836888e-02
nan	2.500000000000000000e+04	2.500000000000000000e+01	nan	8.743735290916632152e-02	1.748662398832961234e-02	1.394875013636602372e-02
nan	2.500000000000000000e+04	2.500000000000000000e+01	nan	9.989475809521763949e-02	1.580259270761686166e-02	1.252466361835290025e-02
nan	2.500000000000000000e+04	2.500000000000000000e+01	nan	1.121746739089850564e-01	1.569293663384484921e-02	1.231371158066310936e-02
nan	2.500000000000000000e+04	2.500000000000000000e+01	nan	1.249056100937302460e-01	1.465822655017891621e-02	1.221026594771267709e-02
nan	2.500000000000000000e+04	2.500000000000000000e+01	nan	1.374173553927704461e-01	1.418462994207369578e-02	1.137254115974029381e-02
nan	2.500000000000000000e+04	2.500000000000000000e+01	nan	1.498170638549467526e-01	1.425143758261518921e-02	1.028351764775163775e-02
nan	2.500000000000000000e+04	2.500000000000000000e+01	nan	1.622386683941527963e-01	1.432290341201158425e-02	1.025422044550979017e-02
nan	2.500000000000000000e+04	2.500000000000000000e+01	nan	1.608980502477372343e-01	1.349216413514380680e-02	1.002001097337697905e-02
nan	2.500000000000000000e+04	2.500000000000000000e+01	nan	1.873106042623859935e-01	1.381022396698514988e-02	9.600144464367212777e-03
nan	2.500000000000000000e+04	2.500000000000000000e+01	nan	1.996930134548335900e-01	1.264466694428788979e-02	9.185207664204960917e-03
nan	2.500000000000000000e+04	2.500000000000000000e+01	nan	1.952135049103577713e-01	1.304232214761303840e-02	9.675968883334749165e-03
nan	2.500000000000000000e+04	2.500000000000000000e+01	nan	2.245553761496594802e-01	1.300608026022867514e-02	8.621843828564044326e-03
nan	2.500000000000000000e+04	2.500000000000000000e+01	nan	2.370619521812429298e-01	1.275321042857043528e-02	8.449594721094634900e-03
nan	2.500000000000000000e+04	2.500000000000000000e+01	nan	2.495382816765783218e-01	1.258247262910628002e-02	8.626909614050572855e-03
nan	2.500000000000000000e+04	2.500000000000000000e+01	nan	2.622058533436302241e-01	1.240230997810380827e-02	8.578803616524993680e-03
nan	2.500000000000000000e+04	2.500000000000000000e+01	nan	2.747275667805837429e-01	1.241366973732091136e-02	7.856875858170677893e-03
nan	2.500000000000000000e+04	2.500000000000000000e+01	nan	2.872204817497134854e-01	1.200739981474533563e-02	7.991942670312899080e-03
nan	2.500000000000000000e+04	2.500000000000000000e+01	nan	2.996103894641919396e-01	1.131161935871470570e-02	7.872734385299780951e-03
nan	2.500000000000000000e+04	2.500000000000000000e+01	nan	3.122655984912796612e-01	1.191232371071598156e-02	7.660753026437972651e-03
nan	2.500000000000000000e+04	2.500000000000000000e+01	nan	3.237978669243233298e-01	1.151085501971847204e-02	7.384970976437325342e-03
nan	2.500000000000000000e+04	2.500000000000000000e+01	nan	3.366654913124591531e-01	1.263135903904921177e-02	7.569073680169144044e-03
nan	2.500000000000000000e+04	2.500000000000000000e+01	nan	3.479305641084096123e-01	1.174146280485051375e-02	7.305977557796515531e-03
nan	2.500000000000000000e+04	2.500000000000000000e+01	nan	3.620741680366279525e-01	1.188790233014986979e-02	7.254035613213436449e-03
nan	2.500000000000000000e+04	2.500000000000000000e+01	nan	3.742649280385563770e-01	1.154404924212430218e-02	6.704287278136379126e-03
nan	2.500000000000000000e+04	2.500000000000000000e+01	nan	3.870516233709793141e-01	1.107870724786933110e-02	6.694825107039403984e-03
nan	2.500000000000000000e+04	2.500000000000000000e+01	nan	3.994865254038586500e-01	1.170320309046873550e-02	6.848448413391425293e-03
nan	2.500000000000000000e+04	2.500000000000000000e+01	nan	4.114388610594659212e-01	1.138590219425110114e-02	6.328688058918714374e-03
nan	2.500000000000000000e+04	2.500000000000000000e+01	nan	4.243000757887358532e-01	1.197520127476109537e-02	6.614608446449532844e-03
nan	2.500000000000000000e+04	2.500000000000000000e+01	nan	4.369090599543596909e-01	1.091255140185572181e-02	6.469633101952469711e-03
nan	2.500000000000000000e+04	2.500000000000000000e+01	nan	4.495067899671738587e-01	1.090702252857670383e-02	6.201466856592120248e-03
nan	2.500000000000000000e+04	2.500000000000000000e+01	nan	4.617447605370159636e-01	1.074598609071959927e-02	6.646169230724620347e-03
nan	2.500000000000000000e+04	2.500000000000000000e+01	nan	4.741824339031666113e-01	1.132320805236394778e-02	5.882783005545707058e-03
nan	2.500000000000000000e+04	2.500000000000000000e+01	nan	4.870838329752160689e-01	1.091886836465210536e-02	5.982928982439919552e-03
nan	2.500000000000000000e+04	2.500000000000000000e+01	nan	4.994132459563189741e-01	1.057761448862596515e-02	6.199677716129390823e-03
nan	2.500000000000000000e+04	2.500000000000000000e+01	nan	2.497830228194253266e-02	2.824581906788341951e-02	2.704058812346162716e-02
nan	2.500000000000000000e+04	2.500000000000000000e+01	nan	3.747138547108797013e-02	2.438492105687772166e-02	2.158461530375738527e-02
nan	2.500000000000000000e+04	2.500000000000000000e+01	nan	4.933974570605670351e-02	2.084156392906313590e-02	1.889034078412277912e-02
nan	2.500000000000000000e+04	2.500000000000000000e+01	nan	6.242868891266972753e-02	1.784288992075241248e-02	1.688945290429379881e-02
nan	2.500000000000000000e+04	2.500000000000000000e+01	nan	7.490049433158674219e-02	1.747441569109535464e-02	1.544688410311077439e-02
nan	2.500000000000000000e+04	2.500000000000000000e+01	nan	8.742976404222346787e-02	1.707818753267380946e-02	1.483383738375172560e-02
nan	2.500000000000000000e+04	2.500000000000000000e+01	nan	9.986764309265439010e-02	1.539019779229865506e-02	1.267997623837953738e-02
nan	2.500000000000000000e+04	2.500000000000000000e+01	nan	1.123189986793455830e-01	1.528738462513234975e-02	1.196502852949696619e-02
nan	2.500000000000000000e+04	2.500000000000000000e+01	nan	1.248767775474775021e-01	1.535315540894850381e-02	1.132683127701502798e-02
nan	2.500000000000000000e+04	2.500000000000000000e+01	nan	1.373856005196500973e-01	1.408425268087770688e-02	1.162277831318238308e-02
nan	2.500000000000000000e+04	2.500000000000000000e+01	nan	1.498368672200385276e-01	1.404555162137246203e-02	1.081656340098996992e-02
nan	2.500000000000000000e+04	2.500000000000000000e+01	nan	1.622919783819796180e-01	1.372114941346692929e-02	1.056278237461133300e-02
nan	2.500000000000000000e+04	2.500000000000000000e+01	nan	1.730018858346937805e-01	1.402425332593558449e-02	9.672413192353422617e-03
nan	2.500000000000000000e+04	2.500000000000000000e+01	nan	1.872216892584148695e-01	1.361642939027775737e-02	9.367874763770950991e-03
nan	2.500000000000000000e+04	2.500000000000000000e+01	nan	1.993334476518171527e-01	1.346420931720964526e-02	9.056887586717417282e-03
nan	2.500000000000000000e+04	2.500000000000000000e+01	nan	2.123451104808182777e-01	1.284173825148914039e-02	8.692499703967451405e-03
nan	2.500000000000000000e+04	2.500000000000000000e+01	nan	2.231634192026277219e-01	1.270008429767894437e-02	8.410063780988810689e-03
nan	2.500000000000000000e+04	2.500000000000000000e+01	nan	2.372487368938394070e-01	1.358262525197406756e-02	8.935189256886657411e-03
nan	2.500000000000000000e+04	2.500000000000000000e+01	nan	2.496121609322869972e-01	1.242867710524901692e-02	8.763579659456954829e-03
nan	2.500000000000000000e+04	2.500000000000000000e+01	nan	2.620129547476182097e-01	1.221537745037020589e-02	7.940925659480908838e-03
nan	2.500000000000000000e+04	2.500000000000000000e+01	nan	2.741923781464379317e-01	1.212405196867246716e-02	8.501469272264309401e-03
nan	2.500000000000000000e+04	2.500000000000000000e+01	nan	2.873245989976993542e-01	1.257907536570476020e-02	7.676316774262884578e-03
nan	2.500000000000000000e+04	2.500000000000000000e+01	nan	2.995018055947440416e-01	1.168660135747737021e-02	7.420192329999256153e-03
nan	2.500000000000000000e+04	2.500000000000000000e+01	nan	3.122239473374435192e-01	1.232837267009024435e-02	7.755806539261295846e-03
nan	2.500000000000000000e+04	2.500000000000000000e+01	nan	3.240550951065870322e-01	1.182167616904048271e-02	7.779258082371386454e-03
nan	2.500000000000000000e+04	2.500000000000000000e+01	nan	3.367821317712440532e-01	1.177633473925442618e-02	7.350079229507606310e-03
nan	2.500000000000000000e+04	2.500000000000000000e+01	nan	3.496204474984239141e-01	1.200650870431508796e-02	7.379046168132681605e-03
nan	2.500000000000000000e+04	2.500000000000000000e+01	nan	3.621393944352888639e-01	1.115602310888382485e-02	6.824775073628055848e-03
nan	2.500000000000000000e+04	2.500000000000000000e+01	nan	3.744068314980779633e-01	1.155515349615499933e-02	6.794057478461481420e-03
nan	2.500000000000000000e+04	2.500000000000000000e+01	nan	3.844118302637582474e-01	1.141435679815219241e-02	6.761119431369593154e-03
nan	2.500000000000000000e+04	2.500000000000000000e+01	nan	3.995150391555455371e-01	1.116573255161438551e-02	6.991478752668184478e-03
nan	2.500000000000000000e+04	2.500000000000000000e+01	nan	4.119361424229452950e-01	1.182077436290064273e-02	6.524773460866998415e-03
nan	2.500000000000000000e+04	2.500000000000000000e+01	nan	4.226187052963865654e-01	1.142664909022634949e-02	6.294888473892442000e-03
nan	2.500000000000000000e+04	2.500000000000000000e+01	nan	4.345145178440787959e-01	1.161516382250779404e-02	6.215392042782582303e-03
nan	2.500000000000000000e+04	2.500000000000000000e+01	nan	4.494449007343206404e-01	1.117638159130417141e-02	6.215843404452615906e-03
nan	2.500000000000000000e+04	2.500000000000000000e+01	nan	4.611808299069366512e-01	1.137790989811985481e-02	6.063585148463419318e-03
nan	2.500000000000000000e+04	2.500000000000000000e+01	nan	4.743300223192221665e-01	1.058609313667670596e-02	6.379682154233097015e-03
nan	2.500000000000000000e+04	2.500000000000000000e+01	nan	4.870694796865393528e-01	1.074191872916670579e-02	5.770872220315896410e-03
nan	2.500000000000000000e+04	2.500000000000000000e+01	nan	4.994945160371599968e-01	1.092592560924299933e-02	5.961298067451317392e-03
nan	2.500000000000000000e+04	2.500000000000000000e+01	nan	2.493042288186675393e-02	2.674893095990805297e-02	2.543412909558505006e-02
nan	2.500000000000000000e+04	2.500000000000000000e+01	nan	3.745889493593246300e-02	2.380677699268446065e-02	2.026062752278181417e-02
nan	2.500000000000000000e+04	2.500000000000000000e+01	nan	4.979977669836088694e-02	2.145708749747072749e-02	1.840414128791983961e-02
nan	2.500000000000000000e+04	2.500000000000000000e+01	nan	6.243138101648249005e-02	1.983405373601343155e-02	1.598154804961922013e-02
nan	2.500000000000000000e+04	2.500000000000000000e+01	nan	7.488763978631496343e-02	1.864111486597452155e-02	1.502225746873613391e-02
nan	2.500000000000000000e+04	2.500000000000000000e+01	nan	8.737965756321131039e-02	1.679136298461166021e-02	1.438107029811178626e-02
nan	2.500000000000000000e+04	2.500000000000000000e+01	nan	9.983139689338571543e-02	1.701687525322960123e-02	1.341166171281281232e-02
nan	2.500000000000000000e+04	2.500000000000000000e+01	nan	1.113706826150426821e-01	1.508891109130890834e-02	1.298486117745838511e-02
nan	2.500000000000000000e+04	2.500000000000000000e+01	nan	1.248415162652420918e-01	1.482994880260742575e-02	1.128377788294796652e-02
nan	2.500000000000000000e+04	2.500000000000000000e+01	nan	1.367108432028771858e-01	1.430146942438455422e-02	1.076039020947096130e-02
nan	2.500000000000000000e+04	2.500000000000000000e+01	nan	1.497811269241111631e-01	1.435318721850420767e-02	1.008131778435249204e-02
nan	2.500000000000000000e+04	2.500000000000000000e+01	nan	1.622063116363179347e-01	1.380023830794176176e-02	9.977331945863629481e-03
nan	2.500000000000000000e+04	2.500000000000000000e+01	nan	1.748748620210776039e-01	1.342529548287157287e-02	1.003911181658884329e-02
nan	2.500000000000000000e+04	2.500000000000000000e+01	nan	1.872151698680681875e-01	1.322630129822499612e-02	9.686535485228270348e-03
nan	2.500000000000000000e+04	2.500000000000000000e+01	nan	1.997113755929262879e-01	1.353541809382607930e-02	9.302341230573019440e-03
nan	2.500000000000000000e+04	2.500000000000000000e+01	nan	2.110977509145470776e-01	1.265753141873623977e-02	8.666622722470538817e-03
nan	2.500000000000000000e+04	2.500000000000000000e+01	nan	2.239644347078808551e-01	1.255734724861020703e-02	8.825454467421041047e-03
nan	2.500000000000000000e+04	2.500000000000000000e+01	nan	2.368795625513087089e-01	1.298402582887936939e-02	8.475743589532954564e-03
nan	2.500000000000000000e+04	2.500000000000000000e+01	nan	2.492931737077199728e-01	1.238775923182636705e-02	8.745298649749887882e-03
nan	2.500000000000000000e+04	2.500000000000000000e+01	nan	2.619656295852479388e-01	1.163496731154028789e-02	8.317856997143024608e-03
nan	2.500000000000000000e+04	2.500000000000000000e+01	nan	2.746212572733099933e-01	1.264765384079857835e-02	8.111582700681503263e-03
nan	2.500000000000000000e+04	2.500000000000000000e+01	nan	2.867358255485470409e-01	1.244956358067646207e-02	7.663086309517409475e-03
nan	2.500000000000000000e+04	2.500000000000000000e+01	nan	2.996223252730487729e-01	1.258229925938182669e-02	7.473485535650170250e-03
nan	2.500000000000000000e+04	2.500000000000000000e+01	nan	3.121656958510357072e-01	1.227406960208839506e-02	7.209024693459305244e-03
nan	2.500000000000000000e+04	2.500000000000000000e+01	nan	3.246441745927342026e-01	1.175817167041182110e-02	7.228465934476325204e-03
nan	2.500000000000000000e+04	2.500000000000000000e+01	nan	3.100728943943988902e-01	1.213290985449507614e-02	6.902947522431287022e-03
nan	2.500000000000000000e+04	2.500000000000000000e+01	nan	3.492402234432034902e-01	1.201031746679203510e-02	7.144147482864139295e-03
nan	2.500000000000000000e+04	2.500000000000000000e+01	nan	3.618477964273125735e-01	1.159980136641644566e-02	7.178357546280154586e-03
nan	2.500000000000000000e+04	2.500000000000000000e+01	nan	3.744461186533243335e-01	1.147698942847390734e-02	7.009452601591637834e-03
nan	2.500000000000000000e+04	2.500000000000000000e+01	nan	3.871689522638348535e-01	1.139293244632028079e-02	6.914345008896814401e-03
nan	2.500000000000000000e+04	2.500000000000000000e+01	nan	3.995699108201904437e-01	1.133619972814972274e-02	7.071326278593242400e-03
nan	2.500000000000000000e+04	2.500000000000000000e+01	nan	4.091506804356868088e-01	1.161512151272034096e-02	6.545868232308208086e-03
nan	2.500000000000000000e+04	2.500000000000000000e+01	nan	4.241724871281178366e-01	1.132547649673577850e-02	6.312873867062776707e-03
nan	2.500000000000000000e+04	2.500000000000000000e+01	nan	4.368042062792625302e-01	1.121549123780145318e-02	6.484631784091376278e-03
nan	2.500000000000000000e+04	2.500000000000000000e+01	nan	4.491075809421261056e-01	1.137661049308585220e-02	6.409257426891200142e-03
nan	2.500000000000000000e+04	2.500000000000000000e+01	nan	4.622451795769251248e-01	1.199682333957425434e-02	6.470187146625851725e-03
nan	2.500000000000000000e+04	2.500000000000000000e+01	nan	4.743372843222601887e-01	1.121690849599507947e-02	6.335103846315706666e-03
nan	2.500000000000000000e+04	2.500000000000000000e+01	nan	4.871856959111653396e-01	1.102671973910049862e-02	6.184659960986872013e-03
nan	2.500000000000000000e+04	2.500000000000000000e+01	nan	4.991342963435414504e-01	1.071444144824301031e-02	6.137473037490792649e-03
nan	2.500000000000000000e+04	2.500000000000000000e+01	nan	2.489855520484685059e-02	2.666942838876738137e-02	2.768902008706728909e-02
nan	2.500000000000000000e+04	2.500000000000000000e+01	nan	3.746504337839162702e-02	2.311254531989328370e-02	2.117858973158730923e-02
nan	2.500000000000000000e+04	2.500000000000000000e+01	nan	4.996680112411411301e-02	2.047033342089400743e-02	1.895404823103797112e-02
nan	2.500000000000000000e+04	2.500000000000000000e+01	nan	6.235930177972370814e-02	1.908998975203424903e-02	1.658550908744995528e-02
nan	2.500000000000000000e+04	2.500000000000000000e+01	nan	7.489932077044159087e-02	1.770785757891271336e-02	1.492006879386522170e-02
nan	2.500000000000000000e+04	2.500000000000000000e+01	nan	8.047072280693712276e-02	1.606168023021203178e-02	1.457599797745843390e-02
nan	2.500000000000000000e+04	2.500000000000000000e+01	nan	9.988242098569699579e-02	1.619863512082111642e-02	1.288466519110226423e-02
nan	2.500000000000000000e+04	2.500000000000000000e+01	nan	1.124361245657894415e-01	1.617186043043258858e-02	1.254026585393549012e-02
nan	2.500000000000000000e+04	2.500000000000000000e+01	nan	1.249084181584017017e-01	1.413243573240358097e-02	1.152666814190431328e-02
nan	2.500000000000000000e+04	2.500000000000000000e+01	nan	1.372523499143909476e-01	1.411022156131950742e-02	1.112118762150459891e-02
nan	2.500000000000000000e+04	2.500000000000000000e+01	nan	1.482485278897414105e-01	1.407133089178409964e-02	1.041616372737093864e-02
nan	2.500000000000000000e+04	2.500000000000000000e+01	nan	1.623554786787266835e-01	1.364562200278497152e-02	1.016844990080778728e-02
nan	2.500000000000000000e+04	2.500000000000000000e+01	nan	1.745534847396115197e-01	1.350683957291000034e-02	1.019601195447058031e-02
nan	2.500000000000000000e+04	2.500000000000000000e+01	nan	1.872243931349899526e-01	1.401606785293459286e-02	9.442275287659160354e-03
nan	2.500000000000000000e+04	2.500000000000000000e+01	nan	1.994722647987003938e-01	1.286578963736947911e-02	9.147237470774177356e-03
nan	2.500000000000000000e+04	2.500000000000000000e+01	nan	2.123247785269626320e-01	1.319993453507762454e-02	9.092497553713902586e-03
nan	2.500000000000000000e+04	2.500000000000000000e+01	nan	2.247635937965100084e-01	1.262991923360091799e-02	8.855627222266850354e-03
nan	2.500000000000000000e+04	2.500000000000000000e+01	nan	2.371477268919548465e-01	1.243114160565688894e-02	9.131828935007590270e-03
nan	2.500000000000000000e+04	2.500000000000000000e+01	nan	2.496367289905663256e-01	1.309028317473303824e-02	8.410113619752457997e-03
nan	2.500000000000000000e+04	2.500000000000000000e+01	nan	2.622904555648233327e-01	1.194117992907673537e-02	7.927604223167159653e-03
nan	2.500000000000000000e+04	2.500000000000000000e+01	nan	2.743660711787327955e-01	1.174673619254475859e-02	8.224159649750980433e-03
nan	2.500000000000000000e+04	2.500000000000000000e+01	nan	2.868066432141063160e-01	1.203350498988267625e-02	7.811517725337212628e-03
nan	2.500000000000000000e+04	2.500000000000000000e+01	nan	2.996510263113805195e-01	1.250076452778735303e-02	7.515087256362376796e-03
nan	2.500000000000000000e+04	2.500000000000000000e+01	nan	3.120280587123147598e-01	1.177521592908074149e-02	7.602614820916754439e-03
nan	2.500000000000000000e+04	2.500000000000000000e+01	nan	3.247533912377349452e-01	1.244673973174014250e-02	7.306463644364610301e-03
nan	2.500000000000000000e+04	2.500000000000000000e+01	nan	3.368150799971090237e-01	1.216856174393346826e-02	7.388965853928981288e-03
nan	2.500000000000000000e+04	2.500000000000000000e+01	nan	3.496782310953534534e-01	1.147541949654674008e-02	7.179366320835199079e-03
nan	2.500000000000000000e+04	2.500000000000000000e+01	nan	3.621855843541084141e-01	1.163597728286840452e-02	7.162598996497519105e-03
nan	2.500000000000000000e+04	2.500000000000000000e+01	nan	3.742898626803281559e-01	1.171626277516692703e-02	6.469983144977904145e-03
nan	2.500000000000000000e+04	2.500000000000000000e+01	nan	3.870875270312694738e-01	1.182772100913949583e-02	6.586862163853079294e-03
nan	2.500000000000000000e+04	2.500000000000000000e+01	nan	3.994220419829588309e-01	1.127921188305169332e-02	6.833989522425600559e-03
nan	2.500000000000000000e+04	2.500000000000000000e+01	nan	3.791462227498260118e-01	1.176072242749195799e-02	6.431755336268531187e-03
nan	2.500000000000000000e+04	2.500000000000000000e+01	nan	3.909100796358206953e-01	1.163043541834913631e-02	6.346267865941447074e-03
nan	2.500000000000000000e+04	2.500000000000000000e+01	nan	4.370618813309334882e-01	1.084797938320072007e-02	6.425692438504533241e-03
nan	2.500000000000000000e+04	2.500000000000000000e+01	nan	4.496396913262685757e-01	1.108109527820343512e-02	5.939079723652873621e-03
nan	2.500000000000000000e+04	2.500000000000000000e+01	nan	4.619235119083668906e-01	1.113149322544490505e-02	5.945042590478266317e-03
nan	2.500000000000000000e+04	2.500000000000000000e+01	nan	4.745901348345000770e-01	1.084616733483909773e-02	6.478157487795907846e-03
nan	2.500000000000000000e+04	2.500000000000000000e+01	nan	4.866258589964616021e-01	1.122981495039402505e-02	6.177608449411095375e-03
nan	2.500000000000000000e+04	2.500000000000000000e+01	nan	4.993146202082243690e-01	1.048510067614758651e-02	5.761007314444226146e-03
