# SourcePhotonFlux	NumberRaysSurvived	PercentageRaysSurvived	PhotonFlux	Bandwidth	HorizontalFocusFWHM	VerticalFocusFWHM
nan	1.000000000000000000e+05	1.000000000000000000e+02	nan	9.980009006594769971e-02	1.107555408181324363e-01	1.040870799230686761e-01
nan	1.000000000000000000e+05	1.000000000000000000e+02	nan	1.498721578725366044e-01	8.636789641841594034e-02	9.046228625263130763e-02
nan	1.000000000000000000e+05	1.000000000000000000e+02	nan	1.996963102821425196e-01	7.696287635916868042e-02	7.607952295799057241e-02
nan	1.000000000000000000e+05	1.000000000000000000e+02	nan	2.497592699686705942e-01	7.212044807514532418e-02	6.798968515104009125e-02
nan	1.000000000000000000e+05	1.000000000000000000e+02	nan	2.987870094481905880e-01	6.730723183198417114e-02	6.431027928814506134e-02
nan	1.000000000000000000e+05	1.000000000000000000e+02	nan	3.485083342675210361e-01	6.100678755549925059e-02	6.170842547422593360e-02
nan	1.000000000000000000e+05	1.000000000000000000e+02	nan	3.991602494923256472e-01	6.208807530406292713e-02	5.600384065156539803e-02
nan	1.000000000000000000e+05	1.000000000000000000e+02	nan	4.496922639405482869e-01	5.975827022828039681e-02	5.615364562741363003e-02
nan	1.000000000000000000e+05	1.000000000000000000e+02	nan	4.988422356920381162e-01	5.380294756545670604e-02	5.305327756327764960e-02
nan	1.000000000000000000e+05	1.000000000000000000e+02	nan	5.494445449456293318e-01	5.379197513542322701e-02	5.048878682863978951e-02
nan	1.000000000000000000e+05	1.000000000000000000e+02	nan	5.990672745961376222e-01	5.249896923487287759e-02	5.157733298340454187e-02
nan	1.000000000000000000e+05	1.000000000000000000e+02	nan	6.490061467141288176e-01	4.822978328172856238e-02	4.859946800858750554e-02
nan	1.000000000000000000e+05	1.000000000000000000e+02	nan	6.978126478533681620e-01	4.685026991357952447e-02	4.457434164623904488e-02
nan	1.000000000000000000e+05	1.000000000000000000e+02	nan	7.493532471352750690e-01	4.607135339764049931e-02	4.370751308128963120e-02
nan	1.000000000000000000e+05	1.000000000000000000e+02	nan	7.980993569975680657e-01	4.473797023824993557e-02	4.332764203589564017e-02
nan	1.000000000000000000e+05	1.000000000000000000e+02	nan	7.758000288726607518e-01	4.405609292873973598e-02	4.448049817898138553e-02
nan	1.000000000000000000e+05	1.000000000000000000e+02	nan	8.990942963527572829e-01	4.474940658215988826e-02	4.465707129763284156e-02
nan	1.000000000000000000e+05	1.000000000000000000e+02	nan	9.491395559723798669e-01	4.210930088330294696e-02	4.403092656997117244e-02
nan	1.000000000000000000e+05	1.000000000000000000e+02	nan	9.980016155050748239e-01	4.119014551738400115e-02	4.281343664178310221e-02
nan	1.000000000000000000e+05	1.000000000000000000e+02	nan	1.037997990367216516e+00	4.196938610214054344e-02	3.967194003713900297e-02
nan	1.000000000000000000e+05	1.000000000000000000e+02	nan	1.096416632044224571e+00	3.982327263385215116e-02	4.108201581297458993e-02
nan	1.000000000000000000e+05	1.000000000000000000e+02	nan	1.148169747934616680e+00	4.105885198672290515e-02	4.183148047763331212e-02
nan	1.000000000000000000e+05	1.000000000000000000e+02	nan	1.185840426461254538e+00	3.840364896042464810e-02	4.012151167588222378e-02
nan	1.000000000000000000e+05	1.000000000000000000e+02	nan	1.149066330860748719e+00	3.963724337600765812e-02	3.932062822974846661e-02
nan	1.000000000000000000e+05	1.000000000000000000e+02	nan	1.297411102701175878e+00	3.763718548768388988e-02	3.778240032014681254e-02
nan	1.000000000000000000e+05	1.000000000000000000e+02	nan	1.347403756078961123e+00	3.906919085940877695e-02	3.836661115730335969e-02
nan	1.000000000000000000e+05	1.000000000000000000e+02	nan	1.398454567237877200e+00	3.750057002634721304e-02	3.721397619021002412e-02
nan	1.000000000000000000e+05	1.000000000000000000e+02	nan	1.442667716235519038e+00	3.622386312129137476e-02	3.639322168399006241e-02
nan	1.000000000000000000e+05	1.000000000000000000e+02	nan	1.494607366027707940e+00	3.676134148226996301e-02	3.928451586206704871e-02
nan	1.000000000000000000e+05	1.000000000000000000e+02	nan	1.544007061128070291e+00	3.746951934732623002e-02	3.663200177972092408e-02
nan	1.000000000000000000e+05	1.000000000000000000e+02	nan	1.597508497543174144e+00	3.720628157572033329e-02	3.475500352652163838e-02
nan	1.000000000000000000e+05	1.000000000000000000e+02	nan	1.636119295429352860e+00	3.533195846633680609e-02	3.807977061286282883e-02
nan	1.000000000000000000e+05	1.000000000000000000e+02	nan	1.691436999119162010e+00	3.727829415045179340e-02	3.824466190755259482e-02
nan	1.000000000000000000e+05	1.000000000000000000e+02	nan	1.742849392136463393e+00	3.528306966701551944e-02	3.650703316149239708e-02
nan	1.000000000000000000e+05	1.000000000000000000e+02	nan	1.796557763720045386e+00	3.611329140059043458e-02	3.555444877451433006e-02
nan	1.000000000000000000e+05	1.000000000000000000e+02	nan	1.846227761794182243e+00	3.543394889897537314e-02	3.470486730481457671e-02
nan	1.000000000000000000e+05	1.000000000000000000e+02	nan	1.897769797364503574e+00	3.686234290879544795e-02	3.266814621080817160e-02
nan	1.000000000000000000e+05	1.000000000000000000e+02	nan	1.946702946300490567e+00	3.736467610156249397e-02	3.515317745589077725e-02
nan	1.000000000000000000e+05	1.000000000000000000e+02	nan	1.827328034611942709e+00	3.334536135308052013e-02	3.423578109472007192e-02
nan	1.000000000000000000e+05	1.000000000000000000e+02	nan	9.989143061577721028e-02	1.092124278364347556e-01	1.050675170974123135e-01
nan	1.000000000000000000e+05	1.000000000000000000e+02	nan	1.497971686551551329e-01	9.037642599234019247e-02	8.874503629159009865e-02
nan	1.000000000000000000e+05	1.000000000000000000e+02	nan	1.982068968633896588e-01	8.055605197629998881e-02	7.532908032966265099e-02
nan	1.000000000000000000e+05	1.000000000000000000e+02	nan	2.473195241098835595e-01	7.085956037276171238e-02	7.032482262332197254e-02
nan	1.000000000000000000e+05	1.000000000000000000e+02	nan	2.988167573123803322e-01	6.758590370253016177e-02	6.559513795278171244e-02
nan	1.000000000000000000e+05	1.000000000000000000e+02	nan	3.495149741007708144e-01	5.974650489691971100e-02	6.089650502632748541e-02
nan	1.000000000000000000e+05	1.000000000000000000e+02	nan	3.982200949896679276e-01	5.626489042335548058e-02	5.490893518880274327e-02
nan	1.000000000000000000e+05	1.000000000000000000e+02	nan	4.479437460937134574e-01	5.548977886912849489e-02	5.516863303297478427e-02
nan	1.000000000000000000e+05	1.000000000000000000e+02	nan	4.991474844234460306e-01	5.408608274527520327e-02	5.212610930276548316e-02
nan	1.000000000000000000e+05	1.000000000000000000e+02	nan	5.489195303991607489e-01	5.121470790829660280e-02	5.215167153381030513e-02
nan	1.000000000000000000e+05	1.000000000000000000e+02	nan	5.990043080333293801e-01	4.977085154515992899e-02	4.875219387801729698e-02
nan	1.000000000000000000e+05	1.000000000000000000e+02	nan	6.493503054543339204e-01	4.748948246788586153e-02	4.603939254626143035e-02
nan	1.000000000000000000e+05	1.000000000000000000e+02	nan	6.994176224245336471e-01	4.521565871850840440e-02	4.640629748570573865e-02
nan	1.000000000000000000e+05	1.000000000000000000e+02	nan	7.487780285377709788e-01	4.483311614923372879e-02	4.769434491905716333e-02
nan	1.000000000000000000e+05	1.000000000000000000e+02	nan	7.995232144205601799e-01	4.259103065927512949e-02	4.313292706178258745e-02
nan	1.000000000000000000e+05	1.000000000000000000e+02	nan	8.484272176001752541e-01	4.292868370860859761e-02	4.528351431656206516e-02
nan	1.000000000000000000e+05	1.000000000000000000e+02	nan	8.992085081077902942e-01	4.387354735312938570e-02	4.265009718055087773e-02
nan	1.000000000000000000e+05	1.000000000000000000e+02	nan	9.492604664370674072e-01	4.506855203666641774e-02	4.340979043718630470e-02
nan	1.000000000000000000e+05	1.000000000000000000e+02	nan	9.992609159587289014e-01	4.087515214795877511e-02	4.246076078508741192e-02
nan	1.000000000000000000e+05	1.000000000000000000e+02	nan	1.048178024313415335e+00	4.183256244245932981e-02	4.054158230441438915e-02
nan	1.000000000000000000e+05	1.000000000000000000e+02	nan	1.097639112689535068e+00	4.004002933427384947e-02	4.313191965630112923e-02
nan	1.000000000000000000e+05	1.000000000000000000e+02	nan	1.148422119629174176e+00	4.116790775238697575e-02	4.132204234738851012e-02
nan	1.000000000000000000e+05	1.000000000000000000e+02	nan	1.194103960806103260e+00	3.901073553331244753e-02	4.060901898468521898e-02
nan	1.000000000000000000e+05	1.000000000000000000e+02	nan	1.246842862383573447e+00	3.835829202728448240e-02	3.979719642179266326e-02
nan	1.000000000000000000e+05	1.000000000000000000e+02	nan	1.298490043750007317e+00	3.666741499553211742e-02	3.938105345538275848e-02
nan	1.000000000000000000e+05	1.000000000000000000e+02	nan	1.347347199316459410e+00	3.761326263632305822e-02	3.806981040909645370e-02
nan	1.000000000000000000e+05	1.000000000000000000e+02	nan	1.396172081898669148e+00	3.788085612025131332e-02	3.874467829666857627e-02
nan	1.000000000000000000e+05	1.000000000000000000e+02	nan	1.447393433096749504e+00	3.735842226809850397e-02	3.812424865598961626e-02
nan	1.000000000000000000e+05	1.000000000000000000e+02	nan	1.497159806919057701e+00	3.722699844645115108e-02	3.816908119758598977e-02
nan	1.000000000000000000e+05	1.000000000000000000e+02	nan	1.544233545101349137e+00	3.617060589551222838e-02	3.821492729271899064e-02
nan	1.000000000000000000e+05	1.000000000000000000e+02	nan	1.596678688620727371e+00	3.609730313547480224e-02	3.720769407929618022e-02
nan	1.000000000000000000e+05	1.000000000000000000e+02	nan	1.648149087629178666e+00	3.715296276693368094e-02	3.832666145899786547e-02
nan	1.000000000000000000e+05	1.000000000000000000e+02	nan	1.696986491788777585e+00	3.659967903083783530e-02	3.798981686772702482e-02
nan	1.000000000000000000e+05	1.000000000000000000e+02	nan	1.745944239676248344e+00	3.698501053265361438e-02	3.526770591303604596e-02
nan	1.000000000000000000e+05	1.000000000000000000e+02	nan	1.798682465985905310e+00	3.594400723601141184e-02	3.439885802220831595e-02
nan	1.000000000000000000e+05	1.000000000000000000e+02	nan	1.848380803960537833e+00	3.671938098530263400e-02	3.468715587875992323e-02
nan	1.000000000000000000e+05	1.000000000000000000e+02	nan	1.897304494025888744e+00	3.516378890327951506e-02	3.464099328818415202e-02
nan	1.000000000000000000e+05	1.000000000000000000e+02	nan	1.947559662229082278e+00	3.568810104952414852e-02	3.399628884247947458e-02
nan	1.000000000000000000e+05	1.000000000000000000e+02	nan	1.997196467245544227e+00	3.533178519539167950e-02	3.388033645753800449e-02
nan	1.000000000000000000e+05	1.000000000000000000e+02	nan	9.188287936069804152e-02	1.077191395270296614e-01	1.033035233324735708e-01
nan	1.000000000000000000e+05	1.000000000000000000e+02	nan	1.498795418572029803e-01	8.919503539491614730e-02	9.159822935522193843e-02
nan	1.000000000000000000e+05	1.000000000000000000e+02	nan	1.994362164618053157e-01	8.104551440890105096e-02	8.057076891557679588e-02
nan	1.000000000000000000e+05	1.000000000000000000e+02	nan	2.495382203715266201e-01	6.964717083654582697e-02	6.963507395605006423e-02
nan	1.000000000000000000e+05	1.000000000000000000e+02	nan	2.990334037015855984e-01	6.614826296304737729e-02	6.498508112536303949e-02
nan	1.000000000000000000e+05	1.000000000000000000e+02	nan	3.497226530040933312e-01	6.139609337330906996e-02	5.767371588594781551e-02
nan	1.000000000000000000e+05	1.000000000000000000e+02	nan	3.992333831274663680e-01	5.828483055535328694e-02	5.815748908206028189e-02
nan	1.000000000000000000e+05	1.000000000000000000e+02	nan	4.477734026359598829e-01	5.527408789598156624e-02	5.348031283877502373e-02
nan	1.000000000000000000e+05	1.000000000000000000e+02	nan	4.992942940896085702e-01	5.525418208047740837e-02	5.123041982309224640e-02
nan	1.000000000000000000e+05	1.000000000000000000e+02	nan	5.484107711291699161e-01	5.220410704575004224e-02	4.897910179082380633e-02
nan	1.000000000000000000e+05	1.000000000000000000e+02	nan	5.990615990664025503e-01	5.083883227690712270e-02	4.722608511224656025e-02
nan	1.000000000000000000e+05	1.000000000000000000e+02	nan	6.492832969412347666e-01	4.860931517012903602e-02	4.719694518265560301e-02
nan	1.000000000000000000e+05	1.000000000000000000e+02	nan	6.979969261609824116e-01	4.576316628035614203e-02	4.486925693739227811e-02
nan	1.000000000000000000e+05	1.000000000000000000e+02	nan	7.491517565896970154e-01	4.507608553615799485e-02	4.778421972969429388e-02
nan	1.000000000000000000e+05	1.000000000000000000e+02	nan	7.973773985877130599e-01	4.557280633444457663e-02	4.463659798051061722e-02
nan	1.000000000000000000e+05	1.000000000000000000e+02	nan	8.475453626668354445e-01	4.527991153656905909e-02	4.553422881753674267e-02
nan	1.000000000000000000e+05	1.000000000000000000e+02	nan	8.902665120705819390e-01	4.324097895495844501e-02	4.275762843364026150e-02
nan	1.000000000000000000e+05	1.000000000000000000e+02	nan	7.968009026482422152e-01	4.442514756356348571e-02	4.171838276305984972e-02
nan	1.000000000000000000e+05	1.000000000000000000e+02	nan	9.988298017381964655e-01	4.339307042514731899e-02	4.269099522754046805e-02
nan	1.000000000000000000e+05	1.000000000000000000e+02	nan	1.046445407615067325e+00	4.239280524844091236e-02	4.203336795886293553e-02
nan	1.000000000000000000e+05	1.000000000000000000e+02	nan	1.097843477862738837e+00	4.244721254234056634e-02	4.132954298936305365e-02
nan	1.000000000000000000e+05	1.000000000000000000e+02	nan	1.148890244234337388e+00	3.939493001985946985e-02	3.735140810318429011e-02
nan	1.000000000000000000e+05	1.000000000000000000e+02	nan	1.198560007692776708e+00	4.003277676489203074e-02	3.904237086374649779e-02
nan	1.000000000000000000e+05	1.000000000000000000e+02	nan	1.248697509363978497e+00	3.842751264808694223e-02	3.965417971879765802e-02
nan	1.000000000000000000e+05	1.000000000000000000e+02	nan	1.299095265780010777e+00	3.735493121760917468e-02	3.733699301073582777e-02
nan	1.000000000000000000e+05	1.000000000000000000e+02	nan	1.341840009891313912e+00	3.739753528478864664e-02	3.760127922285810137e-02
nan	1.000000000000000000e+05	1.000000000000000000e+02	nan	1.396780538969210284e+00	3.687741194359734492e-02	3.892952858062739829e-02
nan	1.000000000000000000e+05	1.000000000000000000e+02	nan	1.448735198509950806e+00	3.764731527136574996e-02	3.682057753621322677e-02
nan	1.000000000000000000e+05	1.000000000000000000e+02	nan	1.488979729853213030e+00	3.642077481708566600e-02	3.643993110478197656e-02
nan	1.000000000000000000e+05	1.000000000000000000e+02	nan	1.547352978549156433e+00	3.667588879253018408e-02	3.436506264441285124e-02
nan	1.000000000000000000e+05	1.000000000000000000e+02	nan	1.592009356206972370e+00	3.692040870427728411e-02	3.678699757708134982e-02
nan	1.000000000000000000e+05	1.000000000000000000e+02	nan	1.648586046970535790e+00	3.506210917616214839e-02	3.784807183070866554e-02
nan	1.000000000000000000e+05	1.000000000000000000e+02	nan	1.698301447509948048e+00	3.534287321700467499e-02	3.610577565987617421e-02
nan	1.000000000000000000e+05	1.000000000000000000e+02	nan	1.608850294269225545e+00	3.603932921709172843e-02	3.629456611126429671e-02
nan	1.000000000000000000e+05	1.000000000000000000e+02	nan	1.797604471127499437e+00	3.382917104285644572e-02	3.386647726506111789e-02
nan	1.000000000000000000e+05	1.000000000000000000e+02	nan	1.846375425943165283e+00	3.701586940579806168e-02	3.363115014781314915e-02
nan	1.000000000000000000e+05	1.000000000000000000e+02	nan	1.896056137129505714e+00	3.487324338066297852e-02	3.335720250729343195e-02
nan	1.000000000000000000e+05	1.000000000000000000e+02	nan	1.945714541852339607e+00	3.516569390603925538e-02	3.609664910784242398e-02
nan	1.000000000000000000e+05	1.000000000000000000e+02	nan	1.998573350862500320e+00	3.403788980414645948e-02	3.386299106702574113e-02
nan	1.000000000000000000e+05	1.000000000000000000e+02	nan	9.991681451867506780e-02	1.096104679208060179e-01	1.068187761974113137e-01
nan	1.000000000000000000e+05	1.000000000000000000e+02	nan	1.496786576550306336e-01	8.532349951762617513e-02	9.131552821635166572e-02
nan	1.000000000000000000e+05	1.000000000000000000e+02	nan	1.997427593041223304e-01	7.529306274698716051e-02	7.712425676687348353e-02
nan	1.000000000000000000e+05	1.000000000000000000e+02	nan	2.495056618435853579e-01	6.927884815915501260e-02	7.276660248752661597e-02
nan	1.000000000000000000e+05	1.000000000000000000e+02	nan	2.995208827737201318e-01	6.556659123418412394e-02	6.572375833348184648e-02
nan	1.000000000000000000e+05	1.000000000000000000e+02	nan	3.497123205447110195e-01	6.348359217213178640e-02	5.898692896104359290e-02
nan	1.000000000000000000e+05	1.000000000000000000e+02	nan	3.992058455260405481e-01	6.187211296887792922e-02	5.844791447841803794e-02
nan	1.000000000000000000e+05	1.000000000000000000e+02	nan	4.496799800349862153e-01	5.352536762208720544e-02	5.457621047362869182e-02
nan	1.000000000000000000e+05	1.000000000000000000e+02	nan	4.969145500739813315e-01	5.191879149320369202e-02	5.123898946183674807e-02
nan	1.000000000000000000e+05	1.000000000000000000e+02	nan	5.496128616661053456e-01	5.295448124022340830e-02	4.944264928229602507e-02
nan	1.000000000000000000e+05	1.000000000000000000e+02	nan	5.990995323283527796e-01	4.929052939594082139e-02	4.752184747997247050e-02
nan	1.000000000000000000e+05	1.000000000000000000e+02	nan	6.495952805940419239e-01	4.897154397968529749e-02	4.742005544619874724e-02
nan	1.000000000000000000e+05	1.000000000000000000e+02	nan	6.981459330241079897e-01	4.691968867016207967e-02	4.833321324195458818e-02
nan	1.000000000000000000e+05	1.000000000000000000e+02	nan	7.480707859307642593e-01	4.575947633327748232e-02	4.512950856202420369e-02
nan	1.000000000000000000e+05	1.000000000000000000e+02	nan	7.990128830562071016e-01	4.447635486078171246e-02	4.394175190644233897e-02
nan	1.000000000000000000e+05	1.000000000000000000e+02	nan	8.487735470582435937e-01	4.572115647846300424e-02	4.268500976333747254e-02
nan	1.000000000000000000e+05	1.000000000000000000e+02	nan	8.986161684142075501e-01	4.548210400270064763e-02	4.428561048992753213e-02
nan	1.000000000000000000e+05	1.000000000000000000e+02	nan	9.490479890537528718e-01	4.258908567011583657e-02	4.280067593393686864e-02
nan	1.000000000000000000e+05	1.000000000000000000e+02	nan	9.196579043428658728e-01	4.171795976926052918e-02	4.108983334094282180e-02
nan	1.000000000000000000e+05	1.000000000000000000e+02	nan	1.045064187494176622e+00	4.238703405896981913e-02	4.082990916671699888e-02
nan	1.000000000000000000e+05	1.000000000000000000e+02	nan	1.097895500018410075e+00	4.285940835060003673e-02	3.993422223939258053e-02
nan	1.000000000000000000e+05	1.000000000000000000e+02	nan	1.148832579074223759e+00	3.885520662569069694e-02	4.078635140420099059e-02
nan	1.000000000000000000e+05	1.000000000000000000e+02	nan	1.198717358359999707e+00	3.884346279242335831e-02	3.884339936769174578e-02
nan	1.000000000000000000e+05	1.000000000000000000e+02	nan	1.248423931802278730e+00	4.078760011311217959e-02	4.032069611424517197e-02
nan	1.000000000000000000e+05	1.000000000000000000e+02	nan	1.299531833609307796e+00	3.661535700906357049e-02	3.783262400248110779e-02
nan	1.000000000000000000e+05	1.000000000000000000e+02	nan	1.347873950360394701e+00	3.658487607042656964e-02	3.927240577550464296e-02
nan	1.000000000000000000e+05	1.000000000000000000e+02	nan	1.396952708496371542e+00	3.889545974494587610e-02	3.814715549551054435e-02
nan	1.000000000000000000e+05	1.000000000000000000e+02	nan	1.448941168093426768e+00	3.720119124576385522e-02	3.689689635278810970e-02
nan	1.000000000000000000e+05	1.000000000000000000e+02	nan	1.498404068266040667e+00	3.738016100314594387e-02	3.753597441491659387e-02
nan	1.000000000000000000e+05	1.000000000000000000e+02	nan	1.547131957115425394e+00	3.724709093814169286e-02	3.594233498603580101e-02
nan	1.000000000000000000e+05	1.000000000000000000e+02	nan	1.596097263185242809e+00	3.720299830538691122e-02	3.548633705136060301e-02
nan	1.000000000000000000e+05	1.000000000000000000e+02	nan	1.630776649582344362e+00	3.597653032385318694e-02	3.667302149442142750e-02
nan	1.000000000000000000e+05	1.000000000000000000e+02	nan	1.698762264885488094e+00	3.728505849496760449e-02	3.471692086384275955e-02
nan	1.000000000000000000e+05	1.000000000000000000e+02	nan	1.747174040273705486e+00	3.539161985639849295e-02	3.530297865195173440e-02
nan	1.000000000000000000e+05	1.000000000000000000e+02	nan	1.797566397731884535e+00	3.443226318815357373e-02	3.638122599132920243e-02
nan	1.000000000000000000e+05	1.000000000000000000e+02	nan	1.847485149525141424e+00	3.551542378505762737e-02	3.522681648636900864e-02
nan	1.000000000000000000e+05	1.000000000000000000e+02	nan	1.896374282443389347e+00	3.557232734535448193e-02	3.459843312871667409e-02
nan	1.000000000000000000e+05	1.000000000000000000e+02	nan	1.792380927233072407e+00	3.472096314805071110e-02	3.540327485643936928e-02
nan	1.000000000000000000e+05	1.000000000000000000e+02	nan	1.997621411195723340e+00	3.409608413351036815e-02	3.517304123616870476e-02
