# SourcePhotonFlux	NumberRaysSurvived	PercentageRaysSurvived	PhotonFlux	Bandwidth	HorizontalFocusFWHM	VerticalFocusFWHM
1.362500000000000000e+12	5.847999999999999687e+01	5.847999999999999726e-02	3.983950000000000000e+09	2.338075411956652000e-02	1.978676560213260202e-02	5.484765430258754576e-04
1.362500000000000000e+12	5.803999999999999915e+01	5.803999999999999437e-02	3.953975000000000000e+09	2.591531605118007134e-02	1.925464434362873789e-02	4.621498692979022398e-04
1.362500000000000000e+12	5.523999999999999488e+01	5.524000000000001132e-02	3.763225000000000000e+09	2.411087449728711168e-02	2.135978746083599250e-02	5.270372388199806666e-04
1.362500000000000000e+12	5.860000000000000142e+01	5.860000000000000625e-02	3.992125000000000000e+09	2.453614418303459374e-02	2.025594549716649290e-02	5.326963648442121710e-04
1.362500000000000000e+12	5.820000000000000284e+01	5.820000000000000867e-02	3.964875000000000000e+09	2.306174335649075272e-02	1.612916924524312318e-02	5.204493808051663482e-04
1.362500000000000000e+12	7.400000000000000000e+01	7.399999999999999634e-02	5.041250000000000000e+09	5.024831246360008351e-03	1.918897807948984416e-02	5.230918976422888923e-04
1.362500000000000000e+12	7.203999999999999204e+01	7.203999999999999293e-02	4.907725000000000000e+09	4.988939819363622484e-03	1.918759132671917639e-02	5.811718609435390179e-04
1.362500000000000000e+12	6.867999999999999261e+01	6.867999999999999106e-02	4.678825000000000000e+09	6.554830492866585423e-03	2.148136271598996561e-02	4.911897283557262661e-04
1.362500000000000000e+12	7.343999999999999773e+01	7.343999999999999140e-02	5.003100000000000000e+09	5.479730683521211350e-03	1.913492533062664466e-02	4.834755143793048040e-04
1.362500000000000000e+12	7.187999999999999545e+01	7.187999999999999945e-02	4.896825000000000000e+09	6.957919989297352281e-03	1.916556484002021610e-02	6.013241680510372561e-04
1.362500000000000000e+12	7.352000000000001023e+01	7.352000000000000202e-02	5.008550000000000000e+09	4.472782655957416656e-03	1.805046690847166707e-02	5.615240341928432041e-04
1.362500000000000000e+12	7.215999999999999659e+01	7.215999999999998804e-02	4.915900000000000000e+09	4.443110031313608939e-03	2.053158177752948538e-02	5.866908738886374066e-04
1.362500000000000000e+12	7.267999999999999261e+01	7.267999999999999461e-02	4.951325000000000000e+09	5.130408401601016695e-03	1.908383568692478827e-02	4.803420586319508872e-04
1.362500000000000000e+12	7.276000000000000512e+01	7.276000000000000523e-02	4.956775000000000000e+09	5.125243416352986622e-03	2.444302242957127613e-02	5.590997821322424028e-04
1.362500000000000000e+12	7.347999999999998977e+01	7.348000000000000365e-02	5.005825000000000000e+09	3.917210718875594432e-03	2.341684052925784021e-02	5.821005057288726253e-04
1.362500000000000000e+12	6.892000000000000171e+01	6.891999999999999515e-02	4.695175000000000000e+09	3.899776561984254035e-03	2.020541707349315236e-02	5.460903419590662587e-04
1.362500000000000000e+12	6.559999999999999432e+01	6.560000000000000553e-02	4.469000000000000000e+09	3.724376960158224358e-03	1.986354966204214451e-02	5.422675249311450238e-04
1.362500000000000000e+12	6.756000000000000227e+01	6.755999999999998118e-02	4.602525000000000000e+09	3.878869421223498423e-03	2.270545604932103917e-02	5.790020953457917108e-04
1.362500000000000000e+12	6.659999999999999432e+01	6.660000000000000642e-02	4.537125000000000000e+09	3.520217920290633594e-03	1.526198330021150650e-02	5.151249959922557346e-04
1.362500000000000000e+12	6.856000000000000227e+01	6.855999999999999595e-02	4.670650000000000000e+09	3.720897150792552843e-03	1.889815105082953001e-02	6.120159395681485856e-04
1.362500000000000000e+12	6.260000000000000142e+01	6.260000000000000286e-02	4.264625000000000000e+09	2.513538655375668722e-03	1.839815458992517111e-02	5.437506320791350885e-04
1.362500000000000000e+12	5.927999999999999403e+01	5.927999999999999936e-02	4.038450000000000000e+09	2.556231572257274508e-03	1.933201668975034759e-02	6.331252943277638828e-04
1.362500000000000000e+12	5.903999999999999915e+01	5.904000000000000220e-02	4.022100000000000000e+09	2.888085070721899995e-03	1.983984077871106880e-02	5.875105578988714869e-04
1.362500000000000000e+12	6.096000000000000085e+01	6.096000000000000030e-02	4.152900000000000000e+09	3.221624046768738377e-03	1.774751917459374551e-02	7.327647322116186005e-04
1.362500000000000000e+12	5.960000000000000142e+01	5.960000000000000020e-02	4.060250000000000000e+09	3.146896146920426067e-03	1.846815587526221339e-02	6.568643871270702598e-04
1.362500000000000000e+12	5.156000000000000227e+01	5.156000000000000860e-02	3.512525000000000000e+09	2.377770520192825417e-03	2.148010364020577420e-02	6.444669435036254942e-04
1.362500000000000000e+12	5.051999999999999602e+01	5.051999999999999547e-02	3.441675000000000000e+09	1.975700759762730966e-03	1.894998388226594790e-02	7.433438287453649103e-04
1.362500000000000000e+12	5.176000000000000512e+01	5.176000000000000739e-02	3.526150000000000000e+09	2.123549958328112795e-03	1.703434701228123335e-02	6.700884408349888459e-04
1.362500000000000000e+12	4.983999999999999631e+01	4.984000000000000236e-02	3.395350000000000000e+09	2.409921272014798905e-03	2.107614905801871719e-02	6.394540014913222773e-04
1.362500000000000000e+12	4.876000000000000512e+01	4.876000000000000473e-02	3.321775000000000000e+09	2.270078908063623887e-03	2.133635008894765178e-02	6.682370797552718506e-04
1.362500000000000000e+12	4.056000000000000227e+01	4.055999999999999883e-02	2.763150000000000000e+09	1.707651363713012099e-03	1.748393363385988483e-02	6.464808578522583627e-04
1.362500000000000000e+12	4.020000000000000284e+01	4.019999999999999962e-02	2.738625000000000000e+09	1.508341322007708974e-03	1.965477282250572416e-02	6.410239139920620530e-04
1.362500000000000000e+12	3.964000000000000057e+01	3.964000000000000162e-02	2.700475000000000000e+09	1.551134724347775790e-03	1.841991242825771757e-02	6.870835211069787566e-04
1.362500000000000000e+12	3.803999999999999915e+01	3.804000000000000437e-02	2.591475000000000000e+09	2.171618416562068853e-03	2.050410980925636631e-02	6.626406735214923063e-04
1.362500000000000000e+12	3.916000000000000369e+01	3.916000000000000036e-02	2.667775000000000000e+09	2.122529243661119662e-03	1.963400011337530435e-02	6.608916745673844122e-04
1.362500000000000000e+12	3.000000000000000000e+01	3.000000000000000583e-02	2.043750000000000000e+09	1.342263094143163540e-03	1.942147712195697179e-02	7.196623865979350160e-04
1.362500000000000000e+12	3.088000000000000256e+01	3.088000000000000120e-02	2.103700000000000000e+09	1.301754515598077056e-03	2.032939432629040158e-02	6.298863768886789772e-04
1.362500000000000000e+12	3.023999999999999844e+01	3.024000000000000646e-02	2.060100000000000000e+09	1.448983652171591512e-03	1.694404347113726353e-02	7.376829831808373377e-04
1.362500000000000000e+12	3.163999999999999702e+01	3.164000000000000146e-02	2.155475000000000000e+09	1.592031795737511952e-03	1.616554154976430208e-02	6.864416329831842965e-04
1.362500000000000000e+12	3.048000000000000043e+01	3.048000000000000015e-02	2.076450000000000000e+09	1.494113012668094476e-03	1.462659680408487026e-02	5.700078702002380187e-04
1.362500000000000000e+12	2.723999999999999844e+01	2.724000000000000379e-02	1.855725000000000000e+09	1.101404476617062712e-03	1.486228214400093194e-02	8.177473064721518716e-04
1.362500000000000000e+12	2.264000000000000057e+01	2.264000000000000040e-02	1.542350000000000000e+09	1.262767725315825339e-03	2.273489791953307165e-02	6.479358997128937961e-04
1.362500000000000000e+12	2.548000000000000043e+01	2.548000000000000265e-02	1.735825000000000000e+09	1.133913311207379593e-03	1.724431966238458569e-02	6.427473438239069987e-04
1.362500000000000000e+12	2.444000000000000128e+01	2.443999999999999992e-02	1.664975000000000000e+09	1.754473089231396461e-03	1.964956966392002180e-02	6.856484964997461209e-04
1.362500000000000000e+12	2.619999999999999929e+01	2.620000000000000107e-02	1.784875000000000000e+09	1.775081354144276589e-03	1.931988657207988833e-02	7.185482229991310482e-04
1.362500000000000000e+12	2.291999999999999815e+01	2.291999999999999940e-02	1.561425000000000000e+09	1.366726986843714350e-03	1.702622312543584579e-02	5.826643042352547090e-04
1.362500000000000000e+12	2.271999999999999886e+01	2.272000000000000061e-02	1.547800000000000000e+09	1.207142213099814511e-03	1.380148226766440486e-02	7.994403289084083247e-04
1.362500000000000000e+12	2.203999999999999915e+01	2.203999999999999709e-02	1.501474999999999523e+09	1.295879155887429482e-03	2.087906536850413913e-02	7.524526239136347574e-04
1.362500000000000000e+12	2.316000000000000014e+01	2.315999999999999656e-02	1.577775000000000000e+09	1.314078621221597158e-03	1.385379227859543164e-02	5.698463537774806640e-04
1.362500000000000000e+12	2.435999999999999943e+01	2.435999999999999971e-02	1.659525000000000000e+09	1.174603781394125811e-03	1.748900898419369215e-02	6.445379237378261791e-04
1.566020000000000000e+12	1.417199999999999989e+02	1.417199999999999849e-01	1.109681772000000000e+10	2.053337430567808014e-02	2.051728023277442012e-02	5.970876794222313095e-04
1.566020000000000000e+12	1.404399999999999977e+02	1.404400000000000093e-01	1.099659244000000000e+10	2.210311789107891056e-02	2.122755827666046591e-02	5.476572987379438925e-04
1.566020000000000000e+12	1.413199999999999932e+02	1.413200000000000289e-01	1.106549732000000000e+10	2.227226666728256491e-02	1.990251472712514791e-02	5.639121143895877179e-04
1.566020000000000000e+12	1.384399999999999977e+02	1.384399999999999797e-01	1.083999044000000000e+10	2.357774405896179842e-02	1.886895413486849166e-02	5.875918015315143841e-04
1.566020000000000000e+12	1.443599999999999852e+02	1.443599999999999883e-01	1.130353236000000000e+10	2.520000602060008463e-02	2.070074957676240612e-02	5.280205784815526207e-04
1.566020000000000000e+12	1.456400000000000148e+02	1.456399999999999917e-01	1.140375764000000000e+10	1.888311645816884154e-02	2.295566005470806720e-02	5.907515368538634841e-04
1.566020000000000000e+12	1.473199999999999932e+02	1.473200000000000065e-01	1.153530332000000000e+10	1.590765710335744973e-02	2.022544925565684243e-02	6.322910449083724797e-04
1.566020000000000000e+12	1.470000000000000000e+02	1.469999999999999918e-01	1.151024700000000000e+10	1.528851080308413733e-02	2.079894885905312837e-02	5.630162889443112448e-04
1.566020000000000000e+12	1.466400000000000148e+02	1.466400000000000203e-01	1.148205864000000000e+10	1.887248271121279644e-02	2.057235177331027606e-02	5.288089521623477425e-04
1.566020000000000000e+12	1.456800000000000068e+02	1.456800000000000039e-01	1.140688968000000000e+10	1.847410441808733719e-02	2.015304655327659206e-02	5.663075702565555699e-04
1.566020000000000000e+12	1.320000000000000000e+02	1.319999999999999785e-01	1.033573200000000000e+10	1.571282784635514088e-02	2.150584417218718430e-02	6.215892709641559263e-04
1.566020000000000000e+12	1.305200000000000102e+02	1.305199999999999971e-01	1.021984652000000000e+10	1.387186218184069744e-02	2.065621535540342751e-02	7.035656691035651602e-04
1.566020000000000000e+12	1.372400000000000091e+02	1.372400000000000009e-01	1.074602924000000000e+10	1.408189160904839768e-02	1.836222740314272586e-02	6.310131687844450091e-04
1.566020000000000000e+12	1.337599999999999909e+02	1.337599999999999900e-01	1.047354176000000000e+10	1.582993425666245207e-02	1.965352276360404077e-02	6.483463863161410259e-04
1.566020000000000000e+12	1.393599999999999852e+02	1.393599999999999839e-01	1.091202736000000000e+10	1.403607787044620567e-02	1.893851019381226700e-02	5.985491657394400537e-04
1.566020000000000000e+12	1.171599999999999966e+02	1.171600000000000003e-01	9.173745160000000000e+09	1.001171653265373572e-02	1.906330066869870235e-02	6.165280579914553640e-04
1.566020000000000000e+12	1.103200000000000074e+02	1.103200000000000014e-01	8.638166320000000000e+09	1.087453808086138486e-02	2.160352534247171261e-02	6.248995865362700144e-04
1.566020000000000000e+12	1.146400000000000148e+02	1.146399999999999919e-01	8.976426640000000000e+09	1.083519014832290753e-02	1.923477844899739581e-02	6.277037465942990422e-04
1.566020000000000000e+12	1.164400000000000119e+02	1.164400000000000157e-01	9.117368440000000000e+09	1.101461122498221742e-02	2.004663628692065699e-02	6.226025462690900616e-04
1.566020000000000000e+12	1.177599999999999909e+02	1.177600000000000036e-01	9.220725760000000000e+09	1.139772880993859816e-02	2.280424963118651144e-02	5.732664173972975077e-04
1.566020000000000000e+12	8.507999999999999829e+01	8.508000000000001672e-02	6.661849080000000000e+09	7.570262674344121687e-03	2.137407319469897260e-02	6.231000473936904472e-04
1.566020000000000000e+12	8.159999999999999432e+01	8.160000000000000586e-02	6.389361600000000000e+09	9.561346175614745049e-03	2.031486270522574189e-02	5.841368646934406213e-04
1.566020000000000000e+12	8.912000000000000455e+01	8.912000000000000477e-02	6.978185120000000000e+09	7.856958108791330803e-03	1.955797478414373486e-02	6.407810207756843308e-04
1.566020000000000000e+12	8.767999999999999261e+01	8.768000000000000793e-02	6.865431680000000000e+09	7.664601410374416793e-03	1.822217103337598482e-02	5.891610857773685447e-04
1.566020000000000000e+12	8.723999999999999488e+01	8.724000000000001198e-02	6.830979240000000000e+09	8.244080719859995382e-03	2.143039370331677879e-02	6.139386338367793568e-04
1.566020000000000000e+12	6.615999999999999659e+01	6.616000000000001047e-02	5.180394160000000000e+09	6.109720254962667206e-03	1.969684102641338155e-02	5.822109404029498451e-04
1.566020000000000000e+12	6.615999999999999659e+01	6.615999999999999659e-02	5.180394160000000000e+09	6.111055852957179499e-03	1.860849709517630596e-02	6.146119715477642645e-04
1.566020000000000000e+12	6.835999999999999943e+01	6.836000000000000409e-02	5.352656359999999046e+09	6.167010283324998558e-03	1.901984753754883128e-02	7.274203187448600397e-04
1.566020000000000000e+12	6.484000000000000341e+01	6.484000000000000874e-02	5.077036840000000000e+09	7.086986099848218215e-03	2.058592616445673734e-02	5.863268225800691335e-04
1.566020000000000000e+12	6.815999999999999659e+01	6.815999999999999837e-02	5.336996160000000000e+09	5.966963628252415844e-03	1.963689931153266705e-02	5.778307140752045540e-04
1.566020000000000000e+12	5.007999999999999829e+01	5.007999999999999258e-02	3.921314080000000000e+09	4.477260966136782823e-03	1.728616362811387364e-02	5.998397355014464371e-04
1.566020000000000000e+12	5.283999999999999631e+01	5.283999999999999808e-02	4.137424840000000000e+09	4.689647248187611868e-03	1.948073602113851305e-02	5.718983743582291409e-04
1.566020000000000000e+12	5.088000000000000256e+01	5.087999999999999468e-02	3.983954880000000000e+09	4.790430654870760953e-03	1.964861240595928288e-02	6.358388597457332713e-04
1.566020000000000000e+12	5.079999999999999716e+01	5.079999999999999793e-02	3.977690800000000000e+09	5.251689060305579464e-03	1.808016079526785294e-02	6.265668495292751102e-04
1.566020000000000000e+12	5.227999999999999403e+01	5.227999999999999314e-02	4.093576280000000000e+09	5.769185161461791445e-03	1.823507414164390883e-02	6.285649068135429514e-04
1.566020000000000000e+12	4.171999999999999886e+01	4.171999999999999320e-02	3.266717720000000000e+09	3.321868331836412471e-03	1.803148238284119423e-02	5.962733591091031599e-04
1.566020000000000000e+12	4.103999999999999915e+01	4.104000000000000009e-02	3.213473040000000000e+09	4.295672844177715957e-03	2.031382081264901732e-02	6.558720053587379197e-04
1.566020000000000000e+12	4.088000000000000256e+01	4.087999999999999967e-02	3.200944880000000000e+09	3.795037211334602398e-03	2.037714509720696746e-02	5.412718417667746265e-04
1.566020000000000000e+12	4.207999999999999829e+01	4.207999999999999935e-02	3.294906080000000000e+09	4.406244807919392978e-03	1.718257502310199109e-02	5.685856053585290702e-04
1.566020000000000000e+12	4.188000000000000256e+01	4.187999999999999362e-02	3.279245880000000000e+09	4.454213975764105202e-03	2.469323275027678760e-02	5.802249432190521861e-04
1.566020000000000000e+12	3.191999999999999815e+01	3.192000000000000393e-02	2.499367920000000000e+09	3.415573584361482253e-03	1.509410441851550579e-02	6.487131299591310024e-04
1.566020000000000000e+12	3.379999999999999716e+01	3.379999999999999671e-02	2.646573800000000000e+09	3.918663771446517959e-03	1.607682618124313401e-02	4.667891018652731670e-04
1.566020000000000000e+12	3.611999999999999744e+01	3.611999999999999933e-02	2.828232120000000000e+09	3.687467391414429776e-03	2.204076230546263629e-02	6.418205629757516061e-04
1.566020000000000000e+12	3.171999999999999886e+01	3.171999999999999820e-02	2.483707720000000000e+09	3.461602182246679375e-03	2.002123047052193835e-02	5.757274338864222865e-04
1.566020000000000000e+12	3.296000000000000085e+01	3.296000000000000318e-02	2.580800960000000000e+09	4.310313251398838023e-03	1.995419468957292455e-02	6.621939407870598487e-04
1.566020000000000000e+12	3.100000000000000000e+01	3.099999999999999284e-02	2.427331000000000000e+09	2.981188303006092506e-03	1.773158079429521319e-02	7.261199460543257041e-04
1.566020000000000000e+12	3.148000000000000043e+01	3.148000000000000104e-02	2.464915480000000000e+09	3.213939400202434852e-03	1.746078003414449492e-02	6.145949441966445806e-04
1.566020000000000000e+12	3.016000000000000369e+01	3.015999999999999931e-02	2.361558160000000000e+09	3.847581004570201947e-03	1.806041326097004157e-02	5.389019629471055676e-04
1.566020000000000000e+12	2.936000000000000298e+01	2.936000000000000415e-02	2.298917360000000000e+09	3.894819940846901141e-03	1.880949844291169779e-02	6.352806224127460202e-04
1.566020000000000000e+12	2.919999999999999929e+01	2.919999999999999679e-02	2.286389200000000000e+09	3.573910756472287176e-03	1.984454279119120951e-02	4.845953036809992837e-04
1.651922000000000000e+12	2.277199999999999704e+02	2.277199999999999780e-01	1.880878389200000000e+10	4.072342752514487157e-02	2.043718435596039371e-02	5.894801377198185957e-04
1.651922000000000000e+12	2.270800000000000125e+02	2.270800000000000318e-01	1.875592238800000000e+10	3.975122416347403459e-02	2.189153504973632633e-02	5.798115263455070646e-04
1.651922000000000000e+12	2.241599999999999966e+02	2.241600000000000537e-01	1.851474177600000000e+10	4.369094888497784129e-02	2.050633955478221165e-02	5.698245471934855347e-04
1.651922000000000000e+12	2.242400000000000091e+02	2.242399999999999949e-01	1.852134946400000000e+10	5.153035622583047870e-02	2.154773361073605148e-02	5.287536542550974432e-04
1.651922000000000000e+12	2.184800000000000182e+02	2.184800000000000075e-01	1.804559592800000000e+10	5.141436047339083965e-02	2.000774748701814737e-02	5.659775422483612900e-04
1.651922000000000000e+12	1.981999999999999886e+02	1.981999999999999873e-01	1.637054702000000000e+10	3.324751483627551296e-02	2.003389254569108366e-02	5.904688319280577188e-04
1.651922000000000000e+12	2.101199999999999761e+02	2.101200000000000012e-01	1.735509253200000000e+10	2.892611588559702504e-02	2.119303353807103912e-02	6.012237227541654492e-04
1.651922000000000000e+12	2.044000000000000057e+02	2.043999999999999706e-01	1.688264284000000000e+10	3.140891925227151660e-02	2.108938670016296743e-02	5.121685148470967244e-04
1.651922000000000000e+12	2.013199999999999932e+02	2.013199999999999990e-01	1.662824685200000000e+10	3.500990340301541465e-02	2.065060907811640603e-02	5.996881389691468677e-04
1.651922000000000000e+12	2.050000000000000000e+02	2.049999999999999878e-01	1.693220050000000000e+10	3.605743256677669539e-02	2.205452274284303710e-02	5.819812641370977974e-04
1.651922000000000000e+12	1.754799999999999898e+02	1.754800000000000249e-01	1.449396362800000000e+10	2.202304772453317003e-02	2.128586625505903343e-02	6.423394510758514931e-04
1.651922000000000000e+12	1.751599999999999966e+02	1.751600000000000379e-01	1.446753287600000000e+10	2.176782682367956953e-02	2.073849181004742623e-02	6.441111365484147736e-04
1.651922000000000000e+12	1.702800000000000011e+02	1.702799999999999869e-01	1.406446390800000000e+10	2.511423377578466537e-02	1.966023234098121172e-02	6.505210322497168279e-04
1.651922000000000000e+12	1.676800000000000068e+02	1.676799999999999957e-01	1.384971404800000000e+10	2.650222068729817665e-02	2.050241592461007553e-02	6.340951178402823383e-04
1.651922000000000000e+12	1.698000000000000114e+02	1.698000000000000065e-01	1.402481778000000000e+10	2.518664884268219037e-02	2.280961327818476631e-02	6.316922617667447776e-04
1.651922000000000000e+12	1.347599999999999909e+02	1.347599999999999909e-01	1.113065043600000000e+10	1.690163778680471227e-02	2.124348036005989024e-02	6.690961839249077395e-04
1.651922000000000000e+12	1.313599999999999852e+02	1.313599999999999768e-01	1.084982369600000000e+10	1.761719434677615909e-02	1.948681518931734066e-02	5.979917861663961711e-04
1.651922000000000000e+12	1.334399999999999977e+02	1.334400000000000031e-01	1.102162358400000000e+10	1.897695117131661252e-02	1.999250856525135178e-02	5.857281224450830307e-04
1.651922000000000000e+12	1.356800000000000068e+02	1.356800000000000228e-01	1.120663884800000000e+10	1.815307682252750854e-02	2.056405661748712463e-02	6.577479885699987318e-04
1.651922000000000000e+12	1.352400000000000091e+02	1.352399999999999991e-01	1.117029656400000000e+10	2.005486832926180879e-02	1.774514064715686235e-02	6.801099801442358778e-04
1.651922000000000000e+12	9.884000000000000341e+01	9.884000000000001118e-02	8.163798524000000000e+09	1.204691534549965672e-02	1.960824446119787887e-02	5.123930180912424645e-04
1.651922000000000000e+12	1.022800000000000011e+02	1.022799999999999959e-01	8.447929108000000000e+09	1.184360196154557281e-02	1.956471528159483067e-02	5.880890264040236886e-04
1.651922000000000000e+12	1.033200000000000074e+02	1.033200000000000091e-01	8.533829052000000000e+09	1.542440409250048217e-02	1.997720480877637761e-02	5.364995624476992693e-04
1.651922000000000000e+12	1.030000000000000000e+02	1.030000000000000082e-01	8.507398300000000000e+09	1.336389726997367668e-02	1.964041837103516069e-02	5.829295028460206160e-04
1.651922000000000000e+12	1.024799999999999898e+02	1.024800000000000155e-01	8.464448328000000000e+09	1.417080864128365467e-02	1.869043344889163502e-02	6.235871886404759524e-04
1.651922000000000000e+12	8.307999999999999829e+01	8.308000000000000107e-02	6.862083987999998093e+09	1.076409097860960180e-02	1.881233154284798342e-02	4.744712105814401617e-04
1.651922000000000000e+12	7.952000000000001023e+01	7.952000000000000735e-02	6.568041872000000000e+09	1.090127173658402178e-02	2.122014607904435315e-02	5.207947585998666138e-04
1.651922000000000000e+12	7.992000000000000171e+01	7.991999999999999105e-02	6.601080312000000000e+09	9.913726011336620320e-03	2.155195754597617752e-02	5.977406450852924000e-04
1.651922000000000000e+12	7.832000000000000739e+01	7.831999999999998685e-02	6.468926552000000000e+09	1.231358916412318705e-02	1.903069405867747338e-02	5.780039863071565007e-04
1.651922000000000000e+12	8.012000000000000455e+01	8.011999999999999678e-02	6.617599532000000000e+09	1.156259678720743950e-02	2.095902013019792023e-02	5.773799675958304336e-04
1.651922000000000000e+12	6.187999999999999545e+01	6.188000000000000445e-02	5.111046668000000000e+09	8.477193296075710011e-03	2.096007980115886446e-02	6.092153886102795630e-04
1.651922000000000000e+12	6.239999999999999858e+01	6.239999999999999714e-02	5.153996640000000000e+09	7.958390866397166766e-03	1.813164758005272187e-02	4.593941719042954992e-04
1.651922000000000000e+12	6.164000000000000057e+01	6.163999999999999341e-02	5.091223604000000000e+09	8.570419148309155882e-03	1.989822383887536808e-02	5.996755708878102583e-04
1.651922000000000000e+12	6.164000000000000057e+01	6.164000000000000729e-02	5.091223604000000000e+09	9.534262723900611275e-03	2.123031948527195900e-02	6.186921062187098310e-04
1.651922000000000000e+12	6.292000000000000171e+01	6.292000000000000370e-02	5.196946612000000000e+09	8.560668631052977678e-03	1.931551468692496373e-02	6.147606690705817098e-04
1.651922000000000000e+12	4.832000000000000028e+01	4.831999999999999490e-02	3.991043552000000000e+09	7.529228227958810471e-03	2.053692927045418920e-02	5.450882249895679880e-04
1.651922000000000000e+12	5.007999999999999829e+01	5.007999999999999952e-02	4.136412688000000000e+09	7.994828214432345842e-03	2.055758289608378836e-02	5.791294358291970094e-04
1.651922000000000000e+12	4.620000000000000284e+01	4.620000000000000495e-02	3.815939820000000000e+09	7.910884591892682408e-03	1.932146377378715293e-02	5.359323422104362352e-04
1.651922000000000000e+12	4.992000000000000171e+01	4.991999999999999910e-02	4.123197312000000000e+09	7.549659363585306190e-03	2.050385543029089458e-02	6.299712495244802913e-04
1.651922000000000000e+12	4.683999999999999631e+01	4.683999999999999275e-02	3.868801324000000000e+09	7.729076543755581882e-03	1.892473611764828451e-02	5.912017368549465999e-04
1.651922000000000000e+12	4.128000000000000114e+01	4.127999999999999725e-02	3.409567008000000000e+09	6.133094178521788023e-03	1.702045489549161572e-02	5.499325575005883839e-04
1.651922000000000000e+12	3.911999999999999744e+01	3.912000000000000199e-02	3.231159432000000000e+09	6.691004820722809554e-03	1.837407938273363101e-02	5.497622052052081581e-04
1.651922000000000000e+12	4.235999999999999943e+01	4.236000000000000876e-02	3.498770796000000000e+09	7.559889140766244339e-03	1.947334315151973139e-02	6.427585920482895183e-04
1.651922000000000000e+12	4.100000000000000000e+01	4.100000000000000172e-02	3.386440100000000000e+09	6.191574474160006433e-03	1.712617397257343993e-02	4.576213032902685116e-04
1.651922000000000000e+12	3.764000000000000057e+01	3.763999999999999985e-02	3.108917204000000000e+09	7.410661690009874569e-03	2.129434155225703312e-02	6.420042852452163915e-04
1.651922000000000000e+12	3.600000000000000000e+01	3.599999999999999728e-02	2.973459600000000000e+09	5.219861892392145541e-03	1.961083751070612918e-02	5.155408276110338365e-04
1.651922000000000000e+12	3.483999999999999631e+01	3.483999999999999597e-02	2.877648124000000000e+09	6.326624912580883567e-03	2.215828822919905725e-02	5.739808678705053636e-04
1.651922000000000000e+12	3.588000000000000256e+01	3.588000000000000217e-02	2.963548068000000000e+09	6.758564797037252062e-03	1.889570365714977190e-02	5.171622997346336445e-04
1.651922000000000000e+12	3.632000000000000028e+01	3.632000000000000506e-02	2.999890352000000000e+09	7.231286561727756287e-03	1.645698982911002889e-02	5.012411300796425131e-04
1.651922000000000000e+12	3.711999999999999744e+01	3.712000000000000716e-02	3.065967232000000000e+09	5.516519357615834625e-03	1.931554125826531049e-02	5.204991169529704252e-04
1.684126000000000000e+12	2.951599999999999682e+02	2.951599999999999779e-01	2.485433150800000000e+10	7.120702656196045699e-02	2.090976938333242649e-02	5.536455932892228333e-04
1.684126000000000000e+12	3.051200000000000045e+02	3.051200000000000023e-01	2.569302625600000000e+10	7.362858622843304612e-02	2.096831793691641271e-02	5.841953483389417025e-04
1.684126000000000000e+12	3.057599999999999909e+02	3.057600000000000318e-01	2.574691828800000000e+10	6.898711366689894153e-02	2.071948096111385015e-02	5.690736118477755876e-04
1.684126000000000000e+12	3.012800000000000296e+02	3.012799999999999923e-01	2.536967406400000000e+10	8.021969642493786967e-02	1.977879304582231407e-02	6.065556148488362824e-04
1.684126000000000000e+12	3.007599999999999909e+02	3.007600000000000273e-01	2.532588678800000000e+10	8.117692544432429658e-02	2.141772819762497587e-02	5.877564636848237609e-04
1.684126000000000000e+12	2.534800000000000182e+02	2.534799999999999831e-01	2.134461292400000000e+10	4.622154008205143355e-02	1.922356508625176763e-02	5.655422458707198754e-04
1.684126000000000000e+12	2.516800000000000068e+02	2.516800000000000148e-01	2.119304158400000000e+10	4.961014914813859089e-02	1.972192498134351865e-02	6.094748266433728254e-04
1.684126000000000000e+12	2.495600000000000023e+02	2.495600000000000596e-01	2.101452422800000000e+10	5.056706474826568737e-02	2.180860207958531735e-02	6.055874204179923989e-04
1.684126000000000000e+12	2.482800000000000296e+02	2.482800000000000007e-01	2.090674016400000000e+10	5.048784638409416214e-02	2.043283090239995242e-02	6.146241238163653933e-04
1.684126000000000000e+12	2.512800000000000296e+02	2.512800000000000034e-01	2.115935906400000000e+10	5.308356021818326498e-02	2.019476630692936328e-02	6.352483889342547436e-04
1.684126000000000000e+12	1.952800000000000011e+02	1.952799999999999814e-01	1.644380626400000000e+10	2.984932776005734881e-02	2.022104781420882083e-02	5.359436410015949986e-04
1.684126000000000000e+12	1.963199999999999932e+02	1.963199999999999945e-01	1.653138081600000000e+10	3.458230245758386195e-02	1.950889360267095765e-02	6.518073513598669983e-04
1.684126000000000000e+12	1.985600000000000023e+02	1.985600000000000143e-01	1.672000292800000000e+10	3.756292696286436805e-02	1.974283198421944441e-02	5.821181498832156062e-04
1.684126000000000000e+12	1.995600000000000023e+02	1.995600000000000152e-01	1.680420922800000000e+10	3.768474314387276758e-02	1.950396537266674626e-02	6.595277221077271591e-04
1.684126000000000000e+12	1.988799999999999955e+02	1.988800000000000012e-01	1.674694894400000000e+10	3.703877156914131552e-02	2.056562500381677039e-02	5.863105199256502106e-04
1.684126000000000000e+12	1.525999999999999943e+02	1.526000000000000134e-01	1.284988138000000000e+10	2.516982039877803043e-02	2.096522037915670572e-02	5.245246749229438756e-04
1.684126000000000000e+12	1.515200000000000102e+02	1.515200000000000158e-01	1.275893857600000000e+10	2.885477546212314448e-02	1.991044697103171862e-02	5.736238073876639889e-04
1.684126000000000000e+12	1.531999999999999886e+02	1.532000000000000028e-01	1.290040516000000000e+10	2.794679797519165551e-02	2.000276186858120434e-02	6.012840777393955397e-04
1.684126000000000000e+12	1.511999999999999886e+02	1.512000000000000011e-01	1.273199256000000000e+10	2.876000993866000346e-02	1.858132634384800086e-02	5.166103009004036897e-04
1.684126000000000000e+12	1.480799999999999841e+02	1.480799999999999894e-01	1.246926890400000000e+10	2.778475595518102928e-02	1.853431488031172594e-02	5.983459029440205698e-04
1.684126000000000000e+12	1.153200000000000074e+02	1.153200000000000058e-01	9.710670516000000000e+09	1.954629112735347188e-02	1.931808632433424516e-02	5.315700155270199718e-04
1.684126000000000000e+12	1.158400000000000034e+02	1.158400000000000124e-01	9.754457792000000000e+09	2.064793649600687661e-02	2.234124128573363594e-02	6.388852029669279389e-04
1.684126000000000000e+12	1.135599999999999881e+02	1.135599999999999943e-01	9.562467428000000000e+09	2.274322143370227298e-02	2.050505966451366541e-02	5.763517451852492391e-04
1.684126000000000000e+12	1.142000000000000028e+02	1.142000000000000098e-01	9.616359460000001907e+09	2.128414807843000828e-02	1.785086439066578198e-02	5.858528876843060399e-04
1.684126000000000000e+12	1.148799999999999955e+02	1.148800000000000099e-01	9.673619744000000000e+09	2.001014219044009237e-02	1.973611262962956039e-02	5.837145639025795134e-04
1.684126000000000000e+12	9.103999999999999204e+01	9.104000000000000981e-02	7.666141552000000000e+09	1.593730381338900881e-02	1.996875622843312728e-02	5.080368132066699844e-04
1.684126000000000000e+12	9.315999999999999659e+01	9.316000000000000669e-02	7.844658908000000000e+09	1.490033691024109444e-02	1.891963144573176325e-02	5.842116277040593653e-04
1.684126000000000000e+12	9.347999999999998977e+01	9.347999999999997978e-02	7.871604924000000000e+09	1.621932722066048854e-02	2.087291444947658031e-02	5.641098723867660463e-04
1.684126000000000000e+12	9.107999999999999829e+01	9.108000000000000818e-02	7.669509804000000000e+09	1.586821528346263332e-02	1.840856828065618941e-02	5.773138914961133475e-04
1.684126000000000000e+12	8.759999999999999432e+01	8.759999999999999731e-02	7.376471880000000000e+09	1.760140563699678570e-02	1.992925586153142942e-02	5.612579953993796856e-04
1.684126000000000000e+12	7.084000000000000341e+01	7.083999999999998631e-02	5.965174292000000000e+09	1.458702687963523217e-02	2.070923784475016752e-02	4.803031396009465920e-04
1.684126000000000000e+12	7.115999999999999659e+01	7.116000000000000103e-02	5.992120308000000000e+09	1.357915220721224794e-02	1.791459973248901022e-02	5.325903545248285428e-04
1.684126000000000000e+12	6.887999999999999545e+01	6.887999999999999678e-02	5.800129944000000000e+09	1.436520340374954595e-02	1.882744389292115988e-02	5.664721167964867007e-04
1.684126000000000000e+12	6.800000000000000000e+01	6.799999999999999101e-02	5.726028400000000000e+09	1.247965002894488827e-02	1.757054754088452353e-02	5.620729733365881350e-04
1.684126000000000000e+12	7.084000000000000341e+01	7.084000000000000019e-02	5.965174292000000000e+09	1.316558559888108063e-02	1.868057795295496523e-02	5.478051586244510893e-04
1.684126000000000000e+12	5.364000000000000057e+01	5.364000000000000712e-02	4.516825932000000000e+09	1.045791216704856225e-02	1.802987320229900228e-02	4.879902052421676573e-04
1.684126000000000000e+12	5.147999999999999687e+01	5.147999999999999104e-02	4.334940324000000000e+09	1.136880856290190325e-02	1.802476938109546026e-02	5.514439837458641599e-04
1.684126000000000000e+12	5.596000000000000085e+01	5.595999999999998892e-02	4.712184548000000000e+09	1.129001103323389564e-02	1.871895892946824971e-02	5.912677014284992974e-04
1.684126000000000000e+12	5.556000000000000227e+01	5.555999999999998440e-02	4.678502028000000000e+09	1.157141589644197603e-02	1.990796193525027485e-02	4.858885135642662212e-04
1.684126000000000000e+12	5.756000000000000227e+01	5.756000000000000005e-02	4.846914628000000000e+09	1.004020034849418055e-02	1.984158925970582951e-02	5.412665676677097049e-04
1.684126000000000000e+12	4.676000000000000512e+01	4.676000000000000295e-02	3.937486588000000000e+09	8.427922105720426355e-03	1.973810703600906852e-02	6.014555395394615908e-04
1.684126000000000000e+12	4.583999999999999631e+01	4.583999999999999880e-02	3.860016792000000000e+09	9.625702438361258620e-03	2.107587941612302021e-02	5.223217006743614832e-04
1.684126000000000000e+12	4.479999999999999716e+01	4.480000000000000648e-02	3.772442240000000000e+09	1.063960500506254923e-02	1.947111484416748708e-02	5.876111902792661209e-04
1.684126000000000000e+12	4.600000000000000000e+01	4.599999999999999922e-02	3.873489800000000000e+09	1.192841528713870468e-02	2.011582402833911321e-02	6.034410927761122301e-04
1.684126000000000000e+12	4.803999999999999915e+01	4.804000000000000631e-02	4.045270652000000000e+09	1.103369830791962186e-02	1.953285657995623703e-02	5.355446519392460716e-04
1.684126000000000000e+12	4.279999999999999716e+01	4.279999999999999083e-02	3.604029640000000000e+09	1.066254666086933860e-02	2.027912610327520931e-02	4.947715934459342903e-04
1.684126000000000000e+12	4.148000000000000398e+01	4.147999999999999604e-02	3.492877324000000000e+09	1.037078662517160535e-02	2.093115745361841945e-02	4.781347093373164371e-04
1.684126000000000000e+12	4.207999999999999829e+01	4.207999999999999935e-02	3.543401104000000000e+09	1.012574061388477401e-02	1.814565546457039616e-02	4.790646478206389493e-04
1.684126000000000000e+12	4.192000000000000171e+01	4.191999999999999893e-02	3.529928096000000000e+09	1.022861133015794642e-02	1.921089547006105819e-02	4.956816183070277427e-04
1.684126000000000000e+12	4.032000000000000028e+01	4.032000000000000167e-02	3.395198016000000000e+09	1.098168940601681152e-02	1.991803645555552740e-02	4.386301042177333134e-04
1.685824000000000000e+12	3.569199999999999591e+02	3.569200000000000150e-01	3.008521510400000000e+10	8.455065517176990619e-02	2.072849338566665200e-02	5.723750478329385320e-04
1.685824000000000000e+12	3.583199999999999932e+02	3.583200000000000274e-01	3.020322278400000000e+10	9.894880131052559424e-02	2.169087317595192951e-02	5.939850130608627203e-04
1.685824000000000000e+12	3.566399999999999864e+02	3.566400000000000126e-01	3.006161356800000000e+10	9.838269750704056738e-02	1.937416099217457305e-02	5.972416135090736046e-04
1.685824000000000000e+12	3.592800000000000296e+02	3.592800000000000438e-01	3.028414233600000000e+10	1.044717039741772241e-01	2.022293410313689976e-02	5.850621947316002195e-04
1.685824000000000000e+12	3.645199999999999818e+02	3.645200000000000662e-01	3.072582822400000000e+10	1.086962907581073556e-01	2.091537940453750896e-02	5.673300379075915667e-04
1.685824000000000000e+12	2.829199999999999591e+02	2.829199999999999493e-01	2.384766630400000000e+10	5.849979102607903714e-02	2.019386662469566801e-02	6.247484681089851164e-04
1.685824000000000000e+12	2.788799999999999955e+02	2.788799999999999613e-01	2.350712985600000000e+10	6.255320758134985670e-02	2.049269339270455917e-02	5.755354398394564803e-04
1.685824000000000000e+12	2.792800000000000296e+02	2.792799999999999727e-01	2.354084633600000000e+10	7.169617912675677052e-02	2.138559227040874935e-02	6.164964722023299863e-04
1.685824000000000000e+12	2.820000000000000000e+02	2.819999999999999729e-01	2.377011840000000000e+10	7.420438386474416392e-02	1.924930244168790786e-02	6.206784412580042525e-04
1.685824000000000000e+12	2.839199999999999591e+02	2.839200000000000057e-01	2.393195750400000000e+10	6.832189055439812087e-02	2.058622114852560331e-02	6.329671131455346213e-04
1.685824000000000000e+12	2.148400000000000034e+02	2.148400000000000032e-01	1.810912140800000000e+10	4.629854863658693087e-02	1.913643755033287569e-02	5.973031180565616886e-04
1.685824000000000000e+12	2.124399999999999977e+02	2.124400000000000177e-01	1.790682252800000000e+10	4.951847267388075069e-02	2.183508660096424372e-02	5.891748396680170086e-04
1.685824000000000000e+12	2.193599999999999852e+02	2.193599999999999994e-01	1.849011763200000000e+10	4.994387602573624463e-02	1.962363779836504701e-02	6.164782912955061103e-04
1.685824000000000000e+12	2.170400000000000205e+02	2.170399999999999829e-01	1.829456204800000000e+10	4.662663114788302005e-02	1.847524807806514083e-02	5.424130673048992287e-04
1.685824000000000000e+12	2.200400000000000205e+02	2.200399999999999578e-01	1.854743564800000000e+10	5.593566466013726035e-02	1.996098109029909029e-02	6.130001020169298896e-04
1.685824000000000000e+12	1.674399999999999977e+02	1.674399999999999777e-01	1.411371852800000000e+10	3.072314286184337287e-02	2.030152902556273467e-02	6.083302377038671402e-04
1.685824000000000000e+12	1.673599999999999852e+02	1.673599999999999810e-01	1.410697523200000000e+10	3.967152917150087998e-02	2.059055106749439062e-02	5.910487537309115028e-04
1.685824000000000000e+12	1.662400000000000091e+02	1.662399999999999989e-01	1.401256908800000000e+10	3.599695772152699397e-02	1.924666393900270264e-02	5.904038090736073510e-04
1.685824000000000000e+12	1.638799999999999955e+02	1.638799999999999701e-01	1.381364185600000000e+10	3.535587693006164017e-02	2.097318557068458128e-02	6.030772644821663512e-04
1.685824000000000000e+12	1.651200000000000045e+02	1.651199999999999890e-01	1.391816294400000000e+10	3.876207513116242120e-02	2.029119001133275479e-02	6.271986407116300535e-04
1.685824000000000000e+12	1.295600000000000023e+02	1.295599999999999807e-01	1.092076787200000000e+10	2.671675796202180320e-02	2.022690984156557195e-02	5.991139694981623826e-04
1.685824000000000000e+12	1.280799999999999841e+02	1.280799999999999994e-01	1.079601689600000000e+10	2.423375564701927762e-02	1.898898076545146515e-02	5.540454310343992253e-04
1.685824000000000000e+12	1.282800000000000011e+02	1.282800000000000051e-01	1.081287513600000000e+10	2.664018147308525042e-02	2.107565695621918880e-02	5.878583473774548398e-04
1.685824000000000000e+12	1.290000000000000000e+02	1.290000000000000036e-01	1.087356480000000000e+10	2.837486626538520545e-02	2.204540986954002871e-02	5.505489059186449924e-04
1.685824000000000000e+12	1.272800000000000011e+02	1.272800000000000042e-01	1.072858393600000000e+10	2.689650123438696097e-02	2.213110693471927876e-02	5.556233256859338318e-04
1.685824000000000000e+12	1.014000000000000057e+02	1.014000000000000040e-01	8.547127680000000000e+09	2.331591454720182560e-02	1.967219483749987202e-02	6.627730027841243496e-04
1.685824000000000000e+12	9.523999999999999488e+01	9.523999999999999133e-02	8.027893888000000000e+09	2.043650110050293858e-02	1.826993998542111169e-02	5.830431828035802103e-04
1.685824000000000000e+12	1.002000000000000028e+02	1.001999999999999974e-01	8.445978240000000000e+09	2.075550444538748832e-02	1.987972416683293428e-02	5.367238476908119853e-04
1.685824000000000000e+12	9.512000000000000455e+01	9.512000000000001010e-02	8.017778944000000000e+09	2.174929568567677066e-02	1.970783619451220436e-02	5.626222339218762622e-04
1.685824000000000000e+12	9.879999999999999716e+01	9.879999999999998506e-02	8.327970560000000000e+09	2.231332235229274361e-02	1.960001420411024500e-02	5.507315053286246983e-04
1.685824000000000000e+12	7.571999999999999886e+01	7.571999999999999564e-02	6.382529664000000000e+09	1.452001567744446234e-02	2.088630623118754165e-02	5.589966279232143733e-04
1.685824000000000000e+12	7.764000000000000057e+01	7.764000000000000068e-02	6.544368768000000000e+09	1.669605078008316867e-02	1.675779889685947294e-02	6.132357887413692615e-04
1.685824000000000000e+12	7.864000000000000057e+01	7.864000000000001545e-02	6.628659968000000000e+09	1.762763725680997415e-02	1.935852560165067168e-02	5.906036186034421083e-04
1.685824000000000000e+12	7.943999999999999773e+01	7.944000000000001060e-02	6.696092928000000000e+09	1.898656824996578646e-02	2.362837026034535909e-02	5.477376524245308135e-04
1.685824000000000000e+12	7.707999999999999829e+01	7.708000000000000962e-02	6.497165696000000000e+09	1.818920151770726107e-02	1.871820868500102472e-02	5.684882841325801170e-04
1.685824000000000000e+12	6.147999999999999687e+01	6.147999999999999993e-02	5.182222976000000000e+09	1.631695597243378731e-02	1.816185358889906357e-02	5.176679995679076950e-04
1.685824000000000000e+12	6.400000000000000000e+01	6.400000000000000133e-02	5.394636800000000000e+09	1.422222075807439909e-02	1.970012582084391950e-02	4.703728795499390004e-04
1.685824000000000000e+12	6.167999999999999261e+01	6.167999999999999178e-02	5.199081216000000000e+09	1.600095157145915367e-02	1.778489715060098050e-02	5.414347808443927598e-04
1.685824000000000000e+12	5.996000000000000085e+01	5.995999999999999941e-02	5.054100352000000000e+09	1.731333831903612147e-02	2.174138194462591975e-02	5.484411573879183341e-04
1.685824000000000000e+12	6.252000000000000313e+01	6.251999999999999225e-02	5.269885824000000000e+09	1.439115935960217155e-02	2.006466781529918711e-02	5.177336961152783062e-04
1.685824000000000000e+12	4.928000000000000114e+01	4.928000000000000436e-02	4.153870336000000000e+09	1.460130321176620824e-02	2.028088233629729217e-02	4.808018390623455297e-04
1.685824000000000000e+12	5.092000000000000171e+01	5.092000000000000692e-02	4.292107904000000000e+09	1.194873593516604035e-02	1.891489069750950519e-02	5.540036561740740214e-04
1.685824000000000000e+12	4.932000000000000028e+01	4.932000000000000273e-02	4.157241984000000000e+09	1.586807359810336535e-02	1.662453640564558882e-02	5.135551838713751146e-04
1.685824000000000000e+12	5.007999999999999829e+01	5.008000000000001339e-02	4.221303296000000000e+09	1.504593936373566955e-02	1.818027309861019319e-02	5.576940226316482547e-04
1.685824000000000000e+12	5.292000000000000171e+01	5.292000000000000176e-02	4.460690304000000000e+09	1.349480230583139859e-02	1.947068265894599803e-02	5.278303760256964402e-04
1.685824000000000000e+12	4.539999999999999858e+01	4.540000000000000285e-02	3.826820480000000000e+09	1.655831940061034541e-02	2.155367436024697644e-02	4.978629622252501736e-04
1.685824000000000000e+12	4.367999999999999972e+01	4.368000000000000355e-02	3.681839616000000000e+09	1.188376510990565328e-02	1.908903302471773658e-02	5.486776758707277843e-04
1.685824000000000000e+12	4.616000000000000369e+01	4.615999999999999270e-02	3.890881792000000000e+09	1.562633161574922269e-02	1.803659196440231954e-02	5.045292144179218743e-04
1.685824000000000000e+12	4.688000000000000256e+01	4.688000000000000500e-02	3.951571456000000000e+09	1.445764652284196872e-02	1.657767836474644679e-02	5.702837674680079696e-04
1.685824000000000000e+12	4.807999999999999829e+01	4.807999999999999774e-02	4.052720896000000000e+09	1.447280254644283705e-02	1.851807121816230819e-02	5.218239532977200952e-04
1.668398000000000000e+12	4.049199999999999591e+02	4.049200000000000021e-01	3.377838590800000000e+10	1.146967571575805839e-01	2.207685156574573995e-02	5.813643376400517808e-04
1.668398000000000000e+12	4.032800000000000296e+02	4.032799999999999718e-01	3.364157727200000000e+10	1.263775777117552845e-01	2.256080760961402115e-02	5.405702319878104550e-04
1.668398000000000000e+12	4.048000000000000114e+02	4.047999999999999932e-01	3.376837552000000000e+10	1.387664642801064441e-01	2.149144892357707573e-02	6.136660617750903761e-04
1.668398000000000000e+12	4.011200000000000045e+02	4.011200000000000321e-01	3.346139028800000000e+10	1.421111410491903426e-01	1.923294118086528448e-02	5.909125954677425753e-04
1.668398000000000000e+12	4.169600000000000364e+02	4.169599999999999973e-01	3.478276150400000000e+10	1.410076311764714707e-01	2.125046066648676388e-02	5.817821718320960586e-04
1.668398000000000000e+12	3.023600000000000136e+02	3.023600000000000176e-01	2.522284096400000000e+10	7.592901276104384312e-02	2.139224140661171586e-02	5.807464065091270727e-04
1.668398000000000000e+12	3.008799999999999955e+02	3.008799999999999808e-01	2.509937951200000000e+10	7.106962145913711670e-02	2.057328658057825180e-02	5.817613224357243628e-04
1.668398000000000000e+12	3.075199999999999818e+02	3.075200000000000156e-01	2.565328764800000000e+10	8.235663433755689711e-02	2.111779163173380797e-02	5.847584333088914812e-04
1.668398000000000000e+12	3.100400000000000205e+02	3.100400000000000378e-01	2.586350579600000000e+10	9.081134353104061696e-02	2.181755075279936951e-02	5.620208359381531063e-04
1.668398000000000000e+12	3.049599999999999795e+02	3.049600000000000088e-01	2.543973270400000000e+10	9.218301796256127278e-02	2.057775789388179705e-02	6.188112942051956144e-04
1.668398000000000000e+12	2.314000000000000057e+02	2.314000000000000501e-01	1.930336486000000000e+10	6.415173377255996290e-02	2.106608755128286728e-02	5.963345888526279132e-04
1.668398000000000000e+12	2.326400000000000148e+02	2.326399999999999579e-01	1.940680553600000000e+10	5.881828869132732507e-02	2.116820049789577135e-02	5.996136921458369894e-04
1.668398000000000000e+12	2.328800000000000239e+02	2.328800000000000314e-01	1.942682631200000000e+10	6.009788730709260396e-02	2.047094981557476961e-02	6.030540100176732176e-04
1.668398000000000000e+12	2.384399999999999977e+02	2.384400000000000408e-01	1.989064095600000000e+10	6.368466403224373740e-02	2.079385913221126411e-02	5.717127004481079803e-04
1.668398000000000000e+12	2.378400000000000034e+02	2.378399999999999959e-01	1.984058901600000000e+10	6.212869987157319113e-02	2.125020916309313876e-02	5.562563898678722337e-04
1.668398000000000000e+12	1.800400000000000205e+02	1.800400000000000333e-01	1.501891879600000000e+10	4.455138821016589590e-02	2.093836572179925623e-02	5.506535598271986107e-04
1.668398000000000000e+12	1.804799999999999898e+02	1.804800000000000293e-01	1.505562355200000000e+10	4.520498340325503073e-02	2.048991337421686779e-02	5.689524443918924897e-04
1.668398000000000000e+12	1.824799999999999898e+02	1.824800000000000311e-01	1.522246335200000000e+10	4.574899435805492021e-02	2.039306470591138731e-02	5.869743426083442366e-04
1.668398000000000000e+12	1.755999999999999943e+02	1.755999999999999783e-01	1.464853444000000000e+10	4.898911251812023554e-02	2.085644031618804489e-02	5.870066856570237222e-04
1.668398000000000000e+12	1.845999999999999943e+02	1.846000000000000141e-01	1.539931354000000000e+10	4.975597780254246982e-02	1.956191114905785761e-02	5.876043532954046845e-04
1.668398000000000000e+12	1.380799999999999841e+02	1.380800000000000083e-01	1.151861979200000000e+10	3.483143569450476706e-02	1.981391001371961974e-02	5.826214342929893382e-04
1.668398000000000000e+12	1.421200000000000045e+02	1.421199999999999686e-01	1.185563618800000000e+10	3.503821204190898930e-02	1.873739600063809019e-02	5.851336437590068731e-04
1.668398000000000000e+12	1.385200000000000102e+02	1.385200000000000320e-01	1.155532454800000000e+10	3.761031564732547627e-02	1.964626455901621188e-02	5.845707954522461405e-04
1.668398000000000000e+12	1.415200000000000102e+02	1.415200000000000069e-01	1.180558424800000000e+10	3.255476699177961564e-02	2.167753342048275161e-02	5.540383256127324931e-04
1.668398000000000000e+12	1.378000000000000114e+02	1.378000000000000058e-01	1.149526222000000000e+10	3.549823091796497354e-02	2.020524831613179639e-02	6.041374263899640601e-04
1.668398000000000000e+12	1.086400000000000148e+02	1.086399999999999866e-01	9.062737936000000000e+09	2.667727779278720665e-02	2.070549585123516306e-02	5.530244808647918290e-04
1.668398000000000000e+12	1.059599999999999937e+02	1.059600000000000125e-01	8.839172604000000000e+09	2.421229807670897613e-02	2.144457527080072951e-02	5.385368232537534119e-04
1.668398000000000000e+12	1.090799999999999983e+02	1.090800000000000242e-01	9.099442692000000000e+09	2.750916372759092815e-02	1.933513680694188414e-02	5.516059405741263310e-04
1.668398000000000000e+12	1.094799999999999898e+02	1.094799999999999940e-01	9.132810652000000000e+09	2.967572582849243440e-02	2.035587907915011388e-02	5.454075760488093791e-04
1.668398000000000000e+12	1.103200000000000074e+02	1.103200000000000014e-01	9.202883368000000000e+09	2.763929343218478676e-02	1.836258718844830870e-02	4.987463611453881156e-04
1.668398000000000000e+12	8.507999999999999829e+01	8.507999999999998897e-02	7.097365092000000000e+09	2.524554188250476700e-02	1.771494124682129745e-02	5.648635466704872822e-04
1.668398000000000000e+12	8.452000000000001023e+01	8.452000000000001179e-02	7.050649948000000000e+09	2.513788224308882713e-02	1.922531982846440238e-02	5.032984970837861387e-04
1.668398000000000000e+12	8.276000000000000512e+01	8.276000000000000023e-02	6.903830924000000000e+09	2.583533433809862001e-02	2.210430757798290818e-02	5.560793215096370692e-04
1.668398000000000000e+12	8.596000000000000796e+01	8.596000000000000862e-02	7.170774604000000000e+09	2.502628362050017888e-02	1.855727071503422351e-02	5.356737639622717725e-04
1.668398000000000000e+12	8.507999999999999829e+01	8.508000000000001672e-02	7.097365092000000000e+09	2.491489943076885538e-02	1.806895798437684747e-02	5.408948786060613747e-04
1.668398000000000000e+12	6.735999999999999943e+01	6.736000000000000321e-02	5.619164464000000000e+09	2.011506575881867251e-02	2.229711044912668222e-02	5.003742231203543766e-04
1.668398000000000000e+12	6.884000000000000341e+01	6.883999999999999841e-02	5.742625916000000000e+09	1.967523731771507120e-02	1.900767658405992655e-02	5.518285451638071937e-04
1.668398000000000000e+12	6.587999999999999545e+01	6.588000000000000800e-02	5.495703012000000000e+09	2.047923156138494946e-02	2.025985840323629023e-02	6.128381737860672321e-04
1.668398000000000000e+12	7.015999999999999659e+01	7.016000000000000014e-02	5.852740184000000000e+09	1.826854322083818274e-02	1.860426874455360993e-02	6.068475390696928410e-04
1.668398000000000000e+12	6.903999999999999204e+01	6.904000000000000414e-02	5.759309896000000000e+09	1.968336895644825016e-02	1.995396671685894380e-02	5.541171287801341470e-04
1.668398000000000000e+12	5.623999999999999488e+01	5.623999999999999833e-02	4.691535176000000000e+09	2.187583764040027662e-02	1.947019549527732526e-02	5.573996057694735173e-04
1.668398000000000000e+12	5.464000000000000057e+01	5.464000000000000107e-02	4.558063336000000000e+09	2.030132117626635632e-02	1.808315654447257420e-02	4.676340015604429391e-04
1.668398000000000000e+12	5.407999999999999829e+01	5.408000000000000307e-02	4.511348192000000000e+09	1.852672328728658530e-02	2.017540143240848655e-02	4.578657886151903567e-04
1.668398000000000000e+12	5.592000000000000171e+01	5.591999999999999055e-02	4.664840808000000000e+09	1.982330604816525191e-02	1.804854374513207432e-02	5.598341674640046253e-04
1.668398000000000000e+12	5.656000000000000227e+01	5.655999999999999917e-02	4.718229544000000000e+09	1.922429442902284791e-02	1.502650316378261255e-02	6.186599246236496995e-04
1.668398000000000000e+12	4.732000000000000028e+01	4.731999999999999401e-02	3.947429668000000000e+09	2.237050678972082179e-02	2.157608347675015956e-02	4.401931682151147621e-04
1.668398000000000000e+12	5.172000000000000597e+01	5.172000000000000902e-02	4.314477228000000000e+09	1.801255407295684549e-02	1.746543205053587011e-02	5.186201347825357367e-04
1.668398000000000000e+12	4.732000000000000028e+01	4.732000000000000095e-02	3.947429668000000000e+09	1.634391889756443492e-02	1.832604411461119867e-02	5.221840579360937208e-04
1.668398000000000000e+12	5.060000000000000142e+01	5.059999999999999915e-02	4.221046940000000000e+09	2.018416330443869797e-02	1.630238280270822002e-02	5.573828503222333450e-04
1.668398000000000000e+12	4.835999999999999943e+01	4.836000000000000021e-02	4.034186364000000000e+09	2.221987939710743515e-02	2.006898970968303691e-02	4.786944397469590018e-04
1.638356000000000000e+12	4.386000000000000227e+02	4.385999999999999899e-01	3.592914708000000000e+10	1.574685321529977755e-01	2.053902389260098965e-02	5.897054586581763728e-04
1.638356000000000000e+12	4.381999999999999886e+02	4.381999999999999784e-01	3.589637996000000000e+10	1.608789232036542671e-01	1.981854572256744329e-02	5.813176454927137821e-04
1.638356000000000000e+12	4.376000000000000227e+02	4.375999999999999335e-01	3.584722928000000000e+10	1.645554180789440546e-01	2.033580585634803609e-02	5.373023206921800866e-04
1.638356000000000000e+12	4.383199999999999932e+02	4.383200000000000429e-01	3.590621009600000000e+10	1.721143171920994086e-01	2.025257729364287121e-02	5.657502412629592187e-04
1.638356000000000000e+12	4.405600000000000591e+02	4.405599999999999516e-01	3.608970596800000000e+10	1.688834130498435004e-01	2.049458958213086143e-02	5.532510562393004811e-04
1.638356000000000000e+12	3.295199999999999818e+02	3.295199999999999796e-01	2.699355345600000000e+10	1.000615736898180230e-01	1.950934670390005315e-02	6.099990141381032979e-04
1.638356000000000000e+12	3.288400000000000318e+02	3.288400000000000212e-01	2.693784935200000000e+10	9.809132382497409708e-02	2.061347347642213806e-02	5.684092575910096919e-04
1.638356000000000000e+12	3.317599999999999909e+02	3.317599999999999993e-01	2.717704932800000000e+10	9.507636547239599334e-02	2.015361833062338098e-02	5.766039966322088033e-04
1.638356000000000000e+12	3.262400000000000091e+02	3.262400000000000300e-01	2.672486307200000000e+10	1.091494286872694008e-01	2.023808765770958654e-02	5.793251658657778188e-04
1.638356000000000000e+12	3.256000000000000227e+02	3.256000000000000005e-01	2.667243568000000000e+10	1.081811952516182063e-01	2.126827066640961036e-02	5.968716921212306736e-04
1.638356000000000000e+12	2.555999999999999943e+02	2.555999999999999939e-01	2.093818968000000000e+10	6.915471949430866683e-02	2.200466204980497040e-02	5.508299545971975884e-04
1.638356000000000000e+12	2.499199999999999875e+02	2.499199999999999755e-01	2.047289657600000000e+10	7.904602089429317580e-02	1.916637127279572500e-02	5.553646878431247203e-04
1.638356000000000000e+12	2.507199999999999704e+02	2.507199999999999984e-01	2.053843081600000000e+10	8.253410504981729956e-02	1.964832521479341343e-02	5.657800702342685902e-04
1.638356000000000000e+12	2.497599999999999909e+02	2.497599999999999820e-01	2.045978972800000000e+10	7.274052889420999646e-02	2.127864665718455159e-02	5.914237813377694331e-04
1.638356000000000000e+12	2.583600000000000136e+02	2.583599999999999786e-01	2.116428280800000000e+10	7.473631898837992948e-02	2.104851820412156210e-02	6.010470031161151746e-04
1.638356000000000000e+12	1.889200000000000159e+02	1.889200000000000046e-01	1.547591077600000000e+10	5.634596641204552003e-02	1.948536679909847885e-02	5.286394265874721794e-04
1.638356000000000000e+12	1.928799999999999955e+02	1.928799999999999959e-01	1.580030526400000000e+10	5.386235273621423764e-02	2.233626851154219342e-02	5.622966410250960665e-04
1.638356000000000000e+12	1.955600000000000023e+02	1.955600000000000116e-01	1.601984496800000000e+10	5.845393573514229280e-02	2.138575204280948952e-02	5.958483075693481960e-04
1.638356000000000000e+12	1.922800000000000011e+02	1.922800000000000065e-01	1.575115458400000000e+10	5.505666472296070341e-02	2.000686179259315856e-02	5.933345204661922201e-04
1.638356000000000000e+12	1.925200000000000102e+02	1.925199999999999689e-01	1.577081485600000000e+10	6.440102140337330971e-02	1.995613333216383206e-02	6.132139152481485764e-04
1.638356000000000000e+12	1.405600000000000023e+02	1.405599999999999905e-01	1.151436596800000000e+10	4.128076311215408967e-02	1.970452764258148748e-02	4.957960872134508246e-04
1.638356000000000000e+12	1.499200000000000159e+02	1.499199999999999977e-01	1.228111657600000000e+10	3.927733898242877220e-02	1.912846370244961763e-02	5.325253608858022004e-04
1.638356000000000000e+12	1.464000000000000057e+02	1.464000000000000024e-01	1.199276592000000000e+10	4.463545900260214305e-02	2.095690812387004248e-02	5.373647658191738367e-04
1.638356000000000000e+12	1.455999999999999943e+02	1.456000000000000072e-01	1.192723168000000000e+10	4.609855541766592207e-02	1.941110184237886116e-02	5.591875120065070140e-04
1.638356000000000000e+12	1.495200000000000102e+02	1.495200000000000140e-01	1.224834945600000000e+10	4.648271229632882501e-02	2.163544692234552896e-02	5.508011458149641212e-04
1.638356000000000000e+12	1.152800000000000011e+02	1.152799999999999797e-01	9.443483984000000000e+09	2.933861160228843842e-02	1.958476276090458795e-02	5.373273885159650463e-04
1.638356000000000000e+12	1.165599999999999881e+02	1.165599999999999969e-01	9.548338768000000000e+09	3.365077936246961554e-02	1.931420607308579826e-02	5.286687020474562350e-04
1.638356000000000000e+12	1.182800000000000011e+02	1.182799999999999824e-01	9.689237384000000000e+09	3.479473012521339115e-02	1.854440162554100990e-02	5.673040323357936851e-04
1.638356000000000000e+12	1.178799999999999955e+02	1.178800000000000125e-01	9.656470264000000000e+09	3.358579136101980112e-02	1.915325389526843433e-02	5.449762815774242134e-04
1.638356000000000000e+12	1.152800000000000011e+02	1.152799999999999797e-01	9.443483984000000000e+09	3.809748957057308705e-02	1.866833213429374555e-02	5.146239949774057730e-04
1.638356000000000000e+12	8.792000000000000171e+01	8.791999999999999815e-02	7.202212976000000000e+09	2.963414220126651261e-02	1.731889281861914015e-02	5.307599804759237632e-04
1.638356000000000000e+12	8.856000000000000227e+01	8.855999999999999983e-02	7.254640368000000000e+09	2.549302219204037032e-02	2.286556638738869440e-02	4.956574166526223849e-04
1.638356000000000000e+12	9.203999999999999204e+01	9.204000000000001069e-02	7.539714312000000000e+09	3.305019845924107857e-02	1.609776218976586085e-02	5.644798442631549385e-04
1.638356000000000000e+12	9.140000000000000568e+01	9.140000000000000902e-02	7.487286920000000000e+09	3.454686235565532226e-02	2.004281664029893689e-02	5.638584843927711004e-04
1.638356000000000000e+12	9.103999999999999204e+01	9.104000000000000981e-02	7.457796512000000000e+09	3.050668317477175234e-02	2.097861888552252779e-02	5.304118334573360797e-04
1.638356000000000000e+12	7.492000000000000171e+01	7.492000000000001436e-02	6.137281576000000000e+09	2.574198713149599207e-02	1.921774491679543659e-02	5.778501616360266985e-04
1.638356000000000000e+12	7.100000000000000000e+01	7.099999999999999367e-02	5.816163800000000000e+09	2.771844262410013554e-02	1.906751108497788810e-02	5.294229975720048066e-04
1.638356000000000000e+12	7.496000000000000796e+01	7.495999999999999885e-02	6.140558288000000000e+09	2.489036403980207993e-02	1.779684219665978590e-02	5.010841089335550495e-04
1.638356000000000000e+12	7.196000000000000796e+01	7.195999999999999619e-02	5.894804888000000000e+09	2.635285158346959908e-02	1.925263225107364320e-02	5.547218316635970292e-04
1.638356000000000000e+12	6.976000000000000512e+01	6.975999999999998868e-02	5.714585728000000000e+09	2.959923528642320958e-02	1.889236199799041588e-02	5.292876419672514149e-04
1.638356000000000000e+12	6.139999999999999858e+01	6.140000000000001013e-02	5.029752920000000000e+09	2.559556082103881663e-02	1.879612203844828119e-02	5.137144324009243869e-04
1.638356000000000000e+12	5.676000000000000512e+01	5.675999999999999795e-02	4.649654328000000000e+09	2.460037233920956898e-02	1.847916951573616226e-02	5.241325777082336433e-04
1.638356000000000000e+12	5.703999999999999915e+01	5.704000000000000042e-02	4.672591312000000000e+09	2.463359687408228638e-02	1.930690408322507934e-02	5.811714192410570275e-04
1.638356000000000000e+12	5.876000000000000512e+01	5.875999999999999973e-02	4.813489928000000000e+09	2.080452327121747741e-02	2.165894020477836940e-02	5.328649354729233806e-04
1.638356000000000000e+12	5.783999999999999631e+01	5.784000000000000252e-02	4.738125552000000000e+09	2.247133906394083169e-02	1.986722350474443011e-02	5.131794904610437408e-04
1.638356000000000000e+12	5.364000000000000057e+01	5.364000000000000712e-02	4.394070792000000000e+09	2.506416270740373722e-02	1.898479184033476444e-02	5.444981814542581167e-04
1.638356000000000000e+12	5.423999999999999488e+01	5.423999999999999655e-02	4.443221472000000000e+09	2.503460419018665312e-02	2.203097811432463277e-02	4.967773283199155296e-04
1.638356000000000000e+12	5.396000000000000085e+01	5.395999999999998714e-02	4.420284487999999046e+09	2.381753638333975603e-02	1.793579353781264013e-02	5.101337970409962081e-04
1.638356000000000000e+12	5.500000000000000000e+01	5.500000000000000722e-02	4.505479000000000000e+09	2.300291038385694070e-02	1.990033076107364240e-02	5.154356390257372337e-04
1.638356000000000000e+12	5.139999999999999858e+01	5.140000000000000124e-02	4.210574920000000000e+09	2.550608725370693761e-02	2.041905327097557482e-02	4.832772654537826002e-04
1.599798000000000000e+12	4.710800000000000409e+02	4.710800000000000542e-01	3.768164209200000000e+10	1.808176961762182899e-01	2.195233467188850013e-02	5.592795641872405285e-04
1.599798000000000000e+12	4.701999999999999886e+02	4.702000000000000068e-01	3.761125098000000000e+10	1.887361531928763714e-01	2.147643910829270114e-02	5.844691547659000780e-04
1.599798000000000000e+12	4.686000000000000227e+02	4.686000000000000165e-01	3.748326714000000000e+10	2.038420301741825647e-01	2.253202895521600607e-02	5.834189430821290359e-04
1.599798000000000000e+12	4.762800000000000296e+02	4.762800000000000367e-01	3.809758957200000000e+10	2.034727288410249635e-01	2.083044657621586568e-02	5.727267605637324007e-04
1.599798000000000000e+12	4.754800000000000182e+02	4.754800000000000137e-01	3.803359765200000000e+10	1.944121168507990660e-01	1.983014315398887173e-02	5.748213441055707428e-04
1.599798000000000000e+12	3.413999999999999773e+02	3.414000000000000368e-01	2.730855186000000000e+10	1.223730978142884840e-01	2.125539871400058609e-02	5.550949012526734108e-04
1.599798000000000000e+12	3.524399999999999977e+02	3.524399999999999755e-01	2.819164035600000000e+10	1.164786590554831580e-01	2.127041137983214439e-02	5.823841955077306912e-04
1.599798000000000000e+12	3.514800000000000182e+02	3.514799999999999591e-01	2.811485005200000000e+10	1.240218260371147990e-01	2.134531174470118489e-02	5.717242353913845696e-04
1.599798000000000000e+12	3.443199999999999932e+02	3.443200000000000149e-01	2.754212236800000000e+10	1.380357400284447089e-01	2.087088150301848535e-02	5.890302158350319657e-04
1.599798000000000000e+12	3.443999999999999773e+02	3.444000000000000394e-01	2.754852156000000000e+10	1.398475855910873977e-01	2.117137181429530959e-02	5.609945654334218615e-04
1.599798000000000000e+12	2.649599999999999795e+02	2.649600000000000288e-01	2.119412390400000000e+10	8.395400848232384416e-02	1.827073664575686388e-02	6.041637525855180022e-04
1.599798000000000000e+12	2.690000000000000000e+02	2.689999999999999614e-01	2.151728310000000000e+10	8.083938854522784712e-02	2.018878964738003018e-02	5.725780311807368312e-04
1.599798000000000000e+12	2.660800000000000409e+02	2.660800000000000387e-01	2.128371259200000000e+10	9.643738075741567495e-02	2.077989157794742428e-02	6.059743391702137336e-04
1.599798000000000000e+12	2.733199999999999932e+02	2.733200000000000074e-01	2.186283946800000000e+10	8.529703727675951030e-02	2.018106759241616519e-02	5.662729522593930179e-04
1.599798000000000000e+12	2.693199999999999932e+02	2.693200000000000038e-01	2.154287986800000000e+10	9.511621620022196744e-02	2.283034709907273002e-02	5.210587793945073995e-04
1.599798000000000000e+12	2.045999999999999943e+02	2.045999999999999763e-01	1.636593354000000000e+10	5.831400200009738410e-02	1.794804625746033305e-02	5.896008165071884872e-04
1.599798000000000000e+12	2.103199999999999932e+02	2.103200000000000069e-01	1.682347576800000000e+10	6.636351847659170688e-02	2.017980046898844998e-02	5.462452005459016071e-04
1.599798000000000000e+12	2.128400000000000034e+02	2.128400000000000014e-01	1.702505031600000000e+10	6.758506778025548389e-02	2.128331635445378234e-02	5.610623060533436682e-04
1.599798000000000000e+12	2.046800000000000068e+02	2.046800000000000286e-01	1.637233273200000000e+10	7.021181330002945753e-02	2.014670244932403181e-02	5.610615444988443015e-04
1.599798000000000000e+12	2.045200000000000102e+02	2.045199999999999796e-01	1.635953434800000000e+10	7.062218233037129145e-02	2.183392912976699074e-02	6.328277135662700682e-04
1.599798000000000000e+12	1.583599999999999852e+02	1.583600000000000008e-01	1.266720056400000000e+10	5.315528775441634435e-02	1.949623493750155326e-02	5.781417413205855449e-04
1.599798000000000000e+12	1.597199999999999989e+02	1.597200000000000009e-01	1.277598682800000000e+10	5.049542079290404717e-02	2.053011601959458046e-02	5.680852363111016205e-04
1.599798000000000000e+12	1.607599999999999909e+02	1.607600000000000140e-01	1.285917632400000000e+10	5.106410531270740016e-02	1.959104013763160457e-02	5.196555190690404060e-04
1.599798000000000000e+12	1.612800000000000011e+02	1.612800000000000067e-01	1.290077107200000000e+10	5.007814027509084609e-02	1.923021861568439961e-02	5.782186785393857295e-04
1.599798000000000000e+12	1.594399999999999977e+02	1.594400000000000261e-01	1.275358965600000000e+10	5.064485230321225107e-02	2.072008570418639242e-02	5.568002628089548101e-04
1.599798000000000000e+12	1.216799999999999926e+02	1.216799999999999826e-01	9.733171032000000000e+09	4.179007749424272500e-02	2.210674364831726954e-02	5.234001311324136671e-04
1.599798000000000000e+12	1.220400000000000063e+02	1.220400000000000096e-01	9.761967396000000000e+09	4.002350398377529928e-02	2.187013699377409609e-02	5.651789515442253060e-04
1.599798000000000000e+12	1.220000000000000000e+02	1.219999999999999973e-01	9.758767800000000000e+09	4.526440472878675431e-02	2.031395022294795946e-02	5.701920942755798203e-04
1.599798000000000000e+12	1.247199999999999989e+02	1.247199999999999837e-01	9.976340328000000000e+09	4.470299079819596566e-02	2.191790904881682489e-02	5.084331179214445027e-04
1.599798000000000000e+12	1.234799999999999898e+02	1.234800000000000064e-01	9.877152852000000000e+09	4.563740507439433686e-02	1.909049343463034565e-02	5.566020034883370146e-04
1.599798000000000000e+12	9.820000000000000284e+01	9.819999999999999563e-02	7.855008180000000000e+09	3.552316125462311874e-02	2.033731298947286797e-02	4.826456725114260213e-04
1.599798000000000000e+12	9.700000000000000000e+01	9.700000000000000289e-02	7.759020300000000000e+09	3.222286361578881320e-02	2.062754899913502027e-02	5.313484104904413977e-04
1.599798000000000000e+12	9.912000000000000455e+01	9.911999999999998590e-02	7.928598888000000000e+09	3.702911762509757121e-02	1.859673316446810304e-02	5.237008219771998371e-04
1.599798000000000000e+12	9.396000000000000796e+01	9.396000000000001573e-02	7.515851004000000000e+09	3.882129741814423912e-02	2.099771393351193907e-02	5.653771059873745211e-04
1.599798000000000000e+12	9.403999999999999204e+01	9.403999999999999859e-02	7.522250196000000000e+09	3.695436857864479313e-02	1.973198222443727640e-02	5.622690626912003279e-04
1.599798000000000000e+12	7.767999999999999261e+01	7.767999999999999905e-02	6.213615432000000000e+09	2.657575029230429056e-02	2.202235472364577618e-02	5.470396461239047372e-04
1.599798000000000000e+12	7.620000000000000284e+01	7.619999999999998996e-02	6.095230380000000000e+09	3.216635950941054006e-02	1.791053455154799356e-02	5.364392058527225546e-04
1.599798000000000000e+12	7.552000000000001023e+01	7.552000000000000379e-02	6.040837248000000000e+09	3.474532145102784964e-02	2.131664767104543209e-02	5.651201701480932163e-04
1.599798000000000000e+12	7.932000000000000739e+01	7.932000000000000162e-02	6.344798868000000000e+09	3.050417251866747309e-02	1.765413070686993810e-02	4.533894066572399513e-04
1.599798000000000000e+12	7.620000000000000284e+01	7.620000000000000384e-02	6.095230380000000000e+09	3.299095735023001991e-02	2.060203717214181829e-02	5.473491444883762675e-04
1.599798000000000000e+12	6.264000000000000057e+01	6.264000000000000123e-02	5.010567336000000000e+09	2.648870393066317733e-02	2.083897798491741310e-02	5.574595867857500388e-04
1.599798000000000000e+12	6.571999999999999886e+01	6.572000000000000064e-02	5.256936228000000000e+09	2.683642771471568197e-02	1.921224847856524767e-02	4.581518097969135110e-04
1.599798000000000000e+12	6.196000000000000085e+01	6.195999999999999425e-02	4.956174204000000000e+09	3.550287330846913642e-02	1.885908975975246482e-02	5.031961274456636397e-04
1.599798000000000000e+12	6.283999999999999631e+01	6.283999999999999309e-02	5.026565316000000000e+09	2.768230751082228352e-02	1.855732979869120433e-02	4.749849243641288241e-04
1.599798000000000000e+12	6.347999999999999687e+01	6.348000000000000864e-02	5.077758852000000000e+09	2.831042892554250928e-02	2.020928925226815609e-02	5.182556697802089603e-04
1.599798000000000000e+12	5.972000000000000597e+01	5.972000000000000919e-02	4.776996828000000000e+09	2.089019775758060860e-02	1.956105260040710142e-02	5.674469638310400323e-04
1.599798000000000000e+12	6.076000000000000512e+01	6.075999999999999457e-02	4.860186324000000000e+09	2.697337738807618554e-02	1.886508907780793526e-02	5.571362653466734125e-04
1.599798000000000000e+12	5.803999999999999915e+01	5.804000000000000131e-02	4.642613796000000000e+09	3.246502454707297231e-02	1.944769367549870759e-02	5.770562499786821217e-04
1.599798000000000000e+12	5.735999999999999943e+01	5.736000000000000820e-02	4.588220664000000000e+09	2.675663847754549199e-02	1.996124832840719468e-02	5.120041702142746811e-04
1.599798000000000000e+12	5.607999999999999829e+01	5.608000000000000485e-02	4.485833592000000000e+09	2.981518081674948764e-02	1.952412513131569077e-02	5.835804113190048905e-04
1.555462000000000000e+12	4.997199999999999704e+02	4.997200000000001086e-01	3.886477353200000000e+10	1.959566408319005915e-01	2.056676192717063478e-02	6.043859138926655720e-04
1.555462000000000000e+12	4.982399999999999523e+02	4.982400000000000162e-01	3.874966934400000000e+10	2.087538384868094232e-01	2.086194490391200460e-02	5.768309129097658671e-04
1.555462000000000000e+12	5.051600000000000250e+02	5.051599999999999424e-01	3.928785919600000000e+10	2.491697552493860601e-01	1.923955232597862261e-02	5.637173514594134762e-04
1.555462000000000000e+12	4.997600000000000477e+02	4.997600000000000375e-01	3.886788445600000000e+10	2.477369216879742597e-01	2.082981942931892358e-02	5.727279715680661052e-04
1.555462000000000000e+12	4.977199999999999704e+02	4.977199999999999958e-01	3.870922733200000000e+10	2.469432859521475676e-01	2.043542865513738732e-02	5.805955373370273514e-04
1.555462000000000000e+12	3.700800000000000409e+02	3.700799999999999645e-01	2.878226884800000000e+10	1.493938855120359177e-01	2.053191393660929592e-02	5.595301659885481334e-04
1.555462000000000000e+12	3.651999999999999886e+02	3.652000000000000246e-01	2.840273612000000000e+10	1.404051928289481999e-01	2.150173559441317245e-02	5.353320006241111314e-04
1.555462000000000000e+12	3.689599999999999795e+02	3.689599999999999547e-01	2.869516297600000000e+10	1.561432965274070772e-01	2.098275118315686208e-02	5.728837750750535602e-04
1.555462000000000000e+12	3.687199999999999704e+02	3.687199999999999922e-01	2.867649743200000000e+10	1.616838975870632522e-01	1.959407177453514198e-02	5.662086232814984724e-04
1.555462000000000000e+12	3.681599999999999682e+02	3.681600000000000428e-01	2.863294449600000000e+10	1.465894372543698476e-01	2.035449913390332058e-02	5.760036719926758678e-04
1.555462000000000000e+12	2.858799999999999955e+02	2.858800000000000230e-01	2.223377382800000000e+10	1.013828040083535609e-01	2.026241202228644747e-02	5.920665722597588188e-04
1.555462000000000000e+12	2.851200000000000045e+02	2.851200000000000401e-01	2.217466627200000000e+10	1.078998071465684799e-01	2.168329037539537540e-02	5.728339399786406281e-04
1.555462000000000000e+12	2.832400000000000091e+02	2.832399999999999918e-01	2.202845284400000000e+10	1.010110168354003690e-01	2.129567712059554641e-02	5.646415367700899140e-04
1.555462000000000000e+12	2.767599999999999909e+02	2.767600000000000060e-01	2.152448315600000000e+10	1.211712077623815220e-01	1.743461779105408976e-02	5.854540567331062862e-04
1.555462000000000000e+12	2.805600000000000023e+02	2.805600000000000316e-01	2.182002093600000000e+10	1.116137604400500860e-01	2.063850190540215609e-02	5.609656539826186764e-04
1.555462000000000000e+12	2.162400000000000091e+02	2.162399999999999323e-01	1.681765514400000000e+10	6.497739964826905468e-02	2.099686041123379615e-02	5.415778601988962800e-04
1.555462000000000000e+12	2.174000000000000057e+02	2.174000000000000377e-01	1.690787194000000000e+10	8.399615038128104005e-02	1.993590764441934698e-02	5.315278890402158575e-04
1.555462000000000000e+12	2.169199999999999875e+02	2.169200000000000017e-01	1.687054085200000000e+10	8.125764896067266818e-02	2.013291224193013845e-02	6.062643620205906102e-04
1.555462000000000000e+12	2.177199999999999704e+02	2.177199999999999969e-01	1.693275933200000000e+10	8.255474039167894074e-02	1.960281312052179759e-02	5.266571994208266768e-04
1.555462000000000000e+12	2.163199999999999932e+02	2.163199999999999845e-01	1.682387699200000000e+10	9.447615530127222161e-02	1.958360489449485764e-02	5.166982224023706138e-04
1.555462000000000000e+12	1.642400000000000091e+02	1.642400000000000249e-01	1.277345394400000000e+10	6.025391803268576041e-02	2.094482108450560973e-02	5.728493167824205571e-04
1.555462000000000000e+12	1.674799999999999898e+02	1.674799999999999900e-01	1.302543878800000000e+10	5.597529663820750845e-02	2.292810621910701396e-02	5.701808319865149391e-04
1.555462000000000000e+12	1.694799999999999898e+02	1.694800000000000195e-01	1.318098498800000000e+10	5.449962248068913884e-02	2.026162700465421879e-02	5.564042271753015002e-04
1.555462000000000000e+12	1.654000000000000057e+02	1.653999999999999915e-01	1.286367074000000000e+10	6.623591232772015058e-02	1.940010636316404774e-02	5.442580394832421346e-04
1.555462000000000000e+12	1.692400000000000091e+02	1.692400000000000015e-01	1.316231944400000000e+10	6.441624129372940100e-02	1.888264531794935780e-02	6.006291071182932786e-04
1.555462000000000000e+12	1.319599999999999795e+02	1.319600000000000217e-01	1.026293827600000000e+10	4.078030626300460648e-02	2.080132958114771363e-02	5.361242524069940877e-04
1.555462000000000000e+12	1.300000000000000000e+02	1.300000000000000322e-01	1.011050300000000000e+10	4.741737239321082431e-02	1.993015945625154633e-02	5.298187541668593218e-04
1.555462000000000000e+12	1.301599999999999966e+02	1.301599999999999979e-01	1.012294669600000000e+10	4.916619463987444844e-02	1.909482339218501745e-02	5.819605022848064850e-04
1.555462000000000000e+12	1.245599999999999881e+02	1.245600000000000041e-01	9.687417336000000000e+09	5.035851473719958615e-02	2.068553124046772912e-02	5.249710878196760635e-04
1.555462000000000000e+12	1.325600000000000023e+02	1.325600000000000112e-01	1.030960213600000000e+10	5.343667008994088669e-02	1.891486572236542735e-02	6.079006017475057505e-04
1.555462000000000000e+12	1.059200000000000017e+02	1.059199999999999864e-01	8.237726752000000000e+09	4.291636180834757647e-02	2.064285555192108337e-02	5.113530444656570490e-04
1.555462000000000000e+12	1.042800000000000011e+02	1.042800000000000116e-01	8.110178868000000000e+09	4.091360324113339081e-02	2.063113773606867901e-02	5.805428407462061334e-04
1.555462000000000000e+12	1.014000000000000057e+02	1.013999999999999763e-01	7.886192340000000000e+09	3.688644164725701780e-02	1.974948660319009869e-02	5.409393520341349623e-04
1.555462000000000000e+12	1.045200000000000102e+02	1.045199999999999879e-01	8.128844412000000000e+09	4.472250307124341073e-02	1.984386036152576555e-02	5.115807663931137709e-04
1.555462000000000000e+12	1.044799999999999898e+02	1.044799999999999895e-01	8.125733488000000000e+09	4.729618352346733057e-02	1.762789998026478497e-02	5.401606527613311316e-04
1.555462000000000000e+12	7.828000000000000114e+01	7.828000000000000236e-02	6.088078268000000000e+09	3.782147191028343430e-02	1.895521557884599986e-02	5.613870129330551231e-04
1.555462000000000000e+12	7.976000000000000512e+01	7.975999999999998369e-02	6.203182456000000000e+09	3.293816548812174283e-02	2.007349955986238027e-02	5.116504996186483148e-04
1.555462000000000000e+12	7.928000000000000114e+01	7.927999999999998937e-02	6.165851368000000000e+09	3.643415248858218602e-02	2.270451693419212741e-02	5.435579685328453554e-04
1.555462000000000000e+12	8.240000000000000568e+01	8.240000000000000102e-02	6.408503440000000000e+09	3.733926929264271000e-02	2.084339531612083157e-02	5.649679242986386987e-04
1.555462000000000000e+12	8.307999999999999829e+01	8.308000000000000107e-02	6.461389148000000000e+09	4.334954973775893838e-02	1.901374473921653083e-02	5.371701109121650945e-04
1.555462000000000000e+12	6.476000000000000512e+01	6.476000000000001200e-02	5.036585956000000000e+09	3.585338010740087705e-02	1.784651526326178073e-02	5.270168122857067389e-04
1.555462000000000000e+12	6.556000000000000227e+01	6.555999999999999328e-02	5.098804436000000000e+09	3.986471848940709856e-02	2.045588105857184050e-02	5.554890464027571187e-04
1.555462000000000000e+12	6.584000000000000341e+01	6.583999999999999575e-02	5.120580904000000000e+09	3.389256989074056203e-02	1.912335483936474304e-02	5.476716983867183650e-04
1.555462000000000000e+12	7.020000000000000284e+01	7.019999999999999851e-02	5.459671620000000000e+09	3.178393383943330097e-02	1.800331090810403448e-02	6.031319147388367833e-04
1.555462000000000000e+12	6.832000000000000739e+01	6.831999999999999185e-02	5.313458192000000000e+09	4.350869157937268389e-02	2.017267937637722691e-02	6.016108112428986306e-04
1.555462000000000000e+12	6.047999999999999687e+01	6.047999999999999904e-02	4.703717088000000000e+09	3.487656495712145033e-02	1.904546165180394726e-02	5.270416678225419609e-04
1.555462000000000000e+12	6.296000000000000085e+01	6.295999999999998820e-02	4.896594376000000000e+09	3.188806883415963578e-02	1.832047646068640789e-02	5.505933713816481365e-04
1.555462000000000000e+12	6.292000000000000171e+01	6.292000000000000370e-02	4.893483452000000000e+09	3.303213468734611524e-02	1.821613061238983380e-02	5.573798926705582314e-04
1.555462000000000000e+12	6.007999999999999829e+01	6.007999999999998758e-02	4.672607848000000000e+09	3.656219364445860431e-02	1.772550905676493690e-02	5.391352359852576420e-04
1.555462000000000000e+12	6.447999999999998977e+01	6.448000000000000953e-02	5.014809488000000000e+09	3.768760690418275494e-02	1.663594826387466627e-02	4.577543496333418590e-04
1.507270000000000000e+12	5.243999999999999773e+02	5.243999999999999773e-01	3.952061940000000000e+10	2.289650517168411170e-01	2.100156453513858656e-02	5.648097715733919758e-04
1.507270000000000000e+12	5.201200000000000045e+02	5.201200000000000268e-01	3.919806362000000000e+10	2.412745011037623066e-01	2.026602581149292842e-02	5.815288707931841891e-04
1.507270000000000000e+12	5.281200000000000045e+02	5.281200000000000339e-01	3.980097162000000000e+10	2.784259531098359775e-01	2.010291946852015010e-02	5.596720303662774086e-04
1.507270000000000000e+12	5.277599999999999909e+02	5.277600000000000069e-01	3.977384076000000000e+10	2.678835988297214588e-01	1.993354632885991490e-02	5.650903351161644991e-04
1.507270000000000000e+12	5.184800000000000182e+02	5.184800000000000519e-01	3.907446748000000000e+10	3.000192018325469889e-01	2.010992090833497309e-02	5.606321662867574029e-04
1.507270000000000000e+12	3.895600000000000023e+02	3.895600000000000174e-01	2.935860506000000000e+10	1.539845927461647168e-01	2.112344050505421400e-02	5.709585741819320258e-04
1.507270000000000000e+12	3.913600000000000136e+02	3.913600000000000412e-01	2.949425936000000000e+10	1.599567277464666315e-01	2.167153737279964992e-02	5.859111162687838208e-04
1.507270000000000000e+12	3.902400000000000091e+02	3.902400000000000313e-01	2.940985224000000000e+10	1.699567913312057532e-01	1.965128619399172244e-02	6.078897028972685135e-04
1.507270000000000000e+12	3.921200000000000045e+02	3.921200000000000241e-01	2.955153562000000000e+10	1.860655360654345780e-01	2.138325059463733538e-02	5.558955562905991323e-04
1.507270000000000000e+12	3.943199999999999932e+02	3.943200000000000038e-01	2.971733532000000000e+10	1.675316716746601542e-01	2.109216197634400380e-02	6.041252620399358182e-04
1.507270000000000000e+12	3.017199999999999704e+02	3.017199999999999882e-01	2.273867522000000000e+10	1.227173236669841516e-01	2.093211991150116871e-02	5.897260022559647815e-04
1.507270000000000000e+12	2.953600000000000136e+02	2.953600000000000114e-01	2.225936336000000000e+10	1.232893185575812678e-01	2.073075337064171283e-02	5.592212308367426696e-04
1.507270000000000000e+12	2.933999999999999773e+02	2.933999999999999941e-01	2.211165090000000000e+10	1.243498825009737574e-01	2.089711086716397950e-02	5.865290688813332761e-04
1.507270000000000000e+12	2.937599999999999909e+02	2.937600000000000766e-01	2.213878176000000000e+10	1.297800666598050157e-01	2.127871603493407954e-02	5.221796592279470814e-04
1.507270000000000000e+12	2.996000000000000227e+02	2.995999999999999774e-01	2.257890460000000000e+10	1.282381662926491139e-01	2.079968913908899694e-02	5.350345338989679917e-04
1.507270000000000000e+12	2.231599999999999966e+02	2.231599999999999417e-01	1.681811866000000000e+10	8.276735014344012431e-02	2.144846157508286527e-02	5.607445651849079452e-04
1.507270000000000000e+12	2.287199999999999704e+02	2.287199999999999789e-01	1.723713972000000000e+10	8.720338970892044239e-02	2.191596836925265371e-02	5.816545252249050429e-04
1.507270000000000000e+12	2.194000000000000057e+02	2.193999999999999839e-01	1.653475190000000000e+10	8.830841610026254895e-02	1.967454615861923342e-02	5.677929531780113613e-04
1.507270000000000000e+12	2.297599999999999909e+02	2.297600000000000198e-01	1.731551776000000000e+10	9.631042632565367523e-02	2.050218876319981690e-02	5.716393625341345281e-04
1.507270000000000000e+12	2.249599999999999795e+02	2.249599999999999933e-01	1.695377296000000000e+10	9.650662602260126621e-02	1.944699914638838706e-02	6.041545902007399273e-04
1.507270000000000000e+12	1.765999999999999943e+02	1.766000000000000070e-01	1.330919410000000000e+10	6.115548327543365165e-02	2.044467561300677277e-02	5.618736259292413321e-04
1.507270000000000000e+12	1.751599999999999966e+02	1.751599999999999824e-01	1.320067066000000000e+10	6.827596913844899418e-02	2.071277662883928491e-02	5.529936874937920344e-04
1.507270000000000000e+12	1.745600000000000023e+02	1.745599999999999929e-01	1.315545256000000000e+10	7.551211921199865729e-02	2.336879520708526337e-02	6.210577047950817256e-04
1.507270000000000000e+12	1.744000000000000057e+02	1.744000000000000272e-01	1.314339440000000000e+10	7.480062543363601157e-02	2.299681923462372837e-02	5.756174627328287810e-04
1.507270000000000000e+12	1.739200000000000159e+02	1.739199999999999913e-01	1.310721992000000000e+10	7.594911092110123718e-02	2.080327425568580593e-02	5.379307957487715038e-04
1.507270000000000000e+12	1.388400000000000034e+02	1.388399999999999912e-01	1.046346834000000000e+10	5.341472940490347987e-02	1.885520001247576946e-02	5.557140403505265351e-04
1.507270000000000000e+12	1.346800000000000068e+02	1.346799999999999942e-01	1.014995618000000000e+10	5.340821933212282907e-02	1.995349694994309753e-02	4.980237550521934018e-04
1.507270000000000000e+12	1.384799999999999898e+02	1.384799999999999920e-01	1.043633748000000000e+10	6.264630987880082102e-02	2.001675848134425520e-02	5.524901661682113429e-04
1.507270000000000000e+12	1.393199999999999932e+02	1.393199999999999716e-01	1.049964282000000000e+10	5.819270051651983383e-02	2.108440969526014647e-02	5.296459525917667811e-04
1.507270000000000000e+12	1.378799999999999955e+02	1.378799999999999748e-01	1.039111938000000000e+10	5.659731258176179530e-02	2.019677842285727554e-02	5.165968567313642627e-04
1.507270000000000000e+12	1.073200000000000074e+02	1.073200000000000126e-01	8.088010820000000000e+09	4.273493258275266188e-02	1.884642449046379509e-02	5.170652432577723615e-04
1.507270000000000000e+12	1.062000000000000028e+02	1.061999999999999889e-01	8.003603700000000000e+09	4.616580546247860128e-02	2.060126026387201076e-02	5.254208223432777500e-04
1.507270000000000000e+12	1.081599999999999966e+02	1.081600000000000061e-01	8.151316160000000000e+09	5.402585562846070472e-02	1.707905333576724069e-02	5.726248229999994065e-04
1.507270000000000000e+12	1.046400000000000148e+02	1.046399999999999969e-01	7.886036640000000000e+09	4.844111860038537859e-02	1.966815624693476344e-02	5.498972699474758688e-04
1.507270000000000000e+12	1.088799999999999955e+02	1.088799999999999768e-01	8.205577880000000000e+09	5.429859793548530433e-02	1.737570929791808910e-02	4.881887506570478825e-04
1.507270000000000000e+12	8.479999999999999716e+01	8.480000000000001426e-02	6.390824800000000000e+09	4.504210239792882930e-02	2.071732584742859429e-02	5.722493229969092101e-04
1.507270000000000000e+12	8.696000000000000796e+01	8.696000000000000951e-02	6.553609960000000000e+09	4.237505254041025460e-02	2.036394816760777465e-02	4.286402387821757159e-04
1.507270000000000000e+12	8.476000000000000512e+01	8.475999999999998813e-02	6.387810260000000000e+09	4.144053726329730014e-02	1.897486904324758444e-02	4.842463408898239896e-04
1.507270000000000000e+12	8.735999999999999943e+01	8.736000000000000709e-02	6.583755360000000000e+09	4.894025960689759452e-02	1.835765216574317821e-02	5.662524904959753778e-04
1.507270000000000000e+12	8.707999999999999829e+01	8.708000000000000462e-02	6.562653580000000000e+09	4.449915298198902497e-02	1.934991091548084532e-02	5.007336878708052970e-04
1.507270000000000000e+12	7.323999999999999488e+01	7.323999999999999955e-02	5.519622740000000000e+09	4.062011081863602102e-02	2.097316026967953329e-02	4.680817988712726477e-04
1.507270000000000000e+12	6.967999999999999261e+01	6.967999999999999194e-02	5.251328680000000000e+09	4.141025604578317532e-02	2.004608391877259199e-02	5.737842846578985242e-04
1.507270000000000000e+12	6.952000000000001023e+01	6.951999999999999846e-02	5.239270520000000000e+09	3.739666849749483102e-02	2.270596901430307207e-02	5.549682078949707458e-04
1.507270000000000000e+12	7.192000000000000171e+01	7.191999999999999782e-02	5.420142920000000000e+09	4.668661875886755130e-02	1.833524247831208945e-02	4.085473330657187667e-04
1.507270000000000000e+12	7.003999999999999204e+01	7.004000000000000503e-02	5.278459540000000954e+09	3.740318740685324994e-02	2.141637890618463408e-02	5.343758797037240563e-04
1.507270000000000000e+12	6.584000000000000341e+01	6.584000000000000963e-02	4.961932840000000000e+09	4.031591744143952355e-02	2.207177855093949564e-02	5.187690078980839673e-04
1.507270000000000000e+12	6.459999999999999432e+01	6.460000000000000464e-02	4.868482100000000000e+09	4.217686483487341487e-02	1.961613926089179893e-02	5.987175433068066830e-04
1.507270000000000000e+12	6.547999999999998977e+01	6.548000000000001042e-02	4.934801980000000000e+09	3.550139609662437967e-02	2.120582927197938589e-02	5.762233271384997225e-04
1.507270000000000000e+12	6.407999999999999829e+01	6.407999999999999807e-02	4.829293080000000000e+09	4.621404782261379074e-02	1.825452985170932657e-02	5.136925413462773218e-04
1.507270000000000000e+12	6.252000000000000313e+01	6.251999999999999225e-02	4.711726020000000000e+09	3.500773078936617738e-02	1.953055864673766337e-02	5.319163407150406071e-04
