# SourcePhotonFlux	NumberRaysSurvived	PercentageRaysSurvived	PhotonFlux	Bandwidth	HorizontalFocusFWHM	VerticalFocusFWHM
6.812500000000000000e+12	2.923999999999999773e+02	2.923999999999999932e-01	1.991975000000000000e+10	1.169037705978325931e-01	9.893382801066301357e-02	2.742382715129377396e-03
6.812500000000000000e+12	2.901999999999999886e+02	2.901999999999999580e-01	1.976987500000000000e+10	1.295765802559003532e-01	9.627322171814368945e-02	2.310749346489511091e-03
6.812500000000000000e+12	2.761999999999999886e+02	2.762000000000000566e-01	1.881612500000000000e+10	1.205543724864355654e-01	1.067989373041799694e-01	2.635186194099903550e-03
6.812500000000000000e+12	2.930000000000000000e+02	2.930000000000000382e-01	1.996062500000000000e+10	1.226807209151729722e-01	1.012797274858324714e-01	2.663481824221060855e-03
6.812500000000000000e+12	2.910000000000000000e+02	2.910000000000000364e-01	1.982437500000000000e+10	1.153087167824537601e-01	8.064584622621562282e-02	2.602246904025831958e-03
6.812500000000000000e+12	3.700000000000000000e+02	3.699999999999999956e-01	2.520625000000000000e+10	2.512415623180004262e-02	9.594489039744921732e-02	2.615459488211444462e-03
6.812500000000000000e+12	3.601999999999999886e+02	3.601999999999999647e-01	2.453862500000000000e+10	2.494469909681811329e-02	9.593795663359587500e-02	2.905859304717694873e-03
6.812500000000000000e+12	3.433999999999999773e+02	3.433999999999999830e-01	2.339412500000000000e+10	3.277415246433292711e-02	1.074068135799498280e-01	2.455948641778631439e-03
6.812500000000000000e+12	3.671999999999999886e+02	3.671999999999999709e-01	2.501550000000000000e+10	2.739865341760605588e-02	9.567462665313322678e-02	2.417377571896524129e-03
6.812500000000000000e+12	3.593999999999999773e+02	3.593999999999999972e-01	2.448412500000000000e+10	3.478959994648676141e-02	9.582782420010108049e-02	3.006620840255186389e-03
6.812500000000000000e+12	3.676000000000000227e+02	3.676000000000000378e-01	2.504275000000000000e+10	2.236391327978708501e-02	9.025233454235834230e-02	2.807620170964216129e-03
6.812500000000000000e+12	3.608000000000000114e+02	3.607999999999999541e-01	2.457950000000000000e+10	2.221555015656804383e-02	1.026579088876474338e-01	2.933454369443187250e-03
6.812500000000000000e+12	3.633999999999999773e+02	3.634000000000000008e-01	2.475662500000000000e+10	2.565204200800508261e-02	9.541917843462394133e-02	2.401710293159754327e-03
6.812500000000000000e+12	3.638000000000000114e+02	3.638000000000000123e-01	2.478387500000000000e+10	2.562621708176493485e-02	1.222151121478563807e-01	2.795498910661212231e-03
6.812500000000000000e+12	3.673999999999999773e+02	3.674000000000000044e-01	2.502912500000000000e+10	1.958605359437797303e-02	1.170842026462892010e-01	2.910502528644363235e-03
6.812500000000000000e+12	3.446000000000000227e+02	3.445999999999999619e-01	2.347587500000000000e+10	1.949888280992127104e-02	1.010270853674657687e-01	2.730451709795331076e-03
6.812500000000000000e+12	3.280000000000000000e+02	3.280000000000000138e-01	2.234500000000000000e+10	1.862188480079112265e-02	9.931774831021071559e-02	2.711337624655725011e-03
6.812500000000000000e+12	3.378000000000000114e+02	3.377999999999999337e-01	2.301262500000000000e+10	1.939434710611749255e-02	1.135272802466051889e-01	2.895010476728958337e-03
6.812500000000000000e+12	3.330000000000000000e+02	3.330000000000000182e-01	2.268562500000000000e+10	1.760108960145316884e-02	7.630991650105753421e-02	2.575624979961278673e-03
6.812500000000000000e+12	3.428000000000000114e+02	3.427999999999999936e-01	2.335325000000000000e+10	1.860448575396276422e-02	9.449075525414765697e-02	3.060079697840742928e-03
6.812500000000000000e+12	3.130000000000000000e+02	3.130000000000000004e-01	2.132312500000000000e+10	1.256769327687834448e-02	9.199077294962584861e-02	2.718753160395675442e-03
6.812500000000000000e+12	2.963999999999999773e+02	2.963999999999999968e-01	2.019225000000000000e+10	1.278115786128637341e-02	9.666008344875173797e-02	3.165626471638819522e-03
6.812500000000000000e+12	2.951999999999999886e+02	2.952000000000000179e-01	2.011050000000000000e+10	1.444042535360949911e-02	9.919920389355534052e-02	2.937552789494357434e-03
6.812500000000000000e+12	3.048000000000000114e+02	3.048000000000000154e-01	2.076450000000000000e+10	1.610812023384369102e-02	8.873759587296872753e-02	3.663823661058092894e-03
6.812500000000000000e+12	2.980000000000000000e+02	2.979999999999999871e-01	2.030125000000000000e+10	1.573448073460213120e-02	9.234077937631106348e-02	3.284321935635351516e-03
6.812500000000000000e+12	2.578000000000000114e+02	2.578000000000000291e-01	1.756262500000000000e+10	1.188885260096412752e-02	1.074005182010288745e-01	3.222334717518127688e-03
6.812500000000000000e+12	2.525999999999999943e+02	2.525999999999999912e-01	1.720837500000000000e+10	9.878503798813654396e-03	9.474991941132973605e-02	3.716719143726824551e-03
6.812500000000000000e+12	2.588000000000000114e+02	2.588000000000000300e-01	1.763075000000000000e+10	1.061774979164056311e-02	8.517173506140617023e-02	3.350442204174944229e-03
6.812500000000000000e+12	2.491999999999999886e+02	2.492000000000000048e-01	1.697675000000000000e+10	1.204960636007399409e-02	1.053807452900935859e-01	3.197270007456611170e-03
6.812500000000000000e+12	2.438000000000000114e+02	2.438000000000000167e-01	1.660887500000000000e+10	1.135039454031811987e-02	1.066817504447382658e-01	3.341185398776359144e-03
6.812500000000000000e+12	2.028000000000000114e+02	2.028000000000000080e-01	1.381575000000000000e+10	8.538256818565060496e-03	8.741966816929942763e-02	3.232404289261291922e-03
6.812500000000000000e+12	2.010000000000000000e+02	2.010000000000000120e-01	1.369312500000000000e+10	7.541706610038545304e-03	9.827386411252861387e-02	3.205119569960310048e-03
6.812500000000000000e+12	1.981999999999999886e+02	1.982000000000000151e-01	1.350237500000000000e+10	7.755673621738878518e-03	9.209956214128858787e-02	3.435417605534893566e-03
6.812500000000000000e+12	1.901999999999999886e+02	1.902000000000000079e-01	1.295737500000000000e+10	1.085809208281034513e-02	1.025205490462818281e-01	3.313203367607461640e-03
6.812500000000000000e+12	1.958000000000000114e+02	1.958000000000000018e-01	1.333887500000000000e+10	1.061264621830559918e-02	9.817000056687652521e-02	3.304458372836922061e-03
6.812500000000000000e+12	1.500000000000000000e+02	1.500000000000000222e-01	1.021875000000000000e+10	6.711315470715817702e-03	9.710738560978485201e-02	3.598311932989674972e-03
6.812500000000000000e+12	1.544000000000000057e+02	1.544000000000000095e-01	1.051850000000000000e+10	6.508772577990385062e-03	1.016469716314520044e-01	3.149431884443394669e-03
6.812500000000000000e+12	1.511999999999999886e+02	1.512000000000000288e-01	1.030050000000000000e+10	7.244918260857957995e-03	8.472021735568631418e-02	3.688414915904186797e-03
6.812500000000000000e+12	1.581999999999999886e+02	1.582000000000000073e-01	1.077737500000000000e+10	7.960158978687559977e-03	8.082770774882151732e-02	3.432208164915921591e-03
6.812500000000000000e+12	1.524000000000000057e+02	1.524000000000000077e-01	1.038225000000000000e+10	7.470565063340472815e-03	7.313298402042435475e-02	2.850039351001189877e-03
6.812500000000000000e+12	1.361999999999999886e+02	1.362000000000000155e-01	9.278625000000000000e+09	5.507022383085313777e-03	7.431141072000466141e-02	4.088736532360759575e-03
6.812500000000000000e+12	1.132000000000000028e+02	1.131999999999999951e-01	7.711750000000000000e+09	6.313838626579126694e-03	1.136744895976653513e-01	3.239679498564468872e-03
6.812500000000000000e+12	1.274000000000000057e+02	1.274000000000000132e-01	8.679125000000000000e+09	5.669566556036897964e-03	8.622159831192292845e-02	3.213736719119535210e-03
6.812500000000000000e+12	1.222000000000000028e+02	1.222000000000000031e-01	8.324875000000000000e+09	8.772365446156981869e-03	9.824784831960010900e-02	3.428242482498730821e-03
6.812500000000000000e+12	1.310000000000000000e+02	1.310000000000000053e-01	8.924375000000000000e+09	8.875406770721383162e-03	9.659943286039944510e-02	3.592741114995655349e-03
6.812500000000000000e+12	1.145999999999999943e+02	1.145999999999999935e-01	7.807125000000000000e+09	6.833634934218571315e-03	8.513111562717923242e-02	2.913321521176273545e-03
6.812500000000000000e+12	1.135999999999999943e+02	1.136000000000000065e-01	7.739000000000000000e+09	6.035711065499072339e-03	6.900741133832202778e-02	3.997201644542041840e-03
6.812500000000000000e+12	1.102000000000000028e+02	1.101999999999999924e-01	7.507374999999998093e+09	6.479395779437147410e-03	1.043953268425207026e-01	3.762263119568174004e-03
6.812500000000000000e+12	1.157999999999999972e+02	1.157999999999999863e-01	7.888875000000000000e+09	6.570393106107986006e-03	6.926896139297715471e-02	2.849231768887403211e-03
6.812500000000000000e+12	1.217999999999999972e+02	1.217999999999999916e-01	8.297625000000000000e+09	5.873018906970628623e-03	8.744504492096845383e-02	3.222689618689131112e-03
7.830100000000000000e+12	7.086000000000000227e+02	7.085999999999998966e-01	5.548408860000000000e+10	1.026668715283904076e-01	1.025864011638721041e-01	2.985438397111156439e-03
7.830100000000000000e+12	7.022000000000000455e+02	7.022000000000000464e-01	5.498296220000000000e+10	1.105155894553945528e-01	1.061377913833023295e-01	2.738286493689719246e-03
7.830100000000000000e+12	7.066000000000000227e+02	7.066000000000001169e-01	5.532748660000000000e+10	1.113613333364128211e-01	9.951257363562573954e-02	2.819560571947938698e-03
7.830100000000000000e+12	6.922000000000000455e+02	6.921999999999999265e-01	5.419995220000000000e+10	1.178887202948089852e-01	9.434477067434246522e-02	2.937959007657572029e-03
7.830100000000000000e+12	7.217999999999999545e+02	7.217999999999999972e-01	5.651766180000000000e+10	1.260000301030004266e-01	1.035037478838120306e-01	2.640102892407763212e-03
7.830100000000000000e+12	7.282000000000000455e+02	7.281999999999999584e-01	5.701878820000000000e+10	9.441558229084420772e-02	1.147783002735403290e-01	2.953757684269317420e-03
7.830100000000000000e+12	7.366000000000000227e+02	7.366000000000000325e-01	5.767651660000000000e+10	7.953828551678725212e-02	1.011272462782842191e-01	3.161455224541862615e-03
7.830100000000000000e+12	7.350000000000000000e+02	7.349999999999999867e-01	5.755123500000000000e+10	7.644255401542068840e-02	1.039947442952656453e-01	2.815081444721556116e-03
7.830100000000000000e+12	7.332000000000000455e+02	7.332000000000000739e-01	5.741029320000000000e+10	9.436241355606397874e-02	1.028617588665513838e-01	2.644044760811738604e-03
7.830100000000000000e+12	7.283999999999999773e+02	7.284000000000000474e-01	5.703444840000000000e+10	9.237052209043668249e-02	1.007652327663829672e-01	2.831537851282778066e-03
7.830100000000000000e+12	6.600000000000000000e+02	6.599999999999999201e-01	5.167866000000000000e+10	7.856413923177570091e-02	1.075292208609359285e-01	3.107946354820779848e-03
7.830100000000000000e+12	6.526000000000000227e+02	6.525999999999999579e-01	5.109923260000000000e+10	6.935931090920348374e-02	1.032810767770171445e-01	3.517828345517825910e-03
7.830100000000000000e+12	6.862000000000000455e+02	6.862000000000000322e-01	5.373014620000000000e+10	7.040945804524198492e-02	9.181113701571362584e-02	3.155065843922224937e-03
7.830100000000000000e+12	6.687999999999999545e+02	6.687999999999999501e-01	5.236770880000000000e+10	7.914967128331226731e-02	9.826761381802019690e-02	3.241731931580705238e-03
7.830100000000000000e+12	6.967999999999999545e+02	6.967999999999999750e-01	5.456013680000000000e+10	7.018038935223103181e-02	9.469255096906133151e-02	2.992745828697200485e-03
7.830100000000000000e+12	5.857999999999999545e+02	5.857999999999999874e-01	4.586872580000000000e+10	5.005858266326868034e-02	9.531650334349350828e-02	3.082640289957276711e-03
7.830100000000000000e+12	5.516000000000000227e+02	5.515999999999999792e-01	4.319083160000000000e+10	5.437269040430692257e-02	1.080176267123585665e-01	3.124497932681350072e-03
7.830100000000000000e+12	5.732000000000000455e+02	5.731999999999999318e-01	4.488213320000000000e+10	5.417595074161454111e-02	9.617389224498698597e-02	3.138518732971494994e-03
7.830100000000000000e+12	5.822000000000000455e+02	5.822000000000000508e-01	4.558684220000000000e+10	5.507305612491109059e-02	1.002331814346032884e-01	3.113012731345450416e-03
7.830100000000000000e+12	5.887999999999999545e+02	5.887999999999999901e-01	4.610362880000000000e+10	5.698864404969299080e-02	1.140212481559325503e-01	2.866332086986487539e-03
7.830100000000000000e+12	4.253999999999999773e+02	4.254000000000000559e-01	3.330924540000000000e+10	3.785131337172061017e-02	1.068703659734948630e-01	3.115500236968452453e-03
7.830100000000000000e+12	4.080000000000000000e+02	4.080000000000000293e-01	3.194680800000000000e+10	4.780673087807372351e-02	1.015743135261287095e-01	2.920684323467203324e-03
7.830100000000000000e+12	4.456000000000000227e+02	4.456000000000000516e-01	3.489092560000000000e+10	3.928479054395665748e-02	9.778987392071866735e-02	3.203905103878421871e-03
7.830100000000000000e+12	4.383999999999999773e+02	4.384000000000000119e-01	3.432715840000000000e+10	3.832300705187208223e-02	9.111085516687991714e-02	2.945805428886842832e-03
7.830100000000000000e+12	4.361999999999999886e+02	4.362000000000000322e-01	3.415489620000000000e+10	4.122040359929997344e-02	1.071519685165838870e-01	3.069693169183897001e-03
7.830100000000000000e+12	3.308000000000000114e+02	3.308000000000000385e-01	2.590197080000000000e+10	3.054860127481333690e-02	9.848420513206690430e-02	2.911054702014749442e-03
7.830100000000000000e+12	3.308000000000000114e+02	3.307999999999999829e-01	2.590197080000000000e+10	3.055527926478589576e-02	9.304248547588153673e-02	3.073059857738821322e-03
7.830100000000000000e+12	3.418000000000000114e+02	3.417999999999999927e-01	2.676328179999999619e+10	3.083505141662499366e-02	9.509923768774415642e-02	3.637101593724299982e-03
7.830100000000000000e+12	3.241999999999999886e+02	3.242000000000000437e-01	2.538518420000000000e+10	3.543493049924108934e-02	1.029296308222836798e-01	2.931634112900345559e-03
7.830100000000000000e+12	3.408000000000000114e+02	3.407999999999999918e-01	2.668498080000000000e+10	2.983481814126207748e-02	9.818449655766334216e-02	2.889153570376022662e-03
7.830100000000000000e+12	2.504000000000000057e+02	2.503999999999999559e-01	1.960657040000000000e+10	2.238630483068391325e-02	8.643081814056936818e-02	2.999198677507231969e-03
7.830100000000000000e+12	2.641999999999999886e+02	2.641999999999999904e-01	2.068712420000000000e+10	2.344823624093805847e-02	9.740368010569257218e-02	2.859491871791145813e-03
7.830100000000000000e+12	2.544000000000000057e+02	2.543999999999999595e-01	1.991977440000000000e+10	2.395215327435380390e-02	9.824306202979642133e-02	3.179194298728666573e-03
7.830100000000000000e+12	2.540000000000000000e+02	2.540000000000000036e-01	1.988845400000000000e+10	2.625844530152789819e-02	9.040080397633926124e-02	3.132834247646375768e-03
7.830100000000000000e+12	2.613999999999999773e+02	2.613999999999999657e-01	2.046788140000000000e+10	2.884592580730895722e-02	9.117537070821954415e-02	3.142824534067714757e-03
7.830100000000000000e+12	2.085999999999999943e+02	2.085999999999999799e-01	1.633358860000000000e+10	1.660934165918206279e-02	9.015741191420596767e-02	2.981366795545515799e-03
7.830100000000000000e+12	2.051999999999999886e+02	2.051999999999999935e-01	1.606736520000000000e+10	2.147836422088857805e-02	1.015691040632450831e-01	3.279360026793689490e-03
7.830100000000000000e+12	2.044000000000000057e+02	2.043999999999999984e-01	1.600472440000000000e+10	1.897518605667301156e-02	1.018857254860348338e-01	2.706359208833873133e-03
7.830100000000000000e+12	2.104000000000000057e+02	2.104000000000000037e-01	1.647453040000000000e+10	2.203122403959696315e-02	8.591287511550994849e-02	2.842928026792645134e-03
7.830100000000000000e+12	2.094000000000000057e+02	2.093999999999999750e-01	1.639622940000000000e+10	2.227106987882052774e-02	1.234661637513839311e-01	2.901124716095260930e-03
7.830100000000000000e+12	1.595999999999999943e+02	1.596000000000000196e-01	1.249683960000000000e+10	1.707786792180741170e-02	7.547052209257752720e-02	3.243565649795655120e-03
7.830100000000000000e+12	1.690000000000000000e+02	1.689999999999999836e-01	1.323286900000000000e+10	1.959331885723258893e-02	8.038413090621567003e-02	2.333945509326365835e-03
7.830100000000000000e+12	1.805999999999999943e+02	1.806000000000000105e-01	1.414116060000000000e+10	1.843733695707214931e-02	1.102038115273131780e-01	3.209102814878757922e-03
7.830100000000000000e+12	1.585999999999999943e+02	1.585999999999999910e-01	1.241853860000000000e+10	1.730801091123339644e-02	1.001061523526096952e-01	2.878637169432111433e-03
7.830100000000000000e+12	1.648000000000000114e+02	1.648000000000000020e-01	1.290400480000000000e+10	2.155156625699419098e-02	9.977097344786461930e-02	3.310969703935299352e-03
7.830100000000000000e+12	1.550000000000000000e+02	1.549999999999999711e-01	1.213665500000000000e+10	1.490594151503046340e-02	8.865790397147606250e-02	3.630599730271628738e-03
7.830100000000000000e+12	1.574000000000000057e+02	1.574000000000000121e-01	1.232457740000000000e+10	1.606969700101217383e-02	8.730390017072246767e-02	3.072974720983222795e-03
7.830100000000000000e+12	1.508000000000000114e+02	1.507999999999999896e-01	1.180779080000000000e+10	1.923790502285100887e-02	9.030206630485020092e-02	2.694509814735527621e-03
7.830100000000000000e+12	1.468000000000000114e+02	1.468000000000000138e-01	1.149458680000000000e+10	1.947409970423450570e-02	9.404749221455849240e-02	3.176403112063730209e-03
7.830100000000000000e+12	1.460000000000000000e+02	1.459999999999999909e-01	1.143194600000000000e+10	1.786955378236143588e-02	9.922271395595604060e-02	2.422976518404996310e-03
8.259610000000000000e+12	1.138599999999999909e+03	1.138599999999999834e+00	9.404391946000000000e+10	2.036171376257243648e-01	1.021859217798019720e-01	2.947400688599092870e-03
8.259610000000000000e+12	1.135400000000000091e+03	1.135400000000000187e+00	9.377961194000000000e+10	1.987561208173701799e-01	1.094576752486816351e-01	2.899057631727535323e-03
8.259610000000000000e+12	1.120799999999999955e+03	1.120800000000000241e+00	9.257370888000000000e+10	2.184547444248892134e-01	1.025316977739110652e-01	2.849122735967427565e-03
8.259610000000000000e+12	1.121200000000000045e+03	1.121199999999999974e+00	9.260674732000000000e+10	2.576517811291523796e-01	1.077386680536802643e-01	2.643768271275487216e-03
8.259610000000000000e+12	1.092400000000000091e+03	1.092400000000000038e+00	9.022797964000000000e+10	2.570718023669542052e-01	1.000387374350907299e-01	2.829887711241806450e-03
8.259610000000000000e+12	9.910000000000000000e+02	9.909999999999999920e-01	8.185273510000000000e+10	1.662375741813775787e-01	1.001694627284554218e-01	2.952344159640288377e-03
8.259610000000000000e+12	1.050599999999999909e+03	1.050599999999999978e+00	8.677546266000000000e+10	1.446305794279851287e-01	1.059651676903552026e-01	3.006118613770827029e-03
8.259610000000000000e+12	1.022000000000000000e+03	1.021999999999999797e+00	8.441321420000000000e+10	1.570445962613575830e-01	1.054469335008148406e-01	2.560842574235483622e-03
8.259610000000000000e+12	1.006600000000000023e+03	1.006599999999999939e+00	8.314123426000000000e+10	1.750495170150770663e-01	1.032530453905820267e-01	2.998440694845734555e-03
8.259610000000000000e+12	1.025000000000000000e+03	1.024999999999999911e+00	8.466100250000000000e+10	1.802871628338834908e-01	1.102726137142151785e-01	2.909906320685488879e-03
8.259610000000000000e+12	8.773999999999999773e+02	8.774000000000000687e-01	7.246981814000000000e+10	1.101152386226658536e-01	1.064293312752951637e-01	3.211697255379257574e-03
8.259610000000000000e+12	8.757999999999999545e+02	8.758000000000001339e-01	7.233766438000000000e+10	1.088391341183978511e-01	1.036924590502371346e-01	3.220555682742073760e-03
8.259610000000000000e+12	8.513999999999999773e+02	8.513999999999999346e-01	7.032231954000000000e+10	1.255711688789233338e-01	9.830116170490606209e-02	3.252605161248583922e-03
8.259610000000000000e+12	8.383999999999999773e+02	8.384000000000000341e-01	6.924857024000000000e+10	1.325111034364908902e-01	1.025120796230503811e-01	3.170475589201411475e-03
8.259610000000000000e+12	8.490000000000000000e+02	8.489999999999999769e-01	7.012408890000000000e+10	1.259332442134109553e-01	1.140480663909238385e-01	3.158461308833723780e-03
8.259610000000000000e+12	6.737999999999999545e+02	6.737999999999999545e-01	5.565325218000000000e+10	8.450818893402356480e-02	1.062174018002994547e-01	3.345480919624538915e-03
8.259610000000000000e+12	6.567999999999999545e+02	6.567999999999999394e-01	5.424911848000000000e+10	8.808597173388080237e-02	9.743407594658670678e-02	2.989958930831980964e-03
8.259610000000000000e+12	6.672000000000000455e+02	6.672000000000000153e-01	5.510811792000000000e+10	9.488475585658306954e-02	9.996254282625675891e-02	2.928640612225415045e-03
8.259610000000000000e+12	6.783999999999999773e+02	6.784000000000001140e-01	5.603319424000000000e+10	9.076538411263754269e-02	1.028202830874356266e-01	3.288739942849993551e-03
8.259610000000000000e+12	6.762000000000000455e+02	6.762000000000000233e-01	5.585148282000000000e+10	1.002743416463090370e-01	8.872570323578431173e-02	3.400549900721179606e-03
8.259610000000000000e+12	4.941999999999999886e+02	4.942000000000000282e-01	4.081899262000000000e+10	6.023457672749828185e-02	9.804122230598939780e-02	2.561965090456212214e-03
8.259610000000000000e+12	5.113999999999999773e+02	5.113999999999999657e-01	4.223964554000000000e+10	5.921800980772786577e-02	9.782357640797414988e-02	2.940445132020118226e-03
8.259610000000000000e+12	5.166000000000000227e+02	5.166000000000000592e-01	4.266914526000000000e+10	7.712202046250241083e-02	9.988602404388188805e-02	2.682497812238496347e-03
8.259610000000000000e+12	5.150000000000000000e+02	5.150000000000000133e-01	4.253699150000000000e+10	6.681948634986838165e-02	9.820209185517579653e-02	2.914647514230103188e-03
8.259610000000000000e+12	5.123999999999999773e+02	5.124000000000000776e-01	4.232224164000000000e+10	7.085404320641827680e-02	9.345216724445817857e-02	3.117935943202379545e-03
8.259610000000000000e+12	4.153999999999999773e+02	4.153999999999999915e-01	3.431041993999999237e+10	5.382045489304800728e-02	9.406165771423991018e-02	2.372356052907200700e-03
8.259610000000000000e+12	3.976000000000000227e+02	3.976000000000000090e-01	3.284020936000000000e+10	5.450635868292010716e-02	1.061007303952217623e-01	2.603973792999333178e-03
8.259610000000000000e+12	3.996000000000000227e+02	3.995999999999999552e-01	3.300540156000000000e+10	4.956863005668310507e-02	1.077597877298808876e-01	2.988703225426461892e-03
8.259610000000000000e+12	3.916000000000000227e+02	3.915999999999999481e-01	3.234463276000000000e+10	6.156794582061593524e-02	9.515347029338735996e-02	2.890019931535782287e-03
8.259610000000000000e+12	4.006000000000000227e+02	4.006000000000000116e-01	3.308799766000000000e+10	5.781298393603719749e-02	1.047951006509895977e-01	2.886899837979152277e-03
8.259610000000000000e+12	3.093999999999999773e+02	3.094000000000000083e-01	2.555523334000000000e+10	4.238596648037855352e-02	1.048003990057943258e-01	3.046076943051397815e-03
8.259610000000000000e+12	3.120000000000000000e+02	3.119999999999999996e-01	2.576998320000000000e+10	3.979195433198583209e-02	9.065823790026361628e-02	2.296970859521477604e-03
8.259610000000000000e+12	3.081999999999999886e+02	3.081999999999999740e-01	2.545611802000000000e+10	4.285209574154578288e-02	9.949111919437683693e-02	2.998377854439051183e-03
8.259610000000000000e+12	3.081999999999999886e+02	3.082000000000000295e-01	2.545611802000000000e+10	4.767131361950305291e-02	1.061515974263597950e-01	3.093460531093549046e-03
8.259610000000000000e+12	3.146000000000000227e+02	3.146000000000000463e-01	2.598473306000000000e+10	4.280334315526488492e-02	9.657757343462482214e-02	3.073803345352908549e-03
8.259610000000000000e+12	2.415999999999999943e+02	2.415999999999999814e-01	1.995521776000000000e+10	3.764614113979405235e-02	1.026846463522709529e-01	2.725441124947839723e-03
8.259610000000000000e+12	2.504000000000000057e+02	2.504000000000000115e-01	2.068206344000000000e+10	3.997414107216172574e-02	1.027879144804189487e-01	2.895647179145985264e-03
8.259610000000000000e+12	2.310000000000000000e+02	2.310000000000000109e-01	1.907969910000000000e+10	3.955442295946341030e-02	9.660731886893576814e-02	2.679661711052181393e-03
8.259610000000000000e+12	2.495999999999999943e+02	2.495999999999999885e-01	2.061598656000000000e+10	3.774829681792653269e-02	1.025192771514544798e-01	3.149856247622401240e-03
8.259610000000000000e+12	2.341999999999999886e+02	2.341999999999999638e-01	1.934400662000000000e+10	3.864538271877791115e-02	9.462368058824141559e-02	2.956008684274732783e-03
8.259610000000000000e+12	2.064000000000000057e+02	2.064000000000000001e-01	1.704783504000000000e+10	3.066547089260893838e-02	8.510227447745807861e-02	2.749662787502942136e-03
8.259610000000000000e+12	1.955999999999999943e+02	1.956000000000000238e-01	1.615579716000000000e+10	3.345502410361404777e-02	9.187039691366814809e-02	2.748811026026041007e-03
8.259610000000000000e+12	2.118000000000000114e+02	2.118000000000000438e-01	1.749385398000000000e+10	3.779944570383122343e-02	9.736671575759865693e-02	3.213792960241447592e-03
8.259610000000000000e+12	2.050000000000000000e+02	2.050000000000000155e-01	1.693220050000000000e+10	3.095787237080003390e-02	8.563086986286719271e-02	2.288106516451342450e-03
8.259610000000000000e+12	1.881999999999999886e+02	1.882000000000000062e-01	1.554458602000000000e+10	3.705330845004937285e-02	1.064717077612851587e-01	3.210021426226081741e-03
8.259610000000000000e+12	1.800000000000000000e+02	1.799999999999999933e-01	1.486729800000000000e+10	2.609930946196072771e-02	9.805418755353065285e-02	2.577704138055168966e-03
8.259610000000000000e+12	1.741999999999999886e+02	1.741999999999999937e-01	1.438824062000000000e+10	3.163312456290441610e-02	1.107914411459952897e-01	2.869904339352526926e-03
8.259610000000000000e+12	1.794000000000000057e+02	1.794000000000000039e-01	1.481774034000000000e+10	3.379282398518625857e-02	9.447851828574886646e-02	2.585811498673168222e-03
8.259610000000000000e+12	1.815999999999999943e+02	1.816000000000000114e-01	1.499945176000000000e+10	3.615643280863878317e-02	8.228494914555015138e-02	2.506205650398212349e-03
8.259610000000000000e+12	1.855999999999999943e+02	1.856000000000000427e-01	1.532983616000000000e+10	2.758259678807917226e-02	9.657770629132655937e-02	2.602495584764852234e-03
8.420630000000000000e+12	1.475799999999999955e+03	1.475800000000000001e+00	1.242716575400000000e+11	3.560351328098022572e-01	1.045488469166621359e-01	2.768227966446114383e-03
8.420630000000000000e+12	1.525599999999999909e+03	1.525600000000000067e+00	1.284651312800000000e+11	3.681429311421652306e-01	1.048415896845820566e-01	2.920976741694708730e-03
8.420630000000000000e+12	1.528799999999999955e+03	1.528800000000000159e+00	1.287345914400000000e+11	3.449355683344947354e-01	1.035974048055692542e-01	2.845368059238877721e-03
8.420630000000000000e+12	1.506400000000000091e+03	1.506399999999999961e+00	1.268483703200000000e+11	4.010984821246893484e-01	9.889396522911156340e-02	3.032778074244181412e-03
8.420630000000000000e+12	1.503799999999999955e+03	1.503800000000000026e+00	1.266294339400000000e+11	4.058846272216214968e-01	1.070886409881248724e-01	2.938782318424118696e-03
8.420630000000000000e+12	1.267400000000000091e+03	1.267399999999999860e+00	1.067230646200000000e+11	2.311077004102571608e-01	9.611782543125883815e-02	2.827711229353599594e-03
8.420630000000000000e+12	1.258400000000000091e+03	1.258400000000000185e+00	1.059652079200000000e+11	2.480507457406929406e-01	9.860962490671759673e-02	3.047374133216864019e-03
8.420630000000000000e+12	1.247799999999999955e+03	1.247800000000000242e+00	1.050726211400000000e+11	2.528353237413284438e-01	1.090430103979265902e-01	3.027937102089961995e-03
8.420630000000000000e+12	1.241400000000000091e+03	1.241400000000000059e+00	1.045337008200000000e+11	2.524392319204707968e-01	1.021641545119997552e-01	3.073120619081826967e-03
8.420630000000000000e+12	1.256400000000000091e+03	1.256399999999999961e+00	1.057967953200000000e+11	2.654178010909163388e-01	1.009738315346468129e-01	3.176241944671273718e-03
8.420630000000000000e+12	9.763999999999999773e+02	9.763999999999999346e-01	8.221903132000000000e+10	1.492466388002867406e-01	1.011052390710441007e-01	2.679718205007975210e-03
8.420630000000000000e+12	9.816000000000000227e+02	9.816000000000000281e-01	8.265690408000000000e+10	1.729115122879193167e-01	9.754446801335478479e-02	3.259036756799334883e-03
8.420630000000000000e+12	9.927999999999999545e+02	9.928000000000001268e-01	8.360001464000000000e+10	1.878146348143218403e-01	9.871415992109722204e-02	2.910590749416078031e-03
8.420630000000000000e+12	9.977999999999999545e+02	9.978000000000001313e-01	8.402104614000000000e+10	1.884237157193638379e-01	9.751982686333372785e-02	3.297638610538635578e-03
8.420630000000000000e+12	9.943999999999999773e+02	9.943999999999999506e-01	8.373474472000000000e+10	1.851938578457065776e-01	1.028281250190838519e-01	2.931552599628251161e-03
8.420630000000000000e+12	7.630000000000000000e+02	7.630000000000001226e-01	6.424940690000000000e+10	1.258491019938901556e-01	1.048261018957835217e-01	2.622623374614719595e-03
8.420630000000000000e+12	7.576000000000000227e+02	7.576000000000000512e-01	6.379469288000000000e+10	1.442738773106157224e-01	9.955223485515858617e-02	2.868119036938319728e-03
8.420630000000000000e+12	7.660000000000000000e+02	7.660000000000000142e-01	6.450202580000000000e+10	1.397339898759582810e-01	1.000138093429060182e-01	3.006420388696977482e-03
8.420630000000000000e+12	7.560000000000000000e+02	7.560000000000000053e-01	6.365996280000000000e+10	1.438000496933000139e-01	9.290663171924000430e-02	2.583051504502018557e-03
8.420630000000000000e+12	7.403999999999999773e+02	7.403999999999999471e-01	6.234634452000000000e+10	1.389237797759051429e-01	9.267157440155862624e-02	2.991729514720102741e-03
8.420630000000000000e+12	5.766000000000000227e+02	5.766000000000000014e-01	4.855335258000000000e+10	9.773145563676735592e-02	9.659043162167121888e-02	2.657850077635099968e-03
8.420630000000000000e+12	5.792000000000000455e+02	5.792000000000000481e-01	4.877228896000000000e+10	1.032396824800343865e-01	1.117062064286681727e-01	3.194426014834639803e-03
8.420630000000000000e+12	5.677999999999999545e+02	5.677999999999999714e-01	4.781233714000000000e+10	1.137161071685113684e-01	1.025252983225683201e-01	2.881758725926246087e-03
8.420630000000000000e+12	5.710000000000000000e+02	5.710000000000000631e-01	4.808179730000000763e+10	1.064207403921500344e-01	8.925432195332891339e-02	2.929264438421529983e-03
8.420630000000000000e+12	5.743999999999999773e+02	5.744000000000000217e-01	4.836809872000000000e+10	1.000507109522004584e-01	9.868056314814779850e-02	2.918572819512897567e-03
8.420630000000000000e+12	4.551999999999999886e+02	4.552000000000000490e-01	3.833070776000000000e+10	7.968651906694504405e-02	9.984378114216563294e-02	2.540184066033349813e-03
8.420630000000000000e+12	4.658000000000000114e+02	4.658000000000000473e-01	3.922329454000000000e+10	7.450168455120546873e-02	9.459815722865881626e-02	2.921058138520296610e-03
8.420630000000000000e+12	4.673999999999999773e+02	4.673999999999999266e-01	3.935802462000000000e+10	8.109663610330244965e-02	1.043645722473829085e-01	2.820549361933830015e-03
8.420630000000000000e+12	4.553999999999999773e+02	4.554000000000000270e-01	3.834754902000000000e+10	7.934107641731316662e-02	9.204284140328095054e-02	2.886569457480566737e-03
8.420630000000000000e+12	4.380000000000000000e+02	4.380000000000000004e-01	3.688235940000000000e+10	8.800702818498393198e-02	9.964627930765715402e-02	2.806289976996898319e-03
8.420630000000000000e+12	3.541999999999999886e+02	3.541999999999999593e-01	2.982587146000000000e+10	7.293513439817615740e-02	1.035461892237508341e-01	2.401515698004732906e-03
8.420630000000000000e+12	3.558000000000000114e+02	3.558000000000000052e-01	2.996060154000000000e+10	6.789576103606123625e-02	8.957299866244505804e-02	2.662951772624142822e-03
8.420630000000000000e+12	3.443999999999999773e+02	3.443999999999999839e-01	2.900064972000000000e+10	7.182601701874773148e-02	9.413721946460579248e-02	2.832360583982433504e-03
8.420630000000000000e+12	3.400000000000000000e+02	3.399999999999999689e-01	2.863014200000000000e+10	6.239825014472444309e-02	8.785273770442261765e-02	2.810364866682940783e-03
8.420630000000000000e+12	3.541999999999999886e+02	3.542000000000000148e-01	2.982587146000000000e+10	6.582792799440539966e-02	9.340288976477482963e-02	2.739025793122255338e-03
8.420630000000000000e+12	2.681999999999999886e+02	2.682000000000000495e-01	2.258412966000000000e+10	5.228956083524281123e-02	9.014936601149500794e-02	2.439951026210838286e-03
8.420630000000000000e+12	2.573999999999999773e+02	2.573999999999999622e-01	2.167470162000000000e+10	5.684404281450951973e-02	9.012384690547729782e-02	2.757219918729320908e-03
8.420630000000000000e+12	2.798000000000000114e+02	2.797999999999999376e-01	2.356092274000000000e+10	5.645005516616947994e-02	9.359479464734124510e-02	2.956338507142496595e-03
8.420630000000000000e+12	2.778000000000000114e+02	2.777999999999999359e-01	2.339251014000000000e+10	5.785707948220988189e-02	9.953980967625136733e-02	2.429442567821331160e-03
8.420630000000000000e+12	2.878000000000000114e+02	2.878000000000000003e-01	2.423457314000000000e+10	5.020100174247090624e-02	9.920794629852915103e-02	2.706332838338548416e-03
8.420630000000000000e+12	2.338000000000000114e+02	2.338000000000000078e-01	1.968743294000000000e+10	4.213961052860213524e-02	9.869053518004533565e-02	3.007277697697307954e-03
8.420630000000000000e+12	2.291999999999999886e+02	2.291999999999999871e-01	1.930008396000000000e+10	4.812851219180629136e-02	1.053793970806150976e-01	2.611608503371807416e-03
8.420630000000000000e+12	2.240000000000000000e+02	2.240000000000000324e-01	1.886221120000000000e+10	5.319802502531274790e-02	9.735557422083743195e-02	2.938055951396330821e-03
8.420630000000000000e+12	2.300000000000000000e+02	2.299999999999999822e-01	1.936744900000000000e+10	5.964207643569352513e-02	1.005791201416955660e-01	3.017205463880561368e-03
8.420630000000000000e+12	2.401999999999999886e+02	2.402000000000000246e-01	2.022635326000000000e+10	5.516849153959810931e-02	9.766428289978118515e-02	2.677723259696230575e-03
8.420630000000000000e+12	2.140000000000000000e+02	2.139999999999999680e-01	1.802014820000000000e+10	5.331273330434669472e-02	1.013956305163760535e-01	2.473857967229671669e-03
8.420630000000000000e+12	2.074000000000000057e+02	2.073999999999999733e-01	1.746438662000000000e+10	5.185393312585802328e-02	1.046557872680921042e-01	2.390673546686582131e-03
8.420630000000000000e+12	2.104000000000000057e+02	2.104000000000000037e-01	1.771700552000000000e+10	5.062870306942386656e-02	9.072827732285197733e-02	2.395323239103194692e-03
8.420630000000000000e+12	2.095999999999999943e+02	2.096000000000000085e-01	1.764964048000000000e+10	5.114305665078973384e-02	9.605447735030528400e-02	2.478408091535138497e-03
8.420630000000000000e+12	2.015999999999999943e+02	2.016000000000000014e-01	1.697599008000000000e+10	5.490844703008405936e-02	9.959018227777763355e-02	2.193150521088666621e-03
8.429120000000000000e+12	1.784599999999999909e+03	1.784599999999999964e+00	1.504260755200000000e+11	4.227532758588495310e-01	1.036424669283332600e-01	2.861875239164692660e-03
8.429120000000000000e+12	1.791599999999999909e+03	1.791600000000000081e+00	1.510161139200000000e+11	4.947440065526279573e-01	1.084543658797596510e-01	2.969925065304313602e-03
8.429120000000000000e+12	1.783200000000000045e+03	1.783200000000000118e+00	1.503080678400000000e+11	4.919134875352028646e-01	9.687080496087285830e-02	2.986208067545367915e-03
8.429120000000000000e+12	1.796400000000000091e+03	1.796400000000000219e+00	1.514207116800000000e+11	5.223585198708861066e-01	1.011146705156844988e-01	2.925310973658000989e-03
8.429120000000000000e+12	1.822599999999999909e+03	1.822600000000000220e+00	1.536291411200000000e+11	5.434814537905368059e-01	1.045768970226875483e-01	2.836650189537957834e-03
8.429120000000000000e+12	1.414599999999999909e+03	1.414599999999999858e+00	1.192383315200000000e+11	2.924989551303951996e-01	1.009693331234783331e-01	3.123742340544925691e-03
8.429120000000000000e+12	1.394400000000000091e+03	1.394399999999999862e+00	1.175356492800000000e+11	3.127660379067492835e-01	1.024634669635227924e-01	2.877677199197282293e-03
8.429120000000000000e+12	1.396400000000000091e+03	1.396399999999999864e+00	1.177042316800000000e+11	3.584808956337838248e-01	1.069279613520437433e-01	3.082482361011649932e-03
8.429120000000000000e+12	1.410000000000000000e+03	1.409999999999999920e+00	1.188505920000000000e+11	3.710219193237208057e-01	9.624651220843953581e-02	3.103392206290021046e-03
8.429120000000000000e+12	1.419599999999999909e+03	1.419599999999999973e+00	1.196597875200000000e+11	3.416094527719906182e-01	1.029311057426280096e-01	3.164835565727672998e-03
8.429120000000000000e+12	1.074200000000000045e+03	1.074200000000000044e+00	9.054560704000000000e+10	2.314927431829346405e-01	9.568218775166438539e-02	2.986515590282808660e-03
8.429120000000000000e+12	1.062200000000000045e+03	1.062200000000000033e+00	8.953411264000000000e+10	2.475923633694037673e-01	1.091754330048212152e-01	2.945874198340085043e-03
8.429120000000000000e+12	1.096799999999999955e+03	1.096799999999999997e+00	9.245058816000000000e+10	2.497193801286812231e-01	9.811818899182524201e-02	3.082391456477530552e-03
8.429120000000000000e+12	1.085200000000000045e+03	1.085199999999999942e+00	9.147281024000000000e+10	2.331331557394150933e-01	9.237624039032570067e-02	2.712065336524496252e-03
8.429120000000000000e+12	1.100200000000000045e+03	1.100199999999999845e+00	9.273717824000000000e+10	2.796783233006863156e-01	9.980490545149545145e-02	3.065000510084649448e-03
8.429120000000000000e+12	8.372000000000000455e+02	8.371999999999999442e-01	7.056859264000000000e+10	1.536157143092168609e-01	1.015076451278136699e-01	3.041651188519335809e-03
8.429120000000000000e+12	8.367999999999999545e+02	8.367999999999998773e-01	7.053487616000000000e+10	1.983576458575043999e-01	1.029527553374719462e-01	2.955243768654557297e-03
8.429120000000000000e+12	8.312000000000000455e+02	8.311999999999999389e-01	7.006284544000000000e+10	1.799847886076349768e-01	9.623331969501351668e-02	2.952019045368036755e-03
8.429120000000000000e+12	8.193999999999999773e+02	8.193999999999999062e-01	6.906820928000000000e+10	1.767793846503082078e-01	1.048659278534228995e-01	3.015386322410831647e-03
8.429120000000000000e+12	8.256000000000000227e+02	8.256000000000000005e-01	6.959081472000000000e+10	1.938103756558121060e-01	1.014559500566637740e-01	3.135993203558150484e-03
8.429120000000000000e+12	6.477999999999999545e+02	6.477999999999999314e-01	5.460383936000000000e+10	1.335837898101090160e-01	1.011345492078278563e-01	2.995569847490811913e-03
8.429120000000000000e+12	6.403999999999999773e+02	6.403999999999999693e-01	5.398008448000000000e+10	1.211687782350963916e-01	9.494490382725732924e-02	2.770227155171996018e-03
8.429120000000000000e+12	6.413999999999999773e+02	6.413999999999999702e-01	5.406437568000000000e+10	1.332009073654262521e-01	1.053782847810959405e-01	2.939291736887274416e-03
8.429120000000000000e+12	6.450000000000000000e+02	6.450000000000000178e-01	5.436782400000000000e+10	1.418743313269260342e-01	1.102270493477001401e-01	2.752744529593224854e-03
8.429120000000000000e+12	6.363999999999999773e+02	6.363999999999999657e-01	5.364291968000000000e+10	1.344825061719348014e-01	1.106555346735963868e-01	2.778116628429669159e-03
8.429120000000000000e+12	5.070000000000000000e+02	5.070000000000000062e-01	4.273563840000000000e+10	1.165795727360091349e-01	9.836097418749936705e-02	3.313865013920621640e-03
8.429120000000000000e+12	4.761999999999999886e+02	4.761999999999999567e-01	4.013946944000000000e+10	1.021825055025146894e-01	9.134969992710555153e-02	2.915215914017900943e-03
8.429120000000000000e+12	5.010000000000000000e+02	5.010000000000000009e-01	4.222989120000000000e+10	1.037775222269374381e-01	9.939862083416467486e-02	2.683619238454059818e-03
8.429120000000000000e+12	4.756000000000000227e+02	4.756000000000000227e-01	4.008889472000000000e+10	1.087464784283838498e-01	9.853918097256102182e-02	2.813111169609381311e-03
8.429120000000000000e+12	4.940000000000000000e+02	4.939999999999999392e-01	4.163985280000000000e+10	1.115666117614637215e-01	9.800007102055122155e-02	2.753657526643123275e-03
8.429120000000000000e+12	3.786000000000000227e+02	3.785999999999999921e-01	3.191264832000000000e+10	7.260007838722230822e-02	1.044315311559377013e-01	2.794983139616071758e-03
8.429120000000000000e+12	3.881999999999999886e+02	3.881999999999999895e-01	3.272184384000000000e+10	8.348025390041584337e-02	8.378899448429737162e-02	3.066178943706846308e-03
8.429120000000000000e+12	3.931999999999999886e+02	3.932000000000000495e-01	3.314329984000000000e+10	8.813818628404987421e-02	9.679262800825336188e-02	2.953018093017210650e-03
8.429120000000000000e+12	3.971999999999999886e+02	3.972000000000000530e-01	3.348046464000000000e+10	9.493284124982892536e-02	1.181418513017268024e-01	2.738688262122654284e-03
8.429120000000000000e+12	3.853999999999999773e+02	3.854000000000000203e-01	3.248582848000000000e+10	9.094600758853629840e-02	9.359104342500512708e-02	2.842441420662900585e-03
8.429120000000000000e+12	3.073999999999999773e+02	3.074000000000000066e-01	2.591111488000000000e+10	8.158477986216894351e-02	9.080926794449531436e-02	2.588339997839538692e-03
8.429120000000000000e+12	3.200000000000000000e+02	3.200000000000000067e-01	2.697318400000000000e+10	7.111110379037199891e-02	9.850062910421959750e-02	2.351864397749695110e-03
8.429120000000000000e+12	3.083999999999999773e+02	3.083999999999999519e-01	2.599540608000000000e+10	8.000475785729577183e-02	8.892448575300490599e-02	2.707173904221963582e-03
8.429120000000000000e+12	2.998000000000000114e+02	2.998000000000000109e-01	2.527050176000000000e+10	8.656669159518060042e-02	1.087069097231296022e-01	2.742205786939591779e-03
8.429120000000000000e+12	3.126000000000000227e+02	3.125999999999999890e-01	2.634942912000000000e+10	7.195579679801085426e-02	1.003233390764959321e-01	2.588668480576391314e-03
8.429120000000000000e+12	2.464000000000000057e+02	2.464000000000000079e-01	2.076935168000000000e+10	7.300651605883104467e-02	1.014044116814864643e-01	2.404009195311727649e-03
8.429120000000000000e+12	2.545999999999999943e+02	2.546000000000000485e-01	2.146053952000000000e+10	5.974367967583020522e-02	9.457445348754753289e-02	2.770018280870370324e-03
8.429120000000000000e+12	2.465999999999999943e+02	2.466000000000000136e-01	2.078620992000000000e+10	7.934036799051683020e-02	8.312268202822793717e-02	2.567775919356875356e-03
8.429120000000000000e+12	2.504000000000000057e+02	2.504000000000000670e-01	2.110651648000000000e+10	7.522969681867834602e-02	9.090136549305097291e-02	2.788470113158241382e-03
8.429120000000000000e+12	2.646000000000000227e+02	2.646000000000000019e-01	2.230345152000000000e+10	6.747401152915699640e-02	9.735341329472999017e-02	2.639151880128481984e-03
8.429120000000000000e+12	2.270000000000000000e+02	2.270000000000000073e-01	1.913410240000000000e+10	8.279159700305172009e-02	1.077683718012348857e-01	2.489314811126251085e-03
8.429120000000000000e+12	2.184000000000000057e+02	2.184000000000000108e-01	1.840919808000000000e+10	5.941882554952826467e-02	9.544516512358867943e-02	2.743388379353639030e-03
8.429120000000000000e+12	2.308000000000000114e+02	2.307999999999999774e-01	1.945440896000000000e+10	7.813165807874611346e-02	9.018295982201160466e-02	2.522646072089609372e-03
8.429120000000000000e+12	2.344000000000000057e+02	2.344000000000000250e-01	1.975785728000000000e+10	7.228823261420984359e-02	8.288839182373224090e-02	2.851418837340039848e-03
8.429120000000000000e+12	2.404000000000000057e+02	2.404000000000000026e-01	2.026360448000000000e+10	7.236401273221418351e-02	9.259035609081153750e-02	2.609119766488600476e-03
8.341990000000000000e+12	2.024599999999999909e+03	2.024599999999999955e+00	1.688919295400000000e+11	5.734837857879029333e-01	1.103842578287286963e-01	2.906821688200258904e-03
8.341990000000000000e+12	2.016400000000000091e+03	2.016399999999999970e+00	1.682078863600000000e+11	6.318878885587764227e-01	1.128040380480701127e-01	2.702851159939052492e-03
8.341990000000000000e+12	2.024000000000000000e+03	2.024000000000000021e+00	1.688418776000000000e+11	6.938323214005321926e-01	1.074572446178853752e-01	3.068330308875451880e-03
8.341990000000000000e+12	2.005599999999999909e+03	2.005600000000000271e+00	1.673069514400000000e+11	7.105557052459516854e-01	9.616470590432642240e-02	2.954562977338712985e-03
8.341990000000000000e+12	2.084800000000000182e+03	2.084799999999999986e+00	1.739138075200000000e+11	7.050381558823574091e-01	1.062523033324338229e-01	2.908910859160480401e-03
8.341990000000000000e+12	1.511799999999999955e+03	1.511800000000000033e+00	1.261142048200000000e+11	3.796450638052192295e-01	1.069612070330585862e-01	2.903732032545635472e-03
8.341990000000000000e+12	1.504400000000000091e+03	1.504399999999999959e+00	1.254968975600000000e+11	3.553481072956856113e-01	1.028664329028912555e-01	2.908806612178621923e-03
8.341990000000000000e+12	1.537599999999999909e+03	1.537600000000000078e+00	1.282664382400000000e+11	4.117831716877844994e-01	1.055889581586690468e-01	2.923792166544457623e-03
8.341990000000000000e+12	1.550200000000000045e+03	1.550200000000000244e+00	1.293175289800000000e+11	4.540567176552031126e-01	1.090877537639968475e-01	2.810104179690765640e-03
8.341990000000000000e+12	1.524799999999999955e+03	1.524799999999999933e+00	1.271986635200000000e+11	4.609150898128063778e-01	1.028887894694089783e-01	3.094056471025978181e-03
8.341990000000000000e+12	1.157000000000000000e+03	1.157000000000000250e+00	9.651682430000000000e+10	3.207586688627998006e-01	1.053304377564143329e-01	2.981672944263139783e-03
8.341990000000000000e+12	1.163200000000000045e+03	1.163199999999999790e+00	9.703402768000000000e+10	2.940914434566366253e-01	1.058410024894788498e-01	2.998068460729184839e-03
8.341990000000000000e+12	1.164400000000000091e+03	1.164400000000000102e+00	9.713413156000000000e+10	3.004894365354630059e-01	1.023547490778738550e-01	3.015270050088366197e-03
8.341990000000000000e+12	1.192200000000000045e+03	1.192200000000000149e+00	9.945320478000000000e+10	3.184233201612187147e-01	1.039692956610563240e-01	2.858563502240540118e-03
8.341990000000000000e+12	1.189200000000000045e+03	1.189200000000000035e+00	9.920294508000000000e+10	3.106434993578659487e-01	1.062510458154656973e-01	2.781281949339361060e-03
8.341990000000000000e+12	9.002000000000000455e+02	9.002000000000001112e-01	7.509459398000000000e+10	2.227569410508294934e-01	1.046918286089962846e-01	2.753267799135992837e-03
8.341990000000000000e+12	9.023999999999999773e+02	9.024000000000000909e-01	7.527811776000000000e+10	2.260249170162751398e-01	1.024495668710843355e-01	2.844762221959462340e-03
8.341990000000000000e+12	9.123999999999999773e+02	9.124000000000000998e-01	7.611231676000000000e+10	2.287449717902745872e-01	1.019653235295569366e-01	2.934871713041721075e-03
8.341990000000000000e+12	8.780000000000000000e+02	8.779999999999998916e-01	7.324267220000000000e+10	2.449455625906011846e-01	1.042822015809402175e-01	2.935033428285118394e-03
8.341990000000000000e+12	9.230000000000000000e+02	9.230000000000000426e-01	7.699656770000000000e+10	2.487798890127123630e-01	9.780955574528928109e-02	2.938021766477023639e-03
8.341990000000000000e+12	6.903999999999999773e+02	6.904000000000000137e-01	5.759309896000000000e+10	1.741571784725238214e-01	9.906955006859810564e-02	2.913107171464946691e-03
8.341990000000000000e+12	7.106000000000000227e+02	7.105999999999998984e-01	5.927818094000000000e+10	1.751910602095449465e-01	9.368698000319045094e-02	2.925668218795034366e-03
8.341990000000000000e+12	6.926000000000000227e+02	6.926000000000001044e-01	5.777662274000000000e+10	1.880515782366273814e-01	9.823132279508106635e-02	2.922853977261230703e-03
8.341990000000000000e+12	7.076000000000000227e+02	7.076000000000000068e-01	5.902792124000000000e+10	1.627738349588980782e-01	1.083876671024137650e-01	2.770191628063662682e-03
8.341990000000000000e+12	6.890000000000000000e+02	6.890000000000000568e-01	5.747631110000000000e+10	1.774911545898248677e-01	1.010262415806589820e-01	3.020687131949820192e-03
8.341990000000000000e+12	5.432000000000000455e+02	5.431999999999999051e-01	4.531368968000000000e+10	1.333863889639360367e-01	1.035274792561758223e-01	2.765122404323958928e-03
8.341990000000000000e+12	5.297999999999999545e+02	5.298000000000000487e-01	4.419586302000000000e+10	1.210614903835448841e-01	1.072228763540036545e-01	2.692684116268767060e-03
8.341990000000000000e+12	5.453999999999999773e+02	5.454000000000001069e-01	4.549721346000000000e+10	1.375458186379546477e-01	9.667568403470941374e-02	2.758029702870631438e-03
8.341990000000000000e+12	5.473999999999999773e+02	5.473999999999999977e-01	4.566405326000000000e+10	1.483786291424621651e-01	1.017793953957505659e-01	2.727037880244046787e-03
8.341990000000000000e+12	5.516000000000000227e+02	5.515999999999999792e-01	4.601441684000000000e+10	1.381964671609239304e-01	9.181293594224154697e-02	2.493731805726940795e-03
8.341990000000000000e+12	4.253999999999999773e+02	4.253999999999999448e-01	3.548682546000000000e+10	1.262277094125238419e-01	8.857470623410648725e-02	2.824317733352436303e-03
8.341990000000000000e+12	4.226000000000000227e+02	4.226000000000000867e-01	3.525324974000000000e+10	1.256894112154441356e-01	9.612659914232200842e-02	2.516492485418930693e-03
8.341990000000000000e+12	4.138000000000000114e+02	4.138000000000000012e-01	3.451915462000000000e+10	1.291766716904931001e-01	1.105215378899145479e-01	2.780396607548185454e-03
8.341990000000000000e+12	4.298000000000000114e+02	4.298000000000000154e-01	3.585387302000000000e+10	1.251314181025008909e-01	9.278635357517112103e-02	2.678368819811358971e-03
8.341990000000000000e+12	4.253999999999999773e+02	4.254000000000000559e-01	3.548682546000000000e+10	1.245744971538442769e-01	9.034478992188423041e-02	2.704474393030306765e-03
8.341990000000000000e+12	3.368000000000000114e+02	3.367999999999999883e-01	2.809582232000000000e+10	1.005753287940933660e-01	1.114855522456334180e-01	2.501871115601771774e-03
8.341990000000000000e+12	3.441999999999999886e+02	3.442000000000000060e-01	2.871312958000000000e+10	9.837618658857535947e-02	9.503838292029963275e-02	2.759142725819035968e-03
8.341990000000000000e+12	3.293999999999999773e+02	3.294000000000000261e-01	2.747851506000000000e+10	1.023961578069247508e-01	1.012992920161814581e-01	3.064190868930336160e-03
8.341990000000000000e+12	3.508000000000000114e+02	3.508000000000000007e-01	2.926370092000000000e+10	9.134271610419091025e-02	9.302134372276804619e-02	3.034237695348464096e-03
8.341990000000000000e+12	3.451999999999999886e+02	3.452000000000000068e-01	2.879654948000000000e+10	9.841684478224124732e-02	9.976983358429472593e-02	2.770585643900670518e-03
8.341990000000000000e+12	2.811999999999999886e+02	2.812000000000000055e-01	2.345767588000000000e+10	1.093791882020013900e-01	9.735097747638662979e-02	2.786998028847367803e-03
8.341990000000000000e+12	2.731999999999999886e+02	2.731999999999999984e-01	2.279031668000000000e+10	1.015066058813317851e-01	9.041578272236287794e-02	2.338170007802214696e-03
8.341990000000000000e+12	2.703999999999999773e+02	2.704000000000000292e-01	2.255674096000000000e+10	9.263361643643293342e-02	1.008770071620424397e-01	2.289328943075951729e-03
8.341990000000000000e+12	2.796000000000000227e+02	2.795999999999999597e-01	2.332420404000000000e+10	9.911653024082625607e-02	9.024271872566036468e-02	2.799170837320023343e-03
8.341990000000000000e+12	2.828000000000000114e+02	2.827999999999999958e-01	2.359114772000000000e+10	9.612147214511423954e-02	7.513251581891305930e-02	3.093299623118248715e-03
8.341990000000000000e+12	2.365999999999999943e+02	2.365999999999999770e-01	1.973714834000000000e+10	1.118525339486041020e-01	1.078804173837508013e-01	2.200965841075573810e-03
8.341990000000000000e+12	2.586000000000000227e+02	2.586000000000000520e-01	2.157238614000000000e+10	9.006277036478423093e-02	8.732716025267935056e-02	2.593100673912678792e-03
8.341990000000000000e+12	2.365999999999999943e+02	2.366000000000000048e-01	1.973714834000000000e+10	8.171959448782217805e-02	9.163022057305598989e-02	2.610920289680468496e-03
8.341990000000000000e+12	2.530000000000000000e+02	2.530000000000000027e-01	2.110523470000000000e+10	1.009208165221934933e-01	8.151191401354110355e-02	2.786914251611166508e-03
8.341990000000000000e+12	2.418000000000000114e+02	2.418000000000000149e-01	2.017093182000000000e+10	1.110993969855371688e-01	1.003449485484151776e-01	2.393472198734794901e-03
8.191780000000000000e+12	2.193000000000000000e+03	2.193000000000000060e+00	1.796457354000000000e+11	7.873426607649889331e-01	1.026951194630049413e-01	2.948527293290881864e-03
8.191780000000000000e+12	2.191000000000000000e+03	2.190999999999999837e+00	1.794818998000000000e+11	8.043946160182713356e-01	9.909272861283721645e-02	2.906588227463569128e-03
8.191780000000000000e+12	2.188000000000000000e+03	2.187999999999999723e+00	1.792361464000000000e+11	8.227770903947202452e-01	1.016790292817401770e-01	2.686511603460900541e-03
8.191780000000000000e+12	2.191599999999999909e+03	2.191600000000000215e+00	1.795310504800000000e+11	8.605715859604969875e-01	1.012628864682143526e-01	2.828751206314795985e-03
8.191780000000000000e+12	2.202800000000000182e+03	2.202799999999999869e+00	1.804485298400000000e+11	8.444170652492175577e-01	1.024729479106543106e-01	2.766255281196502297e-03
8.191780000000000000e+12	1.647599999999999909e+03	1.647599999999999953e+00	1.349677672800000000e+11	5.003078684490901429e-01	9.754673351950027271e-02	3.049995070690516598e-03
8.191780000000000000e+12	1.644200000000000045e+03	1.644200000000000106e+00	1.346892467600000000e+11	4.904566191248704854e-01	1.030673673821106834e-01	2.842046287955048676e-03
8.191780000000000000e+12	1.658799999999999955e+03	1.658800000000000052e+00	1.358852466400000000e+11	4.753818273619799806e-01	1.007680916531169119e-01	2.883019983161044016e-03
8.191780000000000000e+12	1.631200000000000045e+03	1.631200000000000205e+00	1.336243153600000000e+11	5.457471434363470042e-01	1.011904382885479292e-01	2.896625829328888877e-03
8.191780000000000000e+12	1.628000000000000000e+03	1.628000000000000114e+00	1.333621784000000000e+11	5.409059762580910036e-01	1.063413533320480553e-01	2.984358460606153368e-03
8.191780000000000000e+12	1.278000000000000000e+03	1.278000000000000025e+00	1.046909484000000000e+11	3.457735974715433480e-01	1.100233102490248555e-01	2.754149772985987725e-03
8.191780000000000000e+12	1.249599999999999909e+03	1.249599999999999822e+00	1.023644828800000000e+11	3.952301044714658929e-01	9.583185636397861806e-02	2.776823439215623385e-03
8.191780000000000000e+12	1.253599999999999909e+03	1.253600000000000048e+00	1.026921540800000000e+11	4.126705252490864839e-01	9.824162607396706715e-02	2.828900351171342951e-03
8.191780000000000000e+12	1.248799999999999955e+03	1.248799999999999910e+00	1.022989486400000000e+11	3.637026444710499962e-01	1.063932332859227614e-01	2.957118906688847165e-03
8.191780000000000000e+12	1.291799999999999955e+03	1.291799999999999837e+00	1.058214140400000000e+11	3.736815949418996752e-01	1.052425910206078036e-01	3.005235015580575656e-03
8.191780000000000000e+12	9.446000000000000227e+02	9.445999999999999952e-01	7.737955388000000000e+10	2.817298320602276140e-01	9.742683399549238732e-02	2.643197132937361114e-03
8.191780000000000000e+12	9.643999999999999773e+02	9.644000000000000350e-01	7.900152632000000000e+10	2.693117636810711812e-01	1.116813425577109636e-01	2.811483205125480441e-03
8.191780000000000000e+12	9.777999999999999545e+02	9.778000000000000025e-01	8.009922484000000000e+10	2.922696786757114640e-01	1.069287602140474441e-01	2.979241537846741197e-03
8.191780000000000000e+12	9.613999999999999773e+02	9.614000000000000323e-01	7.875577292000000000e+10	2.752833236148035101e-01	1.000343089629657928e-01	2.966672602330961209e-03
8.191780000000000000e+12	9.626000000000000227e+02	9.625999999999999002e-01	7.885407428000000000e+10	3.220051070168665208e-01	9.978066666081916725e-02	3.066069576240742882e-03
8.191780000000000000e+12	7.027999999999999545e+02	7.027999999999999803e-01	5.757182984000000000e+10	2.064038155607704483e-01	9.852263821290743739e-02	2.478980436067253906e-03
8.191780000000000000e+12	7.496000000000000227e+02	7.495999999999999330e-01	6.140558288000000000e+10	1.963866949121438610e-01	9.564231851224809511e-02	2.662626804429010785e-03
8.191780000000000000e+12	7.320000000000000000e+02	7.319999999999999840e-01	5.996382960000000000e+10	2.231772950130107291e-01	1.047845406193502055e-01	2.686823829095869292e-03
8.191780000000000000e+12	7.280000000000000000e+02	7.279999999999999805e-01	5.963615840000000000e+10	2.304927770883296034e-01	9.705550921189430580e-02	2.795937560032535178e-03
8.191780000000000000e+12	7.476000000000000227e+02	7.476000000000000423e-01	6.124174728000000000e+10	2.324135614816441320e-01	1.081772346117276518e-01	2.754005729074820389e-03
8.191780000000000000e+12	5.763999999999999773e+02	5.763999999999999124e-01	4.721741992000000000e+10	1.466930580114421956e-01	9.792381380452294670e-02	2.686636942579825448e-03
8.191780000000000000e+12	5.827999999999999545e+02	5.827999999999999847e-01	4.774169384000000000e+10	1.682538968123480916e-01	9.657103036542899477e-02	2.643343510237281067e-03
8.191780000000000000e+12	5.913999999999999773e+02	5.913999999999999257e-01	4.844618692000000000e+10	1.739736506260669557e-01	9.272200812770504952e-02	2.836520161678968317e-03
8.191780000000000000e+12	5.893999999999999773e+02	5.894000000000000350e-01	4.828235132000000000e+10	1.679289568050990056e-01	9.576626947634217513e-02	2.724881407887120958e-03
8.191780000000000000e+12	5.763999999999999773e+02	5.763999999999999124e-01	4.721741992000000000e+10	1.904874478528654491e-01	9.334166067146873469e-02	2.573119974887028757e-03
8.191780000000000000e+12	4.396000000000000227e+02	4.395999999999999908e-01	3.601106488000000000e+10	1.481707110063325561e-01	8.659446409309570769e-02	2.653799902379618599e-03
8.191780000000000000e+12	4.428000000000000114e+02	4.427999999999999714e-01	3.627320184000000000e+10	1.274651109602018551e-01	1.143278319369434720e-01	2.478287083263112141e-03
8.191780000000000000e+12	4.601999999999999886e+02	4.602000000000000535e-01	3.769857156000000000e+10	1.652509922962053790e-01	8.048881094882930076e-02	2.822399221315774909e-03
8.191780000000000000e+12	4.570000000000000000e+02	4.570000000000000173e-01	3.743643460000000000e+10	1.727343117782766113e-01	1.002140832014946914e-01	2.819292421963855502e-03
8.191780000000000000e+12	4.551999999999999886e+02	4.552000000000000490e-01	3.728898256000000000e+10	1.525334158738587687e-01	1.048930944276126320e-01	2.652059167286680615e-03
8.191780000000000000e+12	3.746000000000000227e+02	3.746000000000000441e-01	3.068640788000000000e+10	1.287099356574799569e-01	9.608872458397718641e-02	2.889250808180133384e-03
8.191780000000000000e+12	3.550000000000000000e+02	3.549999999999999822e-01	2.908081900000000000e+10	1.385922131205006846e-01	9.533755542488944745e-02	2.647114987860024141e-03
8.191780000000000000e+12	3.748000000000000114e+02	3.747999999999999665e-01	3.070279144000000000e+10	1.244518201990103962e-01	8.898421098329892254e-02	2.505420544667775248e-03
8.191780000000000000e+12	3.598000000000000114e+02	3.598000000000000087e-01	2.947402444000000000e+10	1.317642579173479989e-01	9.626316125536821255e-02	2.773609158317985254e-03
8.191780000000000000e+12	3.488000000000000114e+02	3.487999999999999434e-01	2.857292864000000000e+10	1.479961764321160445e-01	9.446180998995208633e-02	2.646438209836256966e-03
8.191780000000000000e+12	3.070000000000000000e+02	3.070000000000000506e-01	2.514876460000000000e+10	1.279778041051940762e-01	9.398061019224140944e-02	2.568572162004621826e-03
8.191780000000000000e+12	2.838000000000000114e+02	2.837999999999999967e-01	2.324827164000000000e+10	1.230018616960478484e-01	9.239584757868081477e-02	2.620662888541168325e-03
8.191780000000000000e+12	2.851999999999999886e+02	2.852000000000000091e-01	2.336295656000000000e+10	1.231679843704114319e-01	9.653452041612539669e-02	2.905857096205285029e-03
8.191780000000000000e+12	2.938000000000000114e+02	2.938000000000000056e-01	2.406744964000000000e+10	1.040226163560873801e-01	1.082947010238918539e-01	2.664324677364617120e-03
8.191780000000000000e+12	2.891999999999999886e+02	2.892000000000000126e-01	2.369062776000000000e+10	1.123566953197041585e-01	9.933611752372215054e-02	2.565897452305218596e-03
8.191780000000000000e+12	2.681999999999999886e+02	2.682000000000000495e-01	2.197035396000000000e+10	1.253208135370186826e-01	9.492395920167381873e-02	2.722490907271290801e-03
8.191780000000000000e+12	2.711999999999999886e+02	2.711999999999999966e-01	2.221610736000000000e+10	1.251730209509332725e-01	1.101548905716231569e-01	2.483886641599577540e-03
8.191780000000000000e+12	2.698000000000000114e+02	2.697999999999999288e-01	2.210142243999999619e+10	1.190876819166987871e-01	8.967896768906320759e-02	2.550668985204981257e-03
8.191780000000000000e+12	2.750000000000000000e+02	2.750000000000000222e-01	2.252739500000000000e+10	1.150145519192847104e-01	9.950165380536821202e-02	2.577178195128686060e-03
8.191780000000000000e+12	2.570000000000000000e+02	2.570000000000000062e-01	2.105287460000000000e+10	1.275304362685346915e-01	1.020952663548778672e-01	2.416386327268912892e-03
7.998990000000000000e+12	2.355400000000000091e+03	2.355400000000000382e+00	1.884082104600000000e+11	9.040884808810915052e-01	1.097616733594425076e-01	2.796397820936202643e-03
7.998990000000000000e+12	2.351000000000000000e+03	2.350999999999999979e+00	1.880562549000000000e+11	9.436807659643818846e-01	1.073821955414635126e-01	2.922345773829500282e-03
7.998990000000000000e+12	2.343000000000000000e+03	2.342999999999999972e+00	1.874163357000000000e+11	1.019210150870912823e+00	1.126601447760800234e-01	2.917094715410645071e-03
7.998990000000000000e+12	2.381400000000000091e+03	2.381400000000000183e+00	1.904879478600000000e+11	1.017363644205124817e+00	1.041522328810793319e-01	2.863633802818662220e-03
7.998990000000000000e+12	2.377400000000000091e+03	2.377400000000000180e+00	1.901679882600000000e+11	9.720605842539953301e-01	9.915071576994435865e-02	2.874106720527853931e-03
7.998990000000000000e+12	1.707000000000000000e+03	1.707000000000000073e+00	1.365427593000000000e+11	6.118654890714424477e-01	1.062769935700029339e-01	2.775474506263367162e-03
7.998990000000000000e+12	1.762200000000000045e+03	1.762199999999999989e+00	1.409582017800000000e+11	5.823932952774157901e-01	1.063520568991607185e-01	2.911920977538653456e-03
7.998990000000000000e+12	1.757400000000000091e+03	1.757399999999999851e+00	1.405742502600000000e+11	6.201091301855740090e-01	1.067265587235059210e-01	2.858621176956922631e-03
7.998990000000000000e+12	1.721599999999999909e+03	1.721600000000000019e+00	1.377106118400000000e+11	6.901787001422234891e-01	1.043544075150924233e-01	2.945151079175159937e-03
7.998990000000000000e+12	1.722000000000000000e+03	1.722000000000000197e+00	1.377426078000000000e+11	6.992379279554370441e-01	1.058568590714765445e-01	2.804972827167109307e-03
7.998990000000000000e+12	1.324799999999999955e+03	1.324800000000000200e+00	1.059706195200000000e+11	4.197700424116191931e-01	9.135368322878431591e-02	3.020818762927589794e-03
7.998990000000000000e+12	1.345000000000000000e+03	1.344999999999999751e+00	1.075864155000000000e+11	4.041969427261392633e-01	1.009439482369001578e-01	2.862890155903684373e-03
7.998990000000000000e+12	1.330400000000000091e+03	1.330400000000000249e+00	1.064185629600000000e+11	4.821869037870783470e-01	1.038994578897371179e-01	3.029871695851068560e-03
7.998990000000000000e+12	1.366599999999999909e+03	1.366600000000000037e+00	1.093141973400000000e+11	4.264851863837975654e-01	1.009053379620808294e-01	2.831364761296964981e-03
7.998990000000000000e+12	1.346599999999999909e+03	1.346600000000000019e+00	1.077143993400000000e+11	4.755810810011098511e-01	1.141517354953636432e-01	2.605293896972536889e-03
7.998990000000000000e+12	1.023000000000000000e+03	1.022999999999999909e+00	8.182966770000000000e+10	2.915700100004869344e-01	8.974023128730167220e-02	2.948004082535942219e-03
7.998990000000000000e+12	1.051599999999999909e+03	1.051600000000000090e+00	8.411737884000000000e+10	3.318175923829585483e-01	1.008990023449422430e-01	2.731226002729508252e-03
7.998990000000000000e+12	1.064200000000000045e+03	1.064200000000000035e+00	8.512525158000000000e+10	3.379253389012774056e-01	1.064165817722689117e-01	2.805311530266718124e-03
7.998990000000000000e+12	1.023399999999999977e+03	1.023400000000000087e+00	8.186166366000000000e+10	3.510590665001472876e-01	1.007335122466201660e-01	2.805307722494221508e-03
7.998990000000000000e+12	1.022600000000000023e+03	1.022599999999999953e+00	8.179767174000000000e+10	3.531109116518564295e-01	1.091696456488349537e-01	3.164138567831350449e-03
7.998990000000000000e+12	7.917999999999999545e+02	7.917999999999999483e-01	6.333600282000000000e+10	2.657764387720817356e-01	9.748117468750776282e-02	2.890708706602927724e-03
7.998990000000000000e+12	7.986000000000000227e+02	7.985999999999999766e-01	6.387993414000000000e+10	2.524771039645202220e-01	1.026505800979728988e-01	2.840426181555508103e-03
7.998990000000000000e+12	8.037999999999999545e+02	8.038000000000000700e-01	6.429588162000000000e+10	2.553205265635369869e-01	9.795520068815802284e-02	2.598277595345201921e-03
7.998990000000000000e+12	8.063999999999999773e+02	8.064000000000000057e-01	6.450385536000000000e+10	2.503907013754542166e-01	9.615109307842199804e-02	2.891093392696928756e-03
7.998990000000000000e+12	7.972000000000000455e+02	7.972000000000001307e-01	6.376794828000000000e+10	2.532242615160612553e-01	1.036004285209319586e-01	2.784001314044774050e-03
7.998990000000000000e+12	6.083999999999999773e+02	6.083999999999999408e-01	4.866585516000000000e+10	2.089503874712136111e-01	1.105337182415863512e-01	2.617000655662068444e-03
7.998990000000000000e+12	6.102000000000000455e+02	6.102000000000000757e-01	4.880983698000000000e+10	2.001175199188764964e-01	1.093506849688704874e-01	2.825894757721126530e-03
7.998990000000000000e+12	6.100000000000000000e+02	6.099999999999999867e-01	4.879383900000000000e+10	2.263220236439337785e-01	1.015697511147398008e-01	2.850960471377898993e-03
7.998990000000000000e+12	6.236000000000000227e+02	6.235999999999999321e-01	4.988170164000000000e+10	2.235149539909798422e-01	1.095895452440841245e-01	2.542165589607222297e-03
7.998990000000000000e+12	6.173999999999999773e+02	6.174000000000000599e-01	4.938576426000000000e+10	2.281870253719716912e-01	9.545246717315172824e-02	2.783010017441685073e-03
7.998990000000000000e+12	4.910000000000000000e+02	4.909999999999999920e-01	3.927504090000000000e+10	1.776158062731156007e-01	1.016865649473643468e-01	2.413228362557130052e-03
7.998990000000000000e+12	4.850000000000000000e+02	4.849999999999999867e-01	3.879510150000000000e+10	1.611143180789440521e-01	1.031377449956751013e-01	2.656742052452206772e-03
7.998990000000000000e+12	4.956000000000000227e+02	4.955999999999999295e-01	3.964299444000000000e+10	1.851455881254878422e-01	9.298366582234050826e-02	2.618504109885999402e-03
7.998990000000000000e+12	4.698000000000000114e+02	4.698000000000000509e-01	3.757925502000000000e+10	1.941064870907212025e-01	1.049885696675596919e-01	2.826885529936872497e-03
7.998990000000000000e+12	4.701999999999999886e+02	4.702000000000000068e-01	3.761125098000000000e+10	1.847718428932239587e-01	9.865991112218637504e-02	2.811345313456001423e-03
7.998990000000000000e+12	3.883999999999999773e+02	3.883999999999999675e-01	3.106807716000000000e+10	1.328787514615214493e-01	1.101117736182288809e-01	2.735198230619523795e-03
7.998990000000000000e+12	3.810000000000000000e+02	3.809999999999999498e-01	3.047615190000000000e+10	1.608317975470527073e-01	8.955267275773996782e-02	2.682196029263612773e-03
7.998990000000000000e+12	3.776000000000000227e+02	3.775999999999999912e-01	3.020418624000000000e+10	1.737266072551392482e-01	1.065832383552271639e-01	2.825600850740466082e-03
7.998990000000000000e+12	3.966000000000000227e+02	3.966000000000000081e-01	3.172399434000000000e+10	1.525208625933373585e-01	8.827065353434969397e-02	2.266947033286199811e-03
7.998990000000000000e+12	3.810000000000000000e+02	3.810000000000000053e-01	3.047615190000000000e+10	1.649547867511501065e-01	1.030101858607090914e-01	2.736745722441881554e-03
7.998990000000000000e+12	3.131999999999999886e+02	3.132000000000000339e-01	2.505283668000000000e+10	1.324435196533158832e-01	1.041948899245870586e-01	2.787297933928750086e-03
7.998990000000000000e+12	3.286000000000000227e+02	3.286000000000000032e-01	2.628468114000000000e+10	1.341821385735784133e-01	9.606124239282623489e-02	2.290759048984567555e-03
7.998990000000000000e+12	3.098000000000000114e+02	3.097999999999999643e-01	2.478087102000000000e+10	1.775143665423456751e-01	9.429544879876232411e-02	2.515980637228318415e-03
7.998990000000000000e+12	3.141999999999999886e+02	3.141999999999999793e-01	2.513282658000000000e+10	1.384115375541114246e-01	9.278664899345602513e-02	2.374924621820644066e-03
7.998990000000000000e+12	3.173999999999999773e+02	3.174000000000000155e-01	2.538879426000000000e+10	1.415521446277125395e-01	1.010464462613407804e-01	2.591278348901045019e-03
7.998990000000000000e+12	2.986000000000000227e+02	2.986000000000000321e-01	2.388498414000000000e+10	1.044509887879030430e-01	9.780526300203551404e-02	2.837234819155199945e-03
7.998990000000000000e+12	3.038000000000000114e+02	3.037999999999999590e-01	2.430093162000000000e+10	1.348668869403809312e-01	9.432544538903968323e-02	2.785681326733366846e-03
7.998990000000000000e+12	2.901999999999999886e+02	2.902000000000000135e-01	2.321306898000000000e+10	1.623251227353648685e-01	9.723846837749353100e-02	2.885281249893410609e-03
7.998990000000000000e+12	2.868000000000000114e+02	2.868000000000000549e-01	2.294110332000000000e+10	1.337831923877274565e-01	9.980624164203596993e-02	2.560020851071373622e-03
7.998990000000000000e+12	2.803999999999999773e+02	2.804000000000000381e-01	2.242916796000000000e+10	1.490759040837474347e-01	9.762062565657844693e-02	2.917902056595024669e-03
7.777310000000000000e+12	2.498599999999999909e+03	2.498600000000000598e+00	1.943238676600000000e+11	9.797832041595029295e-01	1.028338096358531739e-01	3.021929569463327643e-03
7.777310000000000000e+12	2.491199999999999818e+03	2.491200000000000081e+00	1.937483467200000000e+11	1.043769192434047088e+00	1.043097245195600264e-01	2.884154564548829444e-03
7.777310000000000000e+12	2.525800000000000182e+03	2.525799999999999823e+00	1.964392959800000000e+11	1.245848776246930356e+00	9.619776162989311652e-02	2.818586757297067598e-03
7.777310000000000000e+12	2.498800000000000182e+03	2.498800000000000132e+00	1.943394222800000000e+11	1.238684608439871271e+00	1.041490971465946214e-01	2.863639857840330309e-03
7.777310000000000000e+12	2.488599999999999909e+03	2.488599999999999923e+00	1.935461366600000000e+11	1.234716429760737810e+00	1.021771432756869435e-01	2.902977686685136866e-03
7.777310000000000000e+12	1.850400000000000091e+03	1.850399999999999823e+00	1.439113442400000000e+11	7.469694275601795885e-01	1.026595696830464866e-01	2.797650829942740450e-03
7.777310000000000000e+12	1.826000000000000000e+03	1.826000000000000068e+00	1.420136806000000000e+11	7.020259641447410548e-01	1.075086779720658692e-01	2.676660003120555440e-03
7.777310000000000000e+12	1.844799999999999955e+03	1.844799999999999773e+00	1.434758148800000000e+11	7.807164826370354138e-01	1.049137559157843069e-01	2.864418875375267584e-03
7.777310000000000000e+12	1.843599999999999909e+03	1.843599999999999905e+00	1.433824871600000000e+11	8.084194879353162611e-01	9.797035887267571685e-02	2.831043116407492254e-03
7.777310000000000000e+12	1.840799999999999955e+03	1.840800000000000214e+00	1.431647224800000000e+11	7.329471862718491826e-01	1.017724956695165994e-01	2.880018359963379231e-03
7.777310000000000000e+12	1.429400000000000091e+03	1.429400000000000004e+00	1.111688691400000000e+11	5.069140200417677766e-01	1.013120601114322339e-01	2.960332861298793986e-03
7.777310000000000000e+12	1.425599999999999909e+03	1.425600000000000200e+00	1.108733313600000000e+11	5.394990357328424135e-01	1.084164518769768770e-01	2.864169699893203032e-03
7.777310000000000000e+12	1.416200000000000045e+03	1.416199999999999903e+00	1.101422642200000000e+11	5.050550841770018451e-01	1.064783856029777320e-01	2.823207683850449679e-03
7.777310000000000000e+12	1.383799999999999955e+03	1.383800000000000141e+00	1.076224157800000000e+11	6.058560388119076379e-01	8.717308895527045576e-02	2.927270283665531214e-03
7.777310000000000000e+12	1.402799999999999955e+03	1.402800000000000269e+00	1.091001046800000000e+11	5.580688022002504578e-01	1.031925095270107839e-01	2.804828269913093274e-03
7.777310000000000000e+12	1.081200000000000045e+03	1.081199999999999717e+00	8.408827572000000000e+10	3.248869982413452595e-01	1.049843020561689738e-01	2.707889300994481292e-03
7.777310000000000000e+12	1.087000000000000000e+03	1.087000000000000188e+00	8.453935970000000000e+10	4.199807519064052141e-01	9.967953822209672798e-02	2.657639445201079396e-03
7.777310000000000000e+12	1.084599999999999909e+03	1.084600000000000009e+00	8.435270426000000000e+10	4.062882448033633409e-01	1.006645612096506992e-01	3.031321810102953051e-03
7.777310000000000000e+12	1.088599999999999909e+03	1.088600000000000012e+00	8.466379666000000000e+10	4.127737019583946898e-01	9.801406560260898793e-02	2.633285997104133601e-03
7.777310000000000000e+12	1.081599999999999909e+03	1.081599999999999895e+00	8.411938496000000000e+10	4.723807765063611219e-01	9.791802447247428820e-02	2.583491112011853177e-03
7.777310000000000000e+12	8.212000000000000455e+02	8.212000000000001521e-01	6.386726972000000000e+10	3.012695901634288020e-01	1.047241054225280521e-01	2.864246583912102677e-03
7.777310000000000000e+12	8.373999999999999773e+02	8.373999999999999222e-01	6.512719394000000000e+10	2.798764831910375284e-01	1.146405310955350698e-01	2.850904159932574587e-03
7.777310000000000000e+12	8.473999999999999773e+02	8.474000000000000421e-01	6.590492494000000000e+10	2.724981124034456803e-01	1.013081350232711009e-01	2.782021135876507501e-03
7.777310000000000000e+12	8.270000000000000000e+02	8.269999999999999574e-01	6.431835370000000000e+10	3.311795616386007390e-01	9.700053181582024564e-02	2.721290197416210890e-03
7.777310000000000000e+12	8.462000000000000455e+02	8.461999999999999522e-01	6.581159722000000000e+10	3.220812064686470189e-01	9.441322658974679594e-02	3.003145535591466610e-03
7.777310000000000000e+12	6.597999999999999545e+02	6.598000000000000531e-01	5.131469138000000000e+10	2.039015313150230324e-01	1.040066479057385751e-01	2.680621262034970330e-03
7.777310000000000000e+12	6.500000000000000000e+02	6.500000000000001332e-01	5.055251500000000000e+10	2.370868619660541354e-01	9.965079728125772474e-02	2.649093770834296500e-03
7.777310000000000000e+12	6.507999999999999545e+02	6.508000000000000451e-01	5.061473348000000000e+10	2.458309731993722491e-01	9.547411696092508726e-02	2.909802511424032425e-03
7.777310000000000000e+12	6.227999999999999545e+02	6.228000000000000203e-01	4.843708668000000000e+10	2.517925736859979446e-01	1.034276562023386525e-01	2.624855439098380209e-03
7.777310000000000000e+12	6.627999999999999545e+02	6.628000000000000558e-01	5.154801068000000000e+10	2.671833504497044265e-01	9.457432861182712980e-02	3.039503008737528753e-03
7.777310000000000000e+12	5.296000000000000227e+02	5.295999999999999597e-01	4.118863376000000000e+10	2.145818090417378754e-01	1.032142777596054134e-01	2.556765222328285462e-03
7.777310000000000000e+12	5.213999999999999773e+02	5.214000000000000856e-01	4.055089434000000000e+10	2.045680162056669471e-01	1.031556886803433881e-01	2.902714203731030559e-03
7.777310000000000000e+12	5.070000000000000000e+02	5.069999999999998952e-01	3.943096170000000000e+10	1.844322082362850890e-01	9.874743301595048650e-02	2.704696760170675028e-03
7.777310000000000000e+12	5.226000000000000227e+02	5.225999999999999535e-01	4.064422206000000000e+10	2.236125153562170398e-01	9.921930180762883467e-02	2.557903831965568746e-03
7.777310000000000000e+12	5.223999999999999773e+02	5.223999999999999755e-01	4.062866744000000000e+10	2.364809176173366667e-01	8.813949990132392831e-02	2.700803263806655658e-03
7.777310000000000000e+12	3.913999999999999773e+02	3.914000000000000257e-01	3.044039134000000000e+10	1.891073595514171646e-01	9.477607789422999585e-02	2.806935064665275724e-03
7.777310000000000000e+12	3.988000000000000114e+02	3.987999999999999323e-01	3.101591228000000000e+10	1.646908274406087003e-01	1.003674977993119083e-01	2.558252498093241574e-03
7.777310000000000000e+12	3.963999999999999773e+02	3.963999999999999746e-01	3.082925684000000000e+10	1.821707624429109162e-01	1.135225846709606301e-01	2.717789842664226560e-03
7.777310000000000000e+12	4.120000000000000000e+02	4.120000000000000329e-01	3.204251720000000000e+10	1.866963464632135639e-01	1.042169765806041648e-01	2.824839621493193710e-03
7.777310000000000000e+12	4.153999999999999773e+02	4.153999999999999915e-01	3.230694574000000000e+10	2.167477486887946780e-01	9.506872369608265760e-02	2.685850554560825689e-03
7.777310000000000000e+12	3.238000000000000114e+02	3.238000000000000322e-01	2.518292978000000000e+10	1.792669005370043922e-01	8.923257631630890363e-02	2.635084061428533912e-03
7.777310000000000000e+12	3.278000000000000114e+02	3.277999999999999803e-01	2.549402218000000000e+10	1.993235924470354858e-01	1.022794052928591990e-01	2.777445232013785702e-03
7.777310000000000000e+12	3.291999999999999886e+02	3.291999999999999926e-01	2.560290452000000000e+10	1.694628494537027963e-01	9.561677419682371171e-02	2.738358491933591717e-03
7.777310000000000000e+12	3.510000000000000000e+02	3.509999999999999787e-01	2.729835810000000000e+10	1.589196691971665187e-01	9.001655454052016891e-02	3.015659573694184133e-03
7.777310000000000000e+12	3.416000000000000227e+02	3.415999999999999592e-01	2.656729096000000000e+10	2.175434578968634125e-01	1.008633968818861415e-01	3.008054056214493153e-03
7.777310000000000000e+12	3.023999999999999773e+02	3.024000000000000021e-01	2.351858544000000000e+10	1.743828247856072378e-01	9.522730825901973284e-02	2.635208339112709696e-03
7.777310000000000000e+12	3.148000000000000114e+02	3.147999999999999687e-01	2.448297188000000000e+10	1.594403441707981928e-01	9.160238230343203947e-02	2.752966856908240466e-03
7.777310000000000000e+12	3.146000000000000227e+02	3.146000000000000463e-01	2.446741726000000000e+10	1.651606734367305762e-01	9.108065306194916555e-02	2.786899463352791265e-03
7.777310000000000000e+12	3.003999999999999773e+02	3.003999999999999448e-01	2.336303924000000000e+10	1.828109682222930077e-01	8.862754528382468799e-02	2.695676179926287993e-03
7.777310000000000000e+12	3.223999999999999773e+02	3.224000000000000199e-01	2.507404744000000000e+10	1.884380345209137886e-01	8.317974131937333482e-02	2.288771748166709349e-03
7.536350000000000000e+12	2.622000000000000000e+03	2.621999999999999886e+00	1.976030970000000000e+11	1.144825258584205585e+00	1.050078226756929328e-01	2.824048857866959771e-03
7.536350000000000000e+12	2.600599999999999909e+03	2.600600000000000023e+00	1.959903181000000000e+11	1.206372505518811478e+00	1.013301290574646352e-01	2.907644353965920837e-03
7.536350000000000000e+12	2.640599999999999909e+03	2.640600000000000058e+00	1.990048581000000000e+11	1.392129765549179776e+00	1.005145973426007505e-01	2.798360151831387043e-03
7.536350000000000000e+12	2.638800000000000182e+03	2.638799999999999812e+00	1.988692038000000000e+11	1.339417994148607294e+00	9.966773164429956755e-02	2.825451675580822278e-03
7.536350000000000000e+12	2.592400000000000091e+03	2.592400000000000038e+00	1.953723374000000000e+11	1.500096009162734889e+00	1.005496045416748585e-01	2.803160831433787123e-03
7.536350000000000000e+12	1.947799999999999955e+03	1.947800000000000198e+00	1.467930253000000000e+11	7.699229637308235841e-01	1.056172025252710700e-01	2.854792870909660021e-03
7.536350000000000000e+12	1.956799999999999955e+03	1.956800000000000095e+00	1.474712968000000000e+11	7.997836387323331575e-01	1.083576868639982427e-01	2.929555581343919104e-03
7.536350000000000000e+12	1.951200000000000045e+03	1.951200000000000045e+00	1.470492612000000000e+11	8.497839566560287938e-01	9.825643096995860526e-02	3.039448514486342567e-03
7.536350000000000000e+12	1.960599999999999909e+03	1.960600000000000120e+00	1.477576781000000000e+11	9.303276803271728346e-01	1.069162529731866734e-01	2.779477781452995878e-03
7.536350000000000000e+12	1.971599999999999909e+03	1.971600000000000019e+00	1.485866766000000000e+11	8.376583583733008265e-01	1.054608098817200190e-01	3.020626310199679091e-03
7.536350000000000000e+12	1.508599999999999909e+03	1.508599999999999941e+00	1.136933761000000000e+11	6.135866183349207859e-01	1.046605995575058401e-01	2.948630011279824124e-03
7.536350000000000000e+12	1.476799999999999955e+03	1.476800000000000113e+00	1.112968168000000000e+11	6.164465927879063667e-01	1.036537668532085676e-01	2.796106154183713131e-03
7.536350000000000000e+12	1.467000000000000000e+03	1.467000000000000082e+00	1.105582545000000000e+11	6.217494125048688147e-01	1.044855543358198940e-01	2.932645344406666597e-03
7.536350000000000000e+12	1.468799999999999955e+03	1.468800000000000328e+00	1.106939088000000000e+11	6.489003332990250783e-01	1.063935801746704046e-01	2.610898296139735515e-03
7.536350000000000000e+12	1.498000000000000000e+03	1.497999999999999998e+00	1.128945230000000000e+11	6.411908314632455141e-01	1.039984456954449882e-01	2.675172669494840175e-03
7.536350000000000000e+12	1.115799999999999955e+03	1.115799999999999681e+00	8.409059330000000000e+10	4.138367507172006077e-01	1.072423078754143333e-01	2.803722825924539509e-03
7.536350000000000000e+12	1.143599999999999909e+03	1.143599999999999950e+00	8.618569860000000000e+10	4.360169485446022120e-01	1.095798418462632651e-01	2.908272626124524998e-03
7.536350000000000000e+12	1.097000000000000000e+03	1.096999999999999975e+00	8.267375950000000000e+10	4.415420805013127170e-01	9.837273079309616364e-02	2.838964765890056915e-03
7.536350000000000000e+12	1.148799999999999955e+03	1.148800000000000043e+00	8.657758880000000000e+10	4.815521316282683761e-01	1.025109438159990810e-01	2.858196812670672857e-03
7.536350000000000000e+12	1.124799999999999955e+03	1.124800000000000022e+00	8.476886480000000000e+10	4.825331301130063588e-01	9.723499573194194223e-02	3.020772951003699528e-03
7.536350000000000000e+12	8.830000000000000000e+02	8.830000000000000071e-01	6.654597050000000000e+10	3.057774163771682652e-01	1.022233780650338569e-01	2.809368129646206552e-03
7.536350000000000000e+12	8.757999999999999545e+02	8.757999999999999119e-01	6.600335330000000000e+10	3.413798456922449986e-01	1.035638831441964280e-01	2.764968437468960389e-03
7.536350000000000000e+12	8.727999999999999545e+02	8.728000000000000203e-01	6.577726280000000000e+10	3.775605960599932587e-01	1.168439760354263168e-01	3.105288523975408520e-03
7.536350000000000000e+12	8.720000000000000000e+02	8.720000000000001084e-01	6.571697200000000000e+10	3.740031271681800717e-01	1.149840961731186384e-01	2.878087313664143797e-03
7.536350000000000000e+12	8.696000000000000227e+02	8.695999999999999286e-01	6.553609960000000000e+10	3.797455546055061859e-01	1.040163712784290262e-01	2.689653978743857411e-03
7.536350000000000000e+12	6.942000000000000455e+02	6.941999999999999282e-01	5.231734170000000000e+10	2.670736470245174132e-01	9.427600006237885077e-02	2.778570201752632567e-03
7.536350000000000000e+12	6.733999999999999773e+02	6.733999999999999986e-01	5.074978090000000000e+10	2.670410966606141523e-01	9.976748474971548764e-02	2.490118775260966900e-03
7.536350000000000000e+12	6.923999999999999773e+02	6.924000000000000155e-01	5.218168740000000000e+10	3.132315493940041051e-01	1.000837924067212725e-01	2.762450830841056606e-03
7.536350000000000000e+12	6.966000000000000227e+02	6.965999999999998860e-01	5.249821410000000000e+10	2.909635025825991761e-01	1.054220484763007393e-01	2.648229762958833906e-03
7.536350000000000000e+12	6.893999999999999773e+02	6.893999999999999018e-01	5.195559690000000000e+10	2.829865629088089696e-01	1.009838921142863777e-01	2.582984283656821530e-03
7.536350000000000000e+12	5.366000000000000227e+02	5.366000000000000769e-01	4.044005410000000000e+10	2.136746629137633025e-01	9.423212245231897544e-02	2.585326216288862024e-03
7.536350000000000000e+12	5.310000000000000000e+02	5.309999999999999165e-01	4.001801850000000000e+10	2.308290273123930203e-01	1.030063013193600607e-01	2.627104111716388642e-03
7.536350000000000000e+12	5.407999999999999545e+02	5.408000000000000584e-01	4.075658080000000000e+10	2.701292781423035305e-01	8.539526667883620692e-02	2.863124114999997250e-03
7.536350000000000000e+12	5.232000000000000455e+02	5.231999999999999984e-01	3.943018320000000000e+10	2.422055930019268999e-01	9.834078123467382415e-02	2.749486349737379452e-03
7.536350000000000000e+12	5.443999999999999773e+02	5.443999999999998840e-01	4.102788940000000000e+10	2.714929896774265217e-01	8.687854648959045245e-02	2.440943753285239413e-03
7.536350000000000000e+12	4.240000000000000000e+02	4.240000000000000435e-01	3.195412400000000000e+10	2.252105119896441465e-01	1.035866292371429714e-01	2.861246614984545942e-03
7.536350000000000000e+12	4.348000000000000114e+02	4.348000000000000753e-01	3.276804980000000000e+10	2.118752627020512591e-01	1.018197408380388802e-01	2.143201193910878634e-03
7.536350000000000000e+12	4.238000000000000114e+02	4.237999999999999545e-01	3.193905130000000000e+10	2.072026863164865007e-01	9.487434521623791528e-02	2.421231704449119948e-03
7.536350000000000000e+12	4.368000000000000114e+02	4.368000000000000216e-01	3.291877680000000000e+10	2.447012980344879796e-01	9.178826082871588410e-02	2.831262452479876672e-03
7.536350000000000000e+12	4.353999999999999773e+02	4.354000000000000092e-01	3.281326790000000000e+10	2.224957649099451318e-01	9.674955457740422315e-02	2.503668439354026377e-03
7.536350000000000000e+12	3.661999999999999886e+02	3.662000000000000255e-01	2.759811370000000000e+10	2.031005540931801190e-01	1.048658013483976664e-01	2.340408994356363293e-03
7.536350000000000000e+12	3.483999999999999773e+02	3.483999999999999875e-01	2.625664340000000000e+10	2.070512802289158627e-01	1.002304195938629600e-01	2.868921423289492404e-03
7.536350000000000000e+12	3.476000000000000227e+02	3.476000000000000201e-01	2.619635260000000000e+10	1.869833424874741412e-01	1.135298450715153534e-01	2.774841039474853620e-03
7.536350000000000000e+12	3.596000000000000227e+02	3.595999999999999752e-01	2.710071460000000000e+10	2.334330937943377704e-01	9.167621239156044377e-02	2.042736665328593725e-03
7.536350000000000000e+12	3.501999999999999886e+02	3.502000000000000113e-01	2.639229770000000381e+10	1.870159370342662497e-01	1.070818945309231635e-01	2.671879398518620281e-03
7.536350000000000000e+12	3.291999999999999886e+02	3.292000000000000481e-01	2.480966420000000000e+10	2.015795872071976247e-01	1.103588927546974852e-01	2.593845039490419620e-03
7.536350000000000000e+12	3.230000000000000000e+02	3.230000000000000093e-01	2.434241050000000000e+10	2.108843241743670605e-01	9.808069630445899467e-02	2.993587716534033306e-03
7.536350000000000000e+12	3.273999999999999773e+02	3.274000000000000243e-01	2.467400990000000000e+10	1.775069804831218845e-01	1.060291463598969364e-01	2.881116635692498613e-03
7.536350000000000000e+12	3.203999999999999773e+02	3.203999999999999626e-01	2.414646540000000000e+10	2.310702391130689537e-01	9.127264925854663979e-02	2.568462706731386609e-03
7.536350000000000000e+12	3.126000000000000227e+02	3.125999999999999890e-01	2.355863010000000000e+10	1.750386539468308800e-01	9.765279323368832032e-02	2.659581703575203144e-03
