# SourcePhotonFlux	NumberRaysSurvived	PercentageRaysSurvived	PhotonFlux	Bandwidth	HorizontalFocusFWHM	VerticalFocusFWHM
nan	1.125000000000000000e+01	1.124999999999999958e-02	nan	2.447438033480781212e-04	3.231693263294797749e-03	2.552133722858664793e-04
nan	1.987500000000000000e+01	1.987500000000000031e-02	nan	3.956325591290494660e-04	3.038705516753247883e-03	2.748814719163699002e-04
nan	1.056250000000000000e+01	1.056250000000000071e-02	nan	5.414918442977656628e-04	2.741006791935754645e-03	2.549343901511416004e-04
nan	1.631250000000000000e+01	1.631250000000000061e-02	nan	6.698656206811702627e-04	2.743615036051746253e-03	2.737147822669986166e-04
nan	2.075000000000000000e+01	2.075000000000000108e-02	nan	7.631500016120126980e-04	2.729273531328232222e-03	2.740028589268416761e-04
nan	2.618750000000000000e+01	2.618749999999999897e-02	nan	9.539349479220375540e-04	1.940824452868903033e-03	3.295314719577575836e-04
nan	2.987500000000000000e+01	2.987499999999999878e-02	nan	8.515610425270381256e-04	2.524218987721276244e-03	2.982390522048259675e-04
nan	3.550000000000000000e+01	3.549999999999999684e-02	nan	7.592048731517309079e-04	1.747809286880905658e-03	3.275463198283211190e-04
nan	3.912500000000000000e+01	3.912500000000000006e-02	nan	1.116943119885860369e-03	2.064348729601114471e-03	3.482685092801376947e-04
nan	4.356250000000000000e+01	4.356249999999999706e-02	nan	1.325691807934958888e-03	2.134646059613375026e-03	3.353370667740662074e-04
nan	4.975000000000000000e+01	4.975000000000000255e-02	nan	1.138927217475327325e-03	1.702001463940840034e-03	3.256809911209011289e-04
nan	5.118750000000000000e+01	5.118749999999999689e-02	nan	1.547951760642263253e-03	1.816445820307631583e-03	2.963616576602165725e-04
nan	5.812500000000000000e+01	5.812499999999999611e-02	nan	1.732460175517758216e-03	2.179457303472295132e-03	3.435251569928972131e-04
nan	5.743750000000000000e+01	5.743749999999999550e-02	nan	1.663211055259239401e-03	1.952015059177395059e-03	3.204652918020658298e-04
nan	6.312500000000000000e+01	6.312500000000000056e-02	nan	2.071766896754922982e-03	1.610336952422352762e-03	3.341356051034620727e-04
nan	6.606250000000000000e+01	6.606249999999999623e-02	nan	2.183720374631548111e-03	1.778263712856523139e-03	3.323421877515086325e-04
nan	7.056250000000000000e+01	7.056250000000000022e-02	nan	2.403088181488044484e-03	2.200377656088802966e-03	3.077311978374561597e-04
nan	7.306250000000000000e+01	7.306250000000000244e-02	nan	2.672861435513596007e-03	1.985592064668896106e-03	3.503539341876251226e-04
nan	7.562500000000000000e+01	7.562499999999999778e-02	nan	2.887995525952646858e-03	1.445721890305703364e-03	3.653001320934191453e-04
nan	7.362500000000000000e+01	7.362499999999999600e-02	nan	2.730374974731830662e-03	1.714064401192179473e-03	3.334884833807598469e-04
nan	7.656250000000000000e+01	7.656250000000000555e-02	nan	2.939661489875788902e-03	1.998594632083154719e-03	3.523891405638597497e-04
nan	7.887500000000000000e+01	7.887500000000000067e-02	nan	3.240835642216666201e-03	1.863738719519829768e-03	3.191687081632231483e-04
nan	7.743750000000000000e+01	7.743750000000000633e-02	nan	3.538709930538175286e-03	1.849437422965138390e-03	3.363005112447553947e-04
nan	8.012500000000000000e+01	8.012500000000000178e-02	nan	3.468836261646401908e-03	1.477143604970401454e-03	3.605678394844971679e-04
nan	7.231250000000000000e+01	7.231249999999998790e-02	nan	3.507771435309336994e-03	1.866978449328354295e-03	3.579301632291352966e-04
nan	7.081250000000000000e+01	7.081250000000000044e-02	nan	4.252411608746342608e-03	1.730923229678103022e-03	3.481945272892345402e-04
nan	6.987500000000000000e+01	6.987500000000000655e-02	nan	4.202198070075269243e-03	1.636576773807805205e-03	3.435989974146644505e-04
nan	6.325000000000000000e+01	6.325000000000000067e-02	nan	4.481026095916718077e-03	1.221492987783453360e-03	3.559828153065639823e-04
nan	5.762500000000000000e+01	5.762500000000000261e-02	nan	4.524463342761464446e-03	1.492622727801187679e-03	3.334024693425676356e-04
nan	5.075000000000000000e+01	5.075000000000000344e-02	nan	4.521993960281633917e-03	2.137572090682009554e-03	3.282832845160587850e-04
nan	4.887500000000000000e+01	4.887500000000000178e-02	nan	4.497866900777580668e-03	1.706042173134725802e-03	3.541207630857396479e-04
nan	4.125000000000000000e+01	4.125000000000000194e-02	nan	5.313719873697664298e-03	1.664426937167992832e-03	3.300120864052641530e-04
nan	3.781250000000000000e+01	3.781249999999999889e-02	nan	6.355866505828089430e-03	1.688141163763954861e-03	3.465961472326996784e-04
nan	3.356250000000000000e+01	3.356250000000000205e-02	nan	6.106757856159106268e-03	1.397366998320081263e-03	2.769445966934862844e-04
nan	2.806250000000000000e+01	2.806249999999999717e-02	nan	5.601143729810069416e-03	1.545296421111565146e-03	2.794579854063787734e-04
nan	2.475000000000000000e+01	2.475000000000000117e-02	nan	5.486606099881301789e-03	1.871034620076648166e-03	2.834760306462696553e-04
nan	2.087500000000000000e+01	2.087500000000000119e-02	nan	7.606950266232249264e-03	2.025022636449563644e-03	2.733395666111919863e-04
nan	1.893750000000000000e+01	1.893750000000000294e-02	nan	6.964028193117885977e-03	2.064094590886240803e-03	2.659258752785817904e-04
nan	1.537500000000000000e+01	1.537499999999999978e-02	nan	7.359872755110244240e-03	1.886424266708852746e-03	2.577129095171353814e-04
nan	8.500000000000000000e+00	8.500000000000000611e-03	nan	2.659126334820017569e-04	2.716536961981923237e-03	2.259116249899334493e-04
nan	1.287500000000000000e+01	1.287499999999999756e-02	nan	4.210413412906483400e-04	2.946131750518487472e-03	2.258441312850679962e-04
nan	7.000000000000000000e+00	7.000000000000000146e-03	nan	4.556027125913291440e-04	2.596092177583008559e-03	2.091230375523142550e-04
nan	1.362500000000000000e+01	1.362499999999999996e-02	nan	6.691094990804502323e-04	2.593252254197957272e-03	2.081924308216528496e-04
nan	1.562500000000000000e+01	1.562500000000000000e-02	nan	7.379743550675401135e-04	2.782004389239873653e-03	2.253575990115736644e-04
nan	2.187500000000000000e+01	2.187499999999999861e-02	nan	9.305428452874454220e-04	2.435897284131708414e-03	2.292339359766811077e-04
nan	2.550000000000000000e+01	2.549999999999999489e-02	nan	8.767553141072806627e-04	2.182636955227705913e-03	2.166368293394092988e-04
nan	2.987500000000000000e+01	2.987499999999999878e-02	nan	9.407690554184000575e-04	2.084692481307317755e-03	2.847975136940466005e-04
nan	3.318750000000000000e+01	3.318750000000000172e-02	nan	9.785478981996220682e-04	2.396594910679818169e-03	2.996018388697173221e-04
nan	3.618750000000000000e+01	3.618750000000000439e-02	nan	1.573355582500823857e-03	1.070622838230976190e-03	2.169011268993015348e-04
nan	3.931250000000000000e+01	3.931250000000000022e-02	nan	1.648294341769940274e-03	2.021587962171749429e-03	2.212708718578630597e-04
nan	4.506250000000000000e+01	4.506250000000000533e-02	nan	1.350702191778907491e-03	2.203568718406379891e-03	2.439129662245238307e-04
nan	4.725000000000000000e+01	4.725000000000000033e-02	nan	1.620985729644530693e-03	1.813197721677141556e-03	2.607567188075049004e-04
nan	4.987500000000000000e+01	4.987500000000000266e-02	nan	2.070664895306606468e-03	1.917104111398349516e-03	2.859873041745783452e-04
nan	5.618750000000000000e+01	5.618749999999999439e-02	nan	1.533967815575465465e-03	2.025432935010391348e-03	2.577095799524737490e-04
nan	5.631250000000000000e+01	5.631249999999999450e-02	nan	2.054177149432234728e-03	1.835050303156474062e-03	2.873475899171573579e-04
nan	5.912500000000000000e+01	5.912499999999999006e-02	nan	2.478560091212500538e-03	1.436862365540081832e-03	2.831092238789047026e-04
nan	5.993750000000000000e+01	5.993749999999999772e-02	nan	2.339561988918603674e-03	1.828415866718505244e-03	2.835931928129182536e-04
nan	6.606250000000000000e+01	6.606249999999999623e-02	nan	2.652942714895800691e-03	1.566095851058778342e-03	2.842265799670330565e-04
nan	6.375000000000000000e+01	6.375000000000000111e-02	nan	2.420596935905905411e-03	1.883973716806778371e-03	2.634642783574378858e-04
nan	6.425000000000000000e+01	6.425000000000000155e-02	nan	2.586910359411831450e-03	1.699716214700047875e-03	3.062442179079156741e-04
nan	6.493750000000000000e+01	6.493750000000000910e-02	nan	2.952610414226342073e-03	1.605408135945177867e-03	2.609767533342448689e-04
nan	5.993750000000000000e+01	5.993749999999999772e-02	nan	3.079765001928080892e-03	1.886359641063652245e-03	2.585808733140662532e-04
nan	6.293750000000000000e+01	6.293750000000000733e-02	nan	3.376059345512771870e-03	1.614625604728371286e-03	2.826352887100127588e-04
nan	6.050000000000000000e+01	6.050000000000000516e-02	nan	3.749578183970925238e-03	1.459168643192991759e-03	2.946865957820784068e-04
nan	5.931250000000000000e+01	5.931249999999999717e-02	nan	3.379741056775742436e-03	1.443091663661880738e-03	2.659899204936972739e-04
nan	5.681250000000000000e+01	5.681249999999999495e-02	nan	3.434369556657657085e-03	1.983829727710574847e-03	2.654091716648190034e-04
nan	5.187500000000000000e+01	5.187499999999999750e-02	nan	3.282436024136359265e-03	1.761569820851144157e-03	2.933995374104783290e-04
nan	5.156250000000000000e+01	5.156249999999999722e-02	nan	4.353194072820087968e-03	1.343357176930310131e-03	2.491800036319924893e-04
nan	4.125000000000000000e+01	4.125000000000000194e-02	nan	3.862191689194105493e-03	1.565723530622552392e-03	2.357077950886096816e-04
nan	3.850000000000000000e+01	3.850000000000000644e-02	nan	5.073614357129940799e-03	1.375701846364457259e-03	2.604940032455869622e-04
nan	3.593750000000000000e+01	3.593749999999999722e-02	nan	4.983385312826271729e-03	1.481184746371303710e-03	2.518121309202649388e-04
nan	3.206250000000000000e+01	3.206250000000000072e-02	nan	4.929450432385351633e-03	1.602220039691084090e-03	2.542664929378849088e-04
nan	2.825000000000000000e+01	2.825000000000000080e-02	nan	4.820939865567197558e-03	1.541569834714395489e-03	2.030697669831493584e-04
nan	2.162500000000000000e+01	2.162499999999999839e-02	nan	6.321464718077694257e-03	2.044907268170477466e-03	2.202291634637917189e-04
nan	2.118750000000000000e+01	2.118749999999999800e-02	nan	6.633277600943678423e-03	2.068939742618825049e-03	2.234677451099425030e-04
nan	1.787500000000000000e+01	1.787499999999999853e-02	nan	6.750498499794100812e-03	1.862846273194675465e-03	2.277099439254101773e-04
nan	1.662500000000000000e+01	1.662500000000000089e-02	nan	6.942895692980709417e-03	1.944528551307031982e-03	2.284924290306610212e-04
nan	1.293750000000000000e+01	1.293749999999999935e-02	nan	6.421093424304482288e-03	1.929157419665905680e-03	2.289696277797931387e-04
nan	5.437500000000000000e+00	5.437499999999999625e-03	nan	2.421749205684388092e-04	3.053929839554383845e-03	1.688028312604952937e-04
nan	8.062500000000000000e+00	8.062500000000000222e-03	nan	3.452374845883050586e-04	3.075761180435350028e-03	1.811423594415418736e-04
nan	4.687500000000000000e+00	4.687500000000000694e-03	nan	4.145060215740826136e-04	2.923752977392841089e-03	1.706128699413930099e-04
nan	8.625000000000000000e+00	8.624999999999998987e-03	nan	6.175828749556502330e-04	2.780766712559246904e-03	1.810216759840406486e-04
nan	1.431250000000000000e+01	1.431249999999999883e-02	nan	7.404501951696813335e-04	2.595396989664570594e-03	1.877615870769437471e-04
nan	1.481250000000000000e+01	1.481250000000000101e-02	nan	9.818644006273817906e-04	2.379584923764485171e-03	1.718598758621103870e-04
nan	2.062500000000000000e+01	2.062500000000000097e-02	nan	1.106157834196191264e-03	2.412452497773945586e-03	1.844534668639330422e-04
nan	2.131250000000000000e+01	2.131250000000000158e-02	nan	1.219232928781966048e-03	2.468900477526901702e-03	1.859163909367228811e-04
nan	2.518750000000000000e+01	2.518749999999999808e-02	nan	1.137880416467976176e-03	2.117147130244071383e-03	1.867677044274816331e-04
nan	3.137500000000000000e+01	3.137500000000000011e-02	nan	1.021621409741158004e-03	2.307077264713398163e-03	1.970866598986311714e-04
nan	3.087500000000000000e+01	3.087499999999999967e-02	nan	1.184348952172342706e-03	1.065043949346509500e-03	2.117516057206704657e-04
nan	3.575000000000000000e+01	3.575000000000000400e-02	nan	1.109179312571484388e-03	2.080168451441171632e-03	1.964217292120907035e-04
nan	3.468750000000000000e+01	3.468750000000000305e-02	nan	1.594890452842889772e-03	1.698248384054273268e-03	1.879183403110801774e-04
nan	3.787500000000000000e+01	3.787499999999999895e-02	nan	1.999896827960867540e-03	1.732321123676832872e-03	2.096390801548160695e-04
nan	4.206250000000000000e+01	4.206249999999999573e-02	nan	1.713805475688445767e-03	1.847934904330080300e-03	2.165719296833908017e-04
nan	4.393750000000000000e+01	4.393750000000000433e-02	nan	2.194622527916578747e-03	1.742731411909907626e-03	1.974814474073646850e-04
nan	4.650000000000000000e+01	4.650000000000000661e-02	nan	2.188406760225802827e-03	1.619833948950200313e-03	2.208266649997320686e-04
nan	4.981250000000000000e+01	4.981249999999999567e-02	nan	1.634381385542837961e-03	2.081654551218064739e-03	2.314591426448408932e-04
nan	5.156250000000000000e+01	5.156249999999999722e-02	nan	2.553603923317382396e-03	1.319836777096986165e-03	2.295647436150954164e-04
nan	4.781250000000000000e+01	4.781250000000000777e-02	nan	1.723132498014479097e-03	1.949561332869031646e-03	2.177510469251641898e-04
nan	5.450000000000000000e+01	5.450000000000000677e-02	nan	2.651824659707813225e-03	1.648798238397907682e-03	2.289015222827546926e-04
nan	5.281250000000000000e+01	5.281249999999999833e-02	nan	3.123028995958065934e-03	1.568462733643351649e-03	2.315935756876876146e-04
nan	5.181250000000000000e+01	5.181249999999999745e-02	nan	2.447773668549757531e-03	1.678891665930518258e-03	2.370476800986418681e-04
nan	4.912500000000000000e+01	4.912500000000000200e-02	nan	3.665095213520430661e-03	1.664689041309366097e-03	2.031036293109521958e-04
nan	4.906250000000000000e+01	4.906250000000000888e-02	nan	3.380176790940936371e-03	1.702083172856605616e-03	1.983405440697814438e-04
nan	4.843750000000000000e+01	4.843749999999999445e-02	nan	2.795151458741429451e-03	1.647673708279041209e-03	2.262618763068207620e-04
nan	4.325000000000000000e+01	4.325000000000000372e-02	nan	3.704132571968443699e-03	1.402118344282903776e-03	1.983969860280308611e-04
nan	4.081250000000000000e+01	4.081250000000000849e-02	nan	3.013804150441501406e-03	1.693600236968437461e-03	2.063796420686766792e-04
nan	3.862500000000000000e+01	3.862499999999999961e-02	nan	2.961516488085180754e-03	1.863979619442177440e-03	1.565549331744828829e-04
nan	3.375000000000000000e+01	3.375000000000000222e-02	nan	4.358484200125190000e-03	1.584558449990357710e-03	2.329657664290507211e-04
nan	3.000000000000000000e+01	2.999999999999999889e-02	nan	3.576795494211637561e-03	1.027788353308894910e-03	1.997386031433869371e-04
nan	2.856250000000000000e+01	2.856249999999999761e-02	nan	4.571036874551737128e-03	1.683467397162376894e-03	2.171603924896421743e-04
nan	2.387500000000000000e+01	2.387500000000000386e-02	nan	5.032354710740266288e-03	1.675497927320968245e-03	1.801839314943344582e-04
nan	2.137500000000000000e+01	2.137500000000000164e-02	nan	5.714789311662232980e-03	1.985075879820705214e-03	1.783520167820586556e-04
nan	2.006250000000000000e+01	2.006250000000000047e-02	nan	5.813140759658706226e-03	2.038857003554828129e-03	1.818040035540484497e-04
nan	1.700000000000000000e+01	1.700000000000000122e-02	nan	5.437454899458965193e-03	1.919180491415142667e-03	1.711708067496277709e-04
nan	1.550000000000000000e+01	1.549999999999999989e-02	nan	5.816294572475531020e-03	1.999284264998504521e-03	1.743338706679903002e-04
nan	1.212500000000000000e+01	1.212500000000000036e-02	nan	6.299078837005126288e-03	1.981798884458013665e-03	1.778200696788373003e-04
nan	9.500000000000000000e+00	9.499999999999999764e-03	nan	6.406454450215858312e-03	1.953015032932214684e-03	1.742828379007790840e-04
nan	2.000000000000000000e+00	2.000000000000000042e-03	nan	2.717039049118503513e-04	2.806801718692533264e-03	1.128837814643784607e-04
nan	5.937500000000000000e+00	5.937500000000000069e-03	nan	3.779955156260008829e-04	2.666771512445102917e-03	1.243167176787325439e-04
nan	3.812500000000000000e+00	3.812500000000000350e-03	nan	4.849081466638563930e-04	2.821035696794768535e-03	1.129784262265026343e-04
nan	5.187500000000000000e+00	5.187499999999999403e-03	nan	6.011678061635074765e-04	2.563843070987873677e-03	1.300766940499128034e-04
nan	6.125000000000000000e+00	6.125000000000000236e-03	nan	7.551989530212151148e-04	2.771054050785538327e-03	1.359061872087193750e-04
nan	9.500000000000000000e+00	9.499999999999999764e-03	nan	1.042788465247763063e-03	2.528553168336889357e-03	1.370044247618671502e-04
nan	1.275000000000000000e+01	1.275000000000000092e-02	nan	1.054693445806462052e-03	2.551843811321353669e-03	1.346603581744122637e-04
nan	1.600000000000000000e+01	1.600000000000000033e-02	nan	1.273883169780858169e-03	2.378580311207111227e-03	1.386309735495512433e-04
nan	1.800000000000000000e+01	1.800000000000000211e-02	nan	1.372911145534748845e-03	2.347109019143010095e-03	1.316651684919487671e-04
nan	1.768750000000000000e+01	1.768750000000000183e-02	nan	1.332308611801668718e-03	2.291776369300009553e-03	1.329655002888044683e-04
nan	2.481250000000000000e+01	2.481250000000000122e-02	nan	1.387901007724324631e-03	1.974706506008316962e-03	1.486763354106816889e-04
nan	2.612500000000000000e+01	2.612500000000000239e-02	nan	1.379940792007951916e-03	2.010625525689553345e-03	1.252018650613468786e-04
nan	2.700000000000000000e+01	2.699999999999999969e-02	nan	1.458265029365736227e-03	1.984986539297356120e-03	1.520068087201220598e-04
nan	2.756250000000000000e+01	2.756249999999999672e-02	nan	1.766110767739803578e-03	2.132660943605700719e-03	1.627934813055115031e-04
nan	2.787500000000000000e+01	2.787499999999999700e-02	nan	1.932131863864103641e-03	1.985067900211169144e-03	1.552332943603100350e-04
nan	3.237500000000000000e+01	3.237500000000000100e-02	nan	1.857123232994695172e-03	1.873256014971676035e-03	1.409516351426807178e-04
nan	3.550000000000000000e+01	3.550000000000000377e-02	nan	1.867888099020831305e-03	1.886556393226442680e-03	1.521226941013728183e-04
nan	3.618750000000000000e+01	3.618750000000000439e-02	nan	2.646138929726760125e-03	2.040986798652931825e-03	1.536084714540907840e-04
nan	3.706250000000000000e+01	3.706249999999999822e-02	nan	2.270511966791843861e-03	1.597588673580758491e-03	1.376316109527020144e-04
nan	3.825000000000000000e+01	3.824999999999999928e-02	nan	2.117722415349021503e-03	1.725564859075002719e-03	1.698196372966209473e-04
nan	3.887500000000000000e+01	3.887499999999999983e-02	nan	2.269224030555960780e-03	2.026329328573182008e-03	1.769740691750380020e-04
nan	3.743750000000000000e+01	3.743750000000000550e-02	nan	2.651661687849582449e-03	1.980158269117108898e-03	1.420486360973095157e-04
nan	3.931250000000000000e+01	3.931250000000000022e-02	nan	2.674791282544219939e-03	1.869962926008487524e-03	1.555334694320445227e-04
nan	3.568750000000000000e+01	3.568749999999999700e-02	nan	2.692194694219551820e-03	1.663649359076297242e-03	1.648372015587441222e-04
nan	3.418750000000000000e+01	3.418749999999999567e-02	nan	3.569975691135596207e-03	1.919892325711851670e-03	1.414806835678322013e-04
nan	3.343750000000000000e+01	3.343750000000000194e-02	nan	3.699829456067504907e-03	1.825689063764965011e-03	1.561885055212565313e-04
nan	3.168750000000000000e+01	3.168750000000000039e-02	nan	2.577557343101943843e-03	1.454718117210968172e-03	1.821971610797035483e-04
nan	3.175000000000000000e+01	3.175000000000000044e-02	nan	3.639672645462610490e-03	1.478465162747034153e-03	1.504840461380346273e-04
nan	2.818750000000000000e+01	2.818749999999999728e-02	nan	4.042429456443241871e-03	1.420402194559199343e-03	1.619350938240498347e-04
nan	2.537500000000000000e+01	2.537500000000000172e-02	nan	3.942786106102687607e-03	1.521664840391330790e-03	1.587686671062387344e-04
nan	2.418750000000000000e+01	2.418750000000000067e-02	nan	4.169613090851859855e-03	1.807121073372071080e-03	1.550783323250715768e-04
nan	2.125000000000000000e+01	2.124999999999999806e-02	nan	4.843574450340404521e-03	2.044720901105418886e-03	1.361141918708047582e-04
nan	1.881250000000000000e+01	1.881249999999999936e-02	nan	4.915207128056663793e-03	1.955832667228337481e-03	1.293487690138872331e-04
nan	1.706250000000000000e+01	1.706250000000000128e-02	nan	5.577317261481009626e-03	2.041804044357913538e-03	1.268311625320805872e-04
nan	1.231250000000000000e+01	1.231250000000000053e-02	nan	5.353336990251933609e-03	2.048902262318335471e-03	1.326403531982004000e-04
nan	1.325000000000000000e+01	1.324999999999999963e-02	nan	5.678358705705097327e-03	1.973710834222853604e-03	1.370555997727190606e-04
nan	1.125000000000000000e+01	1.125000000000000132e-02	nan	5.203446552918643622e-03	1.947173661548617929e-03	1.307888496939293478e-04
nan	9.687500000000000000e+00	9.687499999999999931e-03	nan	5.524686105541205122e-03	1.789798893228910755e-03	1.361009912143119384e-04
nan	7.187500000000000000e+00	7.187500000000001180e-03	nan	5.553990069016072340e-03	1.821420681303209405e-03	1.312233868290530565e-04
nan	nan	nan	nan	nan	nan	nan
nan	nan	nan	nan	nan	nan	nan
nan	nan	nan	nan	nan	nan	nan
nan	nan	nan	nan	nan	nan	nan
nan	7.500000000000000000e-01	7.500000000000000156e-04	nan	2.889831331251514540e-04	2.019274500310525369e-03	3.570417980603264813e-05
nan	1.812500000000000000e+00	1.812500000000000092e-03	nan	8.370504084234640929e-04	2.341189956099827378e-03	2.153524442145445030e-05
nan	2.375000000000000000e+00	2.375000000000000375e-03	nan	1.054333958634921407e-03	2.489358556058068189e-03	4.268760687194309944e-05
nan	3.125000000000000000e+00	3.125000000000000173e-03	nan	1.167172971670936378e-03	2.241176134369517355e-03	4.332450464115216967e-05
nan	2.812500000000000000e+00	2.812500000000000330e-03	nan	1.382646927474041757e-03	2.383326115424249433e-03	4.556369845529186435e-05
nan	3.562500000000000000e+00	3.562500000000000128e-03	nan	1.316966588824260110e-03	2.473328375102168408e-03	4.329312357589634237e-05
nan	4.375000000000000000e+00	4.375000000000000416e-03	nan	1.575507516280775806e-03	2.566564877984254655e-03	4.115811523630785631e-05
nan	4.437500000000000000e+00	4.437500000000000472e-03	nan	1.723143557047809469e-03	2.495307690925543768e-03	4.225622541081330244e-05
nan	4.687500000000000000e+00	4.687500000000000694e-03	nan	1.864661982379332492e-03	2.221081454256854971e-03	4.120976292825159835e-05
nan	6.812500000000000000e+00	6.812499999999999979e-03	nan	1.720351181661923523e-03	2.431508991587540136e-03	4.438935641322651262e-05
nan	6.625000000000000000e+00	6.625000000000000680e-03	nan	1.956829086845455947e-03	2.474262742952489103e-03	4.365122027340756592e-05
nan	6.687500000000000000e+00	6.687499999999999868e-03	nan	2.132431205420861915e-03	2.081662239853815377e-03	4.067237982265622975e-05
nan	7.562500000000000000e+00	7.562499999999999778e-03	nan	2.648448062359235258e-03	2.004003599794038082e-03	4.612652413470777490e-05
nan	8.187500000000000000e+00	8.187500000000000333e-03	nan	2.345080007638049302e-03	2.211463978858453812e-03	4.520932503275884611e-05
nan	8.625000000000000000e+00	8.625000000000000722e-03	nan	2.399891810584587216e-03	2.122312244521281158e-03	4.308806090398427363e-05
nan	8.812500000000000000e+00	8.812500000000000888e-03	nan	2.953064040441614503e-03	2.081885054932652943e-03	4.622135957222913897e-05
nan	1.025000000000000000e+01	1.024999999999999870e-02	nan	3.070489319435246514e-03	1.924923553076593030e-03	4.560247935535755357e-05
nan	8.875000000000000000e+00	8.875000000000000944e-03	nan	2.959450215365402349e-03	1.973396727448105750e-03	4.163907144514394188e-05
nan	8.375000000000000000e+00	8.375000000000000500e-03	nan	3.322374226965376081e-03	2.096551703826792738e-03	4.383847598096435566e-05
nan	9.812500000000000000e+00	9.812500000000000042e-03	nan	3.142790204111040476e-03	2.212999237159292854e-03	4.248380879368010029e-05
nan	9.312500000000000000e+00	9.312499999999999598e-03	nan	3.043020866089072868e-03	2.085213304904360698e-03	4.499227170833939318e-05
nan	9.500000000000000000e+00	9.500000000000001499e-03	nan	3.532792650311276060e-03	1.939906344897120334e-03	4.300699340198304373e-05
nan	8.687500000000000000e+00	8.687500000000000777e-03	nan	3.625778579940924784e-03	1.924221792335374876e-03	4.642379709674273583e-05
nan	7.875000000000000000e+00	7.875000000000000056e-03	nan	3.066714412946763488e-03	1.829816783588111666e-03	4.460450492601151276e-05
nan	7.562500000000000000e+00	7.562499999999999778e-03	nan	3.512416831598348319e-03	2.108908767952096929e-03	4.677684222653677708e-05
nan	6.500000000000000000e+00	6.499999999999999702e-03	nan	4.561820930081285710e-03	1.787936494210721561e-03	4.626815032792528374e-05
nan	6.750000000000000000e+00	6.749999999999999056e-03	nan	4.076521180076149789e-03	1.821152353302804040e-03	4.180025664664838413e-05
nan	6.625000000000000000e+00	6.625000000000000680e-03	nan	3.958882562508684103e-03	2.015475128804365690e-03	4.426050279404392774e-05
nan	5.375000000000000000e+00	5.375000000000000437e-03	nan	5.029122479964762832e-03	1.701120235299451340e-03	4.636905214565555349e-05
nan	4.750000000000000000e+00	4.749999999999999882e-03	nan	4.095389411225578390e-03	2.055173146117456225e-03	4.347794699776619232e-05
nan	3.062500000000000000e+00	3.062500000000000118e-03	nan	5.132475450378235632e-03	1.752854834801414064e-03	4.616199604549277611e-05
nan	3.687500000000000000e+00	3.687499999999999806e-03	nan	4.751552223946908793e-03	1.681881398910873172e-03	4.164087151149553992e-05
nan	4.000000000000000000e+00	4.000000000000000083e-03	nan	4.431950228760379168e-03	2.196241315428018159e-03	3.749067520190752314e-05
nan	2.437500000000000000e+00	2.437499999999999997e-03	nan	5.535150341259648110e-03	1.954928124684349525e-03	4.561471957508905626e-05
nan	2.500000000000000000e+00	2.500000000000000052e-03	nan	3.279500306806774294e-03	1.873568334523408692e-03	4.061284545037593746e-05
