# SourcePhotonFlux	NumberRaysSurvived	PercentageRaysSurvived	PhotonFlux	Bandwidth	HorizontalFocusFWHM	VerticalFocusFWHM
nan	0.000000000000000000e+00	0.000000000000000000e+00	0.000000000000000000e+00	0.000000000000000000e+00	0.000000000000000000e+00	0.000000000000000000e+00
nan	2.337500000000000000e+01	2.337499999999999994e-02	nan	8.572492660668498991e-04	1.002519069747749569e-02	5.248074232480547325e-04
nan	2.787500000000000000e+01	2.787500000000000047e-02	nan	1.099834599806115421e-03	7.144091701583368641e-03	6.284880945246797135e-04
nan	5.556250000000000000e+01	5.556250000000000078e-02	nan	1.161369633337017149e-03	7.017311022074776070e-03	6.649632414264357782e-04
nan	6.543750000000000000e+01	6.543750000000000955e-02	nan	1.219286571785715978e-03	6.123746455103376216e-03	6.797087695631222164e-04
nan	7.500000000000000000e+01	7.499999999999999722e-02	nan	2.219060749787615805e-03	7.564601277165103159e-03	6.658659351244163461e-04
nan	9.106250000000000000e+01	9.106250000000000455e-02	nan	2.626511580935186885e-03	5.333854055197568590e-03	6.507140811194134233e-04
nan	1.092500000000000000e+02	1.092499999999999999e-01	nan	2.306794949337387379e-03	6.126765166182918283e-03	6.895987682537036345e-04
nan	1.203750000000000000e+02	1.203749999999999959e-01	nan	2.791206955418346070e-03	5.833597110657955283e-03	7.011445722425932708e-04
nan	1.236875000000000000e+02	1.236875000000000058e-01	nan	3.401260975707032230e-03	4.810405833639473661e-03	7.027168874480784963e-04
nan	1.416875000000000000e+02	1.416875000000000218e-01	nan	3.107751403710778959e-03	5.125632932190021113e-03	6.927014551757883307e-04
nan	1.617500000000000000e+02	1.617500000000000049e-01	nan	4.382933871475813703e-03	5.282886309040717154e-03	6.400645835214232139e-04
nan	1.636875000000000000e+02	1.636874999999999858e-01	nan	4.023380812256505124e-03	5.137508626175461141e-03	6.986528870109821529e-04
nan	1.811875000000000000e+02	1.811875000000000013e-01	nan	4.392011022865460745e-03	5.423218838657078295e-03	6.893296016439744676e-04
nan	1.886875000000000000e+02	1.886875000000000080e-01	nan	5.056896523313980651e-03	4.953596040987199960e-03	6.983506350274373527e-04
nan	2.056875000000000000e+02	2.056874999999999953e-01	nan	5.773750370416053102e-03	5.012371513888089040e-03	6.753844116244288884e-04
nan	2.136875000000000000e+02	2.136875000000000024e-01	nan	5.712485003321887689e-03	4.698322612324716541e-03	6.809757256477197603e-04
nan	2.263750000000000000e+02	2.263749999999999929e-01	nan	5.857023492069401982e-03	4.598007825873417706e-03	7.085064950888093818e-04
nan	2.396875000000000000e+02	2.396874999999999978e-01	nan	6.206813830686996880e-03	4.897841675906199066e-03	7.063693475582795596e-04
nan	2.500625000000000000e+02	2.500625000000000209e-01	nan	6.997569383273116728e-03	5.003871413376024396e-03	7.287350826825269440e-04
nan	2.631875000000000000e+02	2.631875000000000187e-01	nan	7.779011305515837194e-03	4.652637494846761923e-03	7.000010396572178394e-04
nan	2.645625000000000000e+02	2.645625000000000338e-01	nan	7.952678961146375514e-03	4.215765417936399688e-03	6.995567907366304116e-04
nan	2.705625000000000000e+02	2.705625000000000391e-01	nan	8.377353005414533982e-03	4.437428389341602566e-03	7.133184231737166661e-04
nan	2.889375000000000000e+02	2.889375000000000138e-01	nan	8.304706321894173016e-03	4.248566314868509365e-03	6.696804628519472790e-04
nan	2.973750000000000000e+02	2.973749999999999449e-01	nan	9.871097324875677259e-03	4.480406512294376337e-03	7.120256227795624315e-04
nan	3.008125000000000000e+02	3.008124999999999827e-01	nan	9.384892539799238875e-03	4.443249545275517257e-03	7.187856845393111914e-04
nan	3.040625000000000000e+02	3.040625000000000133e-01	nan	1.022221378346443998e-02	4.165632856614883903e-03	7.122069609459479814e-04
nan	3.071250000000000000e+02	3.071249999999999813e-01	nan	1.099037738467245617e-02	4.745116555048688178e-03	7.205834601734671576e-04
nan	3.134375000000000000e+02	3.134374999999999800e-01	nan	1.172350876785799301e-02	4.036579163641557978e-03	7.276418846743546148e-04
nan	3.229375000000000000e+02	3.229374999999999885e-01	nan	1.086852085140321833e-02	4.206743565568085187e-03	7.231804086115819867e-04
nan	3.339375000000000000e+02	3.339374999999999982e-01	nan	1.205532904137385231e-02	3.971593344377033659e-03	7.206551907331093781e-04
nan	3.190625000000000000e+02	3.190625000000000266e-01	nan	1.254755333513912774e-02	3.967887962370218041e-03	7.066332174903782685e-04
nan	3.216875000000000000e+02	3.216875000000000151e-01	nan	1.411695171272242533e-02	3.910535130785674530e-03	7.178281483071833734e-04
nan	3.210625000000000000e+02	3.210624999999999729e-01	nan	1.273153558578599132e-02	3.665863638066678160e-03	7.222762969282099871e-04
nan	3.231250000000000000e+02	3.231249999999999956e-01	nan	1.325600396553738847e-02	3.538045142745574120e-03	7.239205974151622291e-04
nan	3.100625000000000000e+02	3.100625000000000187e-01	nan	1.452498669478075044e-02	3.745410422727535067e-03	7.045563484542663717e-04
nan	2.981250000000000000e+02	2.981249999999999734e-01	nan	1.531225144204029220e-02	4.050665025507144308e-03	7.049305929672569897e-04
nan	2.732500000000000000e+02	2.732499999999999929e-01	nan	1.433344426463634136e-02	3.666370937675188322e-03	7.139179008710150494e-04
nan	2.308750000000000000e+02	2.308749999999999969e-01	nan	1.542232098337592561e-02	3.702453236771107575e-03	6.947073208504304541e-04
nan	0.000000000000000000e+00	0.000000000000000000e+00	0.000000000000000000e+00	0.000000000000000000e+00	0.000000000000000000e+00	0.000000000000000000e+00
nan	0.000000000000000000e+00	0.000000000000000000e+00	0.000000000000000000e+00	0.000000000000000000e+00	0.000000000000000000e+00	0.000000000000000000e+00
nan	0.000000000000000000e+00	0.000000000000000000e+00	0.000000000000000000e+00	0.000000000000000000e+00	0.000000000000000000e+00	0.000000000000000000e+00
nan	nan	nan	nan	nan	nan	nan
nan	6.937500000000000000e+00	6.937499999999999223e-03	nan	1.402639338835763496e-03	8.399286622849756745e-03	4.982428111202587186e-04
nan	2.375000000000000000e+01	2.375000000000000028e-02	nan	1.673393725595104849e-03	6.859319919215510139e-03	5.586696051436117888e-04
nan	3.612500000000000000e+01	3.612499999999999739e-02	nan	1.547611516947711152e-03	5.306077627004822383e-03	6.739784897350248761e-04
nan	4.581250000000000000e+01	4.581250000000000600e-02	nan	1.588062490693431528e-03	5.486185453402284661e-03	6.014958532667999489e-04
nan	5.712500000000000000e+01	5.712499999999999523e-02	nan	1.804997309992728560e-03	4.894183012381445562e-03	6.284865635956577053e-04
nan	5.768750000000000000e+01	5.768749999999999573e-02	nan	1.917251075575165942e-03	4.668383008956450940e-03	6.803039681951703532e-04
nan	6.350000000000000000e+01	6.350000000000000089e-02	nan	2.808505409753081494e-03	4.816840797876837700e-03	6.356663120111321090e-04
nan	7.293750000000000000e+01	7.293749999999998845e-02	nan	2.631260665758361483e-03	5.027599700731054562e-03	6.971387760950210725e-04
nan	7.712500000000000000e+01	7.712499999999999911e-02	nan	3.426495703564569340e-03	4.364654155313276926e-03	6.779052297022542016e-04
nan	7.825000000000000000e+01	7.824999999999998623e-02	nan	3.231371984739439540e-03	4.632258442533825765e-03	6.910818483206016645e-04
nan	8.268750000000000000e+01	8.268749999999999711e-02	nan	3.450651407277405269e-03	4.891816696536713076e-03	6.802060244288284660e-04
nan	8.806250000000000000e+01	8.806249999999998801e-02	nan	3.041664487305695275e-03	4.044013274813029052e-03	6.717500528441133463e-04
nan	8.993750000000000000e+01	8.993750000000000355e-02	nan	4.346185771460397973e-03	4.977382524999796921e-03	6.966800158000850673e-04
nan	9.937500000000000000e+01	9.937499999999999112e-02	nan	3.904270806010856631e-03	4.321963788142427904e-03	6.945717793689477979e-04
nan	1.010625000000000000e+02	1.010624999999999996e-01	nan	5.234367025209962776e-03	4.513972431332794778e-03	6.857236611911956062e-04
nan	1.029375000000000000e+02	1.029375000000000012e-01	nan	4.977465859496987832e-03	4.249772777172813702e-03	6.126800858335685468e-04
nan	1.047500000000000000e+02	1.047499999999999959e-01	nan	5.033254637822892619e-03	4.923390945409462233e-03	6.981753006665726829e-04
nan	1.011250000000000000e+02	1.011249999999999927e-01	nan	5.509401614460784913e-03	4.236600846195108863e-03	6.702624879981484290e-04
nan	1.054375000000000000e+02	1.054375000000000034e-01	nan	6.153084974968692222e-03	3.769490071234553753e-03	6.970427153900286138e-04
nan	9.900000000000000000e+01	9.900000000000000466e-02	nan	5.724648350565075816e-03	4.032360101626213111e-03	6.762967416224247713e-04
nan	9.818750000000000000e+01	9.818750000000001088e-02	nan	5.558508468766376609e-03	4.320717261174786619e-03	6.784577328804014800e-04
nan	8.837500000000000000e+01	8.837499999999999523e-02	nan	6.983420595744860293e-03	4.187913675766675829e-03	6.831771177901355910e-04
nan	8.993750000000000000e+01	8.993750000000000355e-02	nan	6.200612927727888746e-03	4.763680451142753534e-03	6.475143684004621217e-04
nan	8.625000000000000000e+01	8.624999999999999334e-02	nan	7.262929134398632414e-03	4.708278661078642117e-03	6.476662249012204520e-04
nan	7.462500000000000000e+01	7.462499999999999689e-02	nan	6.504815215961912145e-03	4.436628640455133991e-03	6.187275677566068249e-04
nan	7.112500000000000000e+01	7.112499999999999378e-02	nan	8.326740789172504265e-03	2.775219742942486821e-03	6.075303417880760374e-04
nan	6.043750000000000000e+01	6.043749999999999817e-02	nan	6.991113423509887070e-03	3.069474219263633279e-03	5.912312556447509243e-04
nan	5.668750000000000000e+01	5.668750000000000178e-02	nan	6.410578555204438089e-03	4.246272620412648059e-03	6.538405433532346262e-04
nan	5.100000000000000000e+01	5.100000000000000366e-02	nan	9.829187543971329433e-03	3.259743944742085186e-03	5.521650363914952552e-04
nan	4.337500000000000000e+01	4.337500000000000383e-02	nan	8.534423964277948471e-03	3.788212591816593998e-03	6.138936461659524630e-04
nan	3.650000000000000000e+01	3.649999999999999772e-02	nan	1.092776886791568813e-02	4.304407660749155588e-03	6.500340299219977856e-04
nan	3.368750000000000000e+01	3.368750000000000216e-02	nan	9.236446005118637004e-03	3.519932363440629076e-03	6.059297442036661995e-04
nan	2.725000000000000000e+01	2.725000000000000339e-02	nan	1.220744631812234297e-02	3.008457112969199071e-03	4.435231127901637939e-04
nan	2.493750000000000000e+01	2.493750000000000133e-02	nan	1.120432889108662761e-02	3.673464044130213789e-03	4.938524371801232939e-04
nan	1.962500000000000000e+01	1.962500000000000008e-02	nan	1.312278086196407359e-02	4.402147746221489466e-03	5.409477056803407239e-04
nan	0.000000000000000000e+00	0.000000000000000000e+00	0.000000000000000000e+00	0.000000000000000000e+00	0.000000000000000000e+00	0.000000000000000000e+00
nan	1.662500000000000000e+01	1.662500000000000089e-02	nan	9.902755493884501936e-04	1.143327262654834052e-02	4.143242749285481205e-04
nan	2.225000000000000000e+01	2.224999999999999895e-02	nan	1.361402672226625981e-03	7.636733886731437125e-03	4.457219875175639752e-04
nan	4.512500000000000000e+01	4.512499999999999845e-02	nan	1.482201635262470063e-03	7.419057544221315317e-03	4.596217501525394879e-04
nan	5.081250000000000000e+01	5.081249999999999656e-02	nan	1.328159083506363913e-03	7.918046475330692974e-03	5.191755706397487534e-04
nan	6.387500000000000000e+01	6.387500000000000122e-02	nan	2.174051259192566476e-03	6.251657546212232436e-03	5.700741284721489929e-04
nan	8.068750000000000000e+01	8.068749999999999534e-02	nan	2.130582447254170120e-03	6.072905842945263907e-03	5.629555380276885564e-04
nan	8.537500000000000000e+01	8.537500000000000644e-02	nan	2.589345299213619001e-03	5.899652271602194749e-03	4.859580741318177480e-04
nan	9.793750000000000000e+01	9.793749999999999678e-02	nan	3.158359100826402255e-03	5.459739898755771974e-03	5.766517059291598191e-04
nan	1.028125000000000000e+02	1.028125000000000011e-01	nan	3.505082279602333983e-03	5.171498350229248447e-03	5.831130765425303559e-04
nan	1.151250000000000000e+02	1.151250000000000051e-01	nan	3.680748987264337302e-03	5.465028054607485447e-03	5.760577151827764352e-04
nan	1.252500000000000000e+02	1.252500000000000002e-01	nan	3.634167471318505704e-03	4.537891767146327859e-03	5.477210119847924271e-04
nan	1.355000000000000000e+02	1.355000000000000093e-01	nan	3.725827914813351072e-03	4.904532210871649645e-03	5.529732209256275162e-04
nan	1.414375000000000000e+02	1.414374999999999938e-01	nan	4.897237791048780764e-03	5.453469583304264984e-03	5.785681936617140600e-04
nan	1.550000000000000000e+02	1.549999999999999711e-01	nan	4.780168444362686841e-03	4.768469003565886308e-03	5.690708974304663909e-04
nan	1.698750000000000000e+02	1.698749999999999982e-01	nan	4.952227183082413831e-03	5.122236091870716393e-03	5.710215906277525504e-04
nan	1.776875000000000000e+02	1.776874999999999982e-01	nan	5.171989342215965735e-03	4.787336817970229419e-03	5.831666135618439979e-04
nan	1.866250000000000000e+02	1.866249999999999853e-01	nan	5.516565937817574650e-03	4.779475478846135529e-03	5.965572221015315573e-04
nan	1.940625000000000000e+02	1.940624999999999989e-01	nan	5.790686914373566196e-03	4.288676109198598027e-03	5.925912999005831594e-04
nan	2.080000000000000000e+02	2.080000000000000182e-01	nan	6.525706216748972111e-03	4.177164893070513946e-03	5.869720994594666537e-04
nan	2.137500000000000000e+02	2.137499999999999956e-01	nan	7.544528038820885740e-03	4.282296880941888553e-03	5.843791434819886567e-04
nan	2.245000000000000000e+02	2.245000000000000051e-01	nan	6.960766870506063242e-03	4.576904429150174293e-03	5.777496826527498807e-04
nan	2.320000000000000000e+02	2.319999999999999840e-01	nan	8.361431910898886599e-03	4.096833937019509972e-03	6.055916806700194222e-04
nan	2.341250000000000000e+02	2.341249999999999720e-01	nan	8.793877292816887348e-03	4.395831644306771348e-03	5.922964709732436630e-04
nan	2.458125000000000000e+02	2.458124999999999893e-01	nan	8.827270995752201088e-03	4.581966461124419715e-03	5.967108051641384575e-04
nan	2.427500000000000000e+02	2.427499999999999936e-01	nan	9.924823513671299224e-03	3.861216643930434796e-03	5.936138087545008660e-04
nan	2.559375000000000000e+02	2.559375000000000400e-01	nan	9.102269294089637697e-03	3.786787786237440830e-03	5.813527467559626623e-04
nan	2.593750000000000000e+02	2.593750000000000222e-01	nan	9.630864221861656915e-03	4.442443088349943593e-03	5.923620748002678994e-04
nan	2.633125000000000000e+02	2.633125000000000049e-01	nan	9.584429965286744846e-03	4.339613134143376939e-03	5.866610833776236388e-04
nan	2.610625000000000000e+02	2.610624999999999751e-01	nan	1.148195638897675508e-02	4.591475981445712271e-03	5.777753031679583925e-04
nan	2.639375000000000000e+02	2.639375000000000471e-01	nan	1.059475252934305445e-02	3.704976054960772494e-03	5.791338340790390306e-04
nan	2.628750000000000000e+02	2.628749999999999698e-01	nan	1.189216545211024822e-02	3.784857598192356305e-03	5.918886033365934086e-04
nan	2.636875000000000000e+02	2.636875000000000191e-01	nan	1.148551505791317595e-02	3.958619640932704506e-03	5.814457183343870773e-04
nan	2.662500000000000000e+02	2.662499999999999867e-01	nan	1.223199552642029175e-02	4.034786840209394522e-03	5.991955728496400771e-04
nan	2.527500000000000000e+02	2.527499999999999747e-01	nan	1.220551793670665575e-02	3.718165226316180912e-03	6.000466126925126315e-04
nan	2.518750000000000000e+02	2.518750000000000155e-01	nan	1.328048753958910311e-02	3.930660387940660382e-03	5.938744762382624619e-04
nan	2.364375000000000000e+02	2.364375000000000226e-01	nan	1.280060852593578602e-02	3.398539175930577298e-03	5.809973415417744435e-04
nan	2.276250000000000000e+02	2.276249999999999662e-01	nan	1.372453245807037092e-02	3.429245300569240106e-03	5.908366452288377722e-04
nan	1.938125000000000000e+02	1.938125000000000264e-01	nan	1.464373833979948358e-02	4.314707462866344302e-03	5.836217281017730884e-04
nan	0.000000000000000000e+00	0.000000000000000000e+00	0.000000000000000000e+00	0.000000000000000000e+00	0.000000000000000000e+00	0.000000000000000000e+00
nan	0.000000000000000000e+00	0.000000000000000000e+00	0.000000000000000000e+00	0.000000000000000000e+00	0.000000000000000000e+00	0.000000000000000000e+00
nan	0.000000000000000000e+00	0.000000000000000000e+00	0.000000000000000000e+00	0.000000000000000000e+00	0.000000000000000000e+00	0.000000000000000000e+00
nan	nan	nan	nan	nan	nan	nan
nan	5.687500000000000000e+00	5.687500000000000715e-03	nan	1.006989506609153734e-03	8.114434691874432976e-03	4.347191381884916517e-04
nan	1.925000000000000000e+01	1.924999999999999975e-02	nan	1.606127272359799156e-03	7.484742069593645908e-03	4.001822526284078965e-04
nan	3.343750000000000000e+01	3.343749999999999500e-02	nan	1.762627042118936060e-03	5.984770366811675152e-03	4.561022760785450126e-04
nan	4.193750000000000000e+01	4.193750000000000255e-02	nan	2.012640547761179732e-03	4.476557000008219919e-03	5.616735612838693725e-04
nan	4.687500000000000000e+01	4.687500000000000000e-02	nan	1.975113046707832609e-03	5.185488643819035660e-03	5.269740756760489097e-04
nan	4.800000000000000000e+01	4.800000000000000100e-02	nan	2.064006781701266391e-03	4.064123243299188303e-03	4.969764379344041201e-04
nan	5.650000000000000000e+01	5.649999999999999467e-02	nan	2.279151436916038165e-03	4.480579459929688244e-03	5.634023429919336398e-04
nan	5.893750000000000000e+01	5.893749999999999684e-02	nan	2.497921226208177359e-03	4.513976588630335719e-03	5.485566444679053225e-04
nan	6.056250000000000000e+01	6.056249999999999828e-02	nan	2.489848902357039151e-03	4.992203157849006180e-03	5.618009361524612093e-04
nan	6.675000000000000000e+01	6.675000000000000377e-02	nan	3.357711226740889288e-03	4.577589086603731962e-03	5.309098212189744233e-04
nan	7.062500000000000000e+01	7.062500000000000722e-02	nan	3.072725418107324913e-03	4.831699080282769211e-03	5.624789774054025351e-04
nan	7.137500000000000000e+01	7.137499999999999400e-02	nan	3.862551814833636854e-03	5.013267918086507929e-03	5.491122595073166064e-04
nan	7.768750000000000000e+01	7.768750000000000655e-02	nan	3.236408137290425202e-03	4.799776307949853507e-03	5.145878996334262920e-04
nan	8.187500000000000000e+01	8.187500000000000333e-02	nan	4.157623382148756264e-03	4.728366853355845528e-03	5.473338140485430915e-04
nan	8.600000000000000000e+01	8.600000000000000699e-02	nan	5.130693697836363754e-03	4.342191195621218462e-03	5.578324370927810992e-04
nan	8.106250000000000000e+01	8.106249999999999567e-02	nan	4.546129126623554839e-03	4.312300867637685470e-03	5.378105509117798479e-04
nan	8.606250000000000000e+01	8.606250000000001399e-02	nan	4.367746152482254729e-03	4.474679125344067226e-03	5.809503650317355238e-04
nan	8.925000000000000000e+01	8.924999999999999600e-02	nan	4.984805183411822327e-03	4.764310883025099988e-03	5.709279279577839008e-04
nan	8.687500000000000000e+01	8.687499999999999389e-02	nan	5.616439320149879677e-03	4.261139367822013024e-03	5.972388906735386560e-04
nan	8.681250000000000000e+01	8.681250000000001465e-02	nan	5.980527229922927290e-03	4.405910410264961621e-03	5.650284877460356970e-04
nan	8.075000000000000000e+01	8.075000000000000233e-02	nan	5.428877800909504003e-03	3.625640156265784453e-03	5.736398402965576246e-04
nan	7.531250000000000000e+01	7.531250000000000444e-02	nan	6.226837145916874761e-03	3.458050424695667795e-03	5.841998010215600440e-04
nan	7.150000000000000000e+01	7.150000000000000799e-02	nan	5.692571861231954244e-03	3.761432607433292351e-03	5.652302146802216324e-04
nan	7.118750000000000000e+01	7.118750000000000078e-02	nan	5.334766171330329598e-03	3.694887411955747290e-03	5.688385340090773047e-04
nan	6.468750000000000000e+01	6.468749999999999500e-02	nan	8.449572650050640732e-03	3.483026189185819098e-03	5.225013681116914962e-04
nan	5.656250000000000000e+01	5.656250000000000167e-02	nan	7.381568055279785767e-03	3.485480385921552095e-03	5.158205042497237408e-04
nan	4.981250000000000000e+01	4.981250000000000955e-02	nan	6.523898678281625507e-03	3.648497538073022014e-03	4.790466242928427976e-04
nan	4.743750000000000000e+01	4.743749999999999356e-02	nan	8.532674805266537987e-03	3.454814296027480802e-03	5.234368297954837979e-04
nan	4.043750000000000000e+01	4.043750000000000122e-02	nan	7.444888140994976311e-03	3.373647667058353884e-03	4.858105227198541488e-04
nan	3.512500000000000000e+01	3.512500000000000344e-02	nan	6.914635402125668406e-03	3.464911043851598774e-03	4.828718282332616018e-04
nan	3.131250000000000000e+01	3.131250000000000006e-02	nan	9.732971217133012942e-03	3.119194234590536713e-03	5.673971863952361350e-04
nan	2.668750000000000000e+01	2.668749999999999595e-02	nan	1.041604981002019342e-02	3.766689350266074106e-03	3.190568413555996811e-04
nan	2.306250000000000000e+01	2.306249999999999967e-02	nan	1.090319641191020428e-02	4.892275695115648818e-03	4.208297575931097250e-04
nan	1.837500000000000000e+01	1.837499999999999897e-02	nan	1.028820105443212923e-02	4.589032024590588080e-03	4.303445989360936853e-04
nan	1.681250000000000000e+01	1.681250000000000105e-02	nan	1.269160605608306118e-02	4.574344887953089682e-03	4.266220848169129153e-04
