# SourcePhotonFlux	NumberRaysSurvived	PercentageRaysSurvived	PhotonFlux	Bandwidth	HorizontalFocusFWHM	VerticalFocusFWHM
nan	2.500000000000000000e+04	2.500000000000000000e+01	nan	2.498117481916573013e-02	2.714042038076110164e-02	2.729838771385994026e-02
nan	2.500000000000000000e+04	2.500000000000000000e+01	nan	3.744528067222496759e-02	2.254471396556036525e-02	2.185332618729108473e-02
nan	2.500000000000000000e+04	2.500000000000000000e+01	nan	4.993537293226779639e-02	2.187211195695331484e-02	1.879750497881739479e-02
nan	2.500000000000000000e+04	2.500000000000000000e+01	nan	6.219121068386890272e-02	1.912360192502220863e-02	1.658936608699083243e-02
nan	2.500000000000000000e+04	2.500000000000000000e+01	nan	7.490117438163323982e-02	1.677860737162186963e-02	1.521936719874688454e-02
nan	2.500000000000000000e+04	2.500000000000000000e+01	nan	8.736754029561666357e-02	1.647798407521315969e-02	1.447135095585145616e-02
nan	2.500000000000000000e+04	2.500000000000000000e+01	nan	9.986470617365128533e-02	1.645485981730736985e-02	1.366658384089169259e-02
nan	2.500000000000000000e+04	2.500000000000000000e+01	nan	1.123828535545747798e-01	1.484623584103975623e-02	1.279078770161853201e-02
nan	2.500000000000000000e+04	2.500000000000000000e+01	nan	1.247977928614609766e-01	1.403966428005100006e-02	1.219298359760448945e-02
nan	2.500000000000000000e+04	2.500000000000000000e+01	nan	1.373323385303351074e-01	1.406889924436780827e-02	1.205380539971511421e-02
nan	2.500000000000000000e+04	2.500000000000000000e+01	nan	1.495128955160680562e-01	1.481594121291118435e-02	1.096700247346915277e-02
nan	2.500000000000000000e+04	2.500000000000000000e+01	nan	1.619694094068719892e-01	1.299956268830413167e-02	1.056498387182391169e-02
nan	2.500000000000000000e+04	2.500000000000000000e+01	nan	1.747186626788632680e-01	1.398155091922364396e-02	1.005722613338847979e-02
nan	2.500000000000000000e+04	2.500000000000000000e+01	nan	1.722929648195561103e-01	1.319624761343065125e-02	9.666912844408744043e-03
nan	2.500000000000000000e+04	2.500000000000000000e+01	nan	1.997419747572450888e-01	1.270778265075604707e-02	9.126472656925071689e-03
nan	2.500000000000000000e+04	2.500000000000000000e+01	nan	2.122418944208632752e-01	1.281817235765483377e-02	9.535023978202538178e-03
nan	2.500000000000000000e+04	2.500000000000000000e+01	nan	2.214960558157983428e-01	1.164344661325067247e-02	8.990289777892294248e-03
nan	2.500000000000000000e+04	2.500000000000000000e+01	nan	2.367478489545860043e-01	1.182901407526206275e-02	8.884553689868318616e-03
nan	2.500000000000000000e+04	2.500000000000000000e+01	nan	2.497177582324781042e-01	1.202977913515726124e-02	8.850533592691887594e-03
nan	2.500000000000000000e+04	2.500000000000000000e+01	nan	2.616432471165097695e-01	1.194227041205089129e-02	8.293125051415446702e-03
nan	2.500000000000000000e+04	2.500000000000000000e+01	nan	2.746220622469621730e-01	1.126923343925958013e-02	8.439809929723089688e-03
nan	2.500000000000000000e+04	2.500000000000000000e+01	nan	2.869250734202068998e-01	1.183617178007451837e-02	8.656151601642323584e-03
nan	2.500000000000000000e+04	2.500000000000000000e+01	nan	2.986157034085579198e-01	1.168026790347065011e-02	7.863107465086487807e-03
nan	2.500000000000000000e+04	2.500000000000000000e+01	nan	3.118380914231551060e-01	1.114103494962465427e-02	8.100048470263531558e-03
nan	2.500000000000000000e+04	2.500000000000000000e+01	nan	3.242266110200660023e-01	1.069232235552572408e-02	7.418375766013416382e-03
nan	2.500000000000000000e+04	2.500000000000000000e+01	nan	3.353588604432502507e-01	1.184058601640773298e-02	8.024795866156456819e-03
nan	2.500000000000000000e+04	2.500000000000000000e+01	nan	3.492923793064619531e-01	1.082834683077357404e-02	7.478304896288604821e-03
nan	2.500000000000000000e+04	2.500000000000000000e+01	nan	3.620282990315359939e-01	1.109165117483113319e-02	7.231913226294614527e-03
nan	2.500000000000000000e+04	2.500000000000000000e+01	nan	3.745860174064574721e-01	1.124070339943558823e-02	7.518003999031094495e-03
nan	2.500000000000000000e+04	2.500000000000000000e+01	nan	3.868352990883749953e-01	1.081874398340268439e-02	7.271407819739197226e-03
nan	2.500000000000000000e+04	2.500000000000000000e+01	nan	3.994542682034420977e-01	1.044033241913265575e-02	7.060079464858894788e-03
nan	2.500000000000000000e+04	2.500000000000000000e+01	nan	4.122513729106742630e-01	1.073368974423608360e-02	6.804648837730930579e-03
nan	2.500000000000000000e+04	2.500000000000000000e+01	nan	3.903546808412101665e-01	1.067340535329338626e-02	6.569111519342322493e-03
nan	2.500000000000000000e+04	2.500000000000000000e+01	nan	4.364309977778475513e-01	1.088073485418331564e-02	6.980651589311916150e-03
nan	2.500000000000000000e+04	2.500000000000000000e+01	nan	4.489476325969405934e-01	1.065196222376392672e-02	6.847094033127686108e-03
nan	2.500000000000000000e+04	2.500000000000000000e+01	nan	4.619885625568116438e-01	1.071270339341087903e-02	6.656652224676890689e-03
nan	2.500000000000000000e+04	2.500000000000000000e+01	nan	4.746433700468628558e-01	1.034572712340938415e-02	6.547058528852216924e-03
nan	2.500000000000000000e+04	2.500000000000000000e+01	nan	4.868560485384989533e-01	1.029199402634772137e-02	6.155481429812609956e-03
nan	2.500000000000000000e+04	2.500000000000000000e+01	nan	4.991850102642132470e-01	1.019438860512463831e-02	6.240748529418543682e-03
nan	2.500000000000000000e+04	2.500000000000000000e+01	nan	2.493828093902461518e-02	2.689393658293596709e-02	2.691488669540105516e-02
nan	2.500000000000000000e+04	2.500000000000000000e+01	nan	3.743629148432781051e-02	2.247179714407391421e-02	2.078487539780989393e-02
nan	2.500000000000000000e+04	2.500000000000000000e+01	nan	4.993451049842612122e-02	2.025406935022817934e-02	1.798403176187539365e-02
nan	2.500000000000000000e+04	2.500000000000000000e+01	nan	6.242151672250351169e-02	1.850645455093712088e-02	1.639218392410904043e-02
nan	2.500000000000000000e+04	2.500000000000000000e+01	nan	7.489888599804928049e-02	1.757988288858921069e-02	1.601681872296360082e-02
nan	2.500000000000000000e+04	2.500000000000000000e+01	nan	8.735042624683941881e-02	1.677001814392722889e-02	1.490434722963108506e-02
nan	2.500000000000000000e+04	2.500000000000000000e+01	nan	9.966456550636948464e-02	1.515947103060586929e-02	1.313389576152529381e-02
nan	2.500000000000000000e+04	2.500000000000000000e+01	nan	1.122806502996382960e-01	1.492849215137770011e-02	1.321728959543353767e-02
nan	2.500000000000000000e+04	2.500000000000000000e+01	nan	1.248598515749037574e-01	1.395244790495416866e-02	1.192415525504122303e-02
nan	2.500000000000000000e+04	2.500000000000000000e+01	nan	1.371969077849541918e-01	1.469137832453241976e-02	1.168141882462612677e-02
nan	2.500000000000000000e+04	2.500000000000000000e+01	nan	1.498325279191732307e-01	1.309695003542232783e-02	1.146828307963492985e-02
nan	2.500000000000000000e+04	2.500000000000000000e+01	nan	1.493390516439150051e-01	1.298341395238829070e-02	1.065430738233063071e-02
nan	2.500000000000000000e+04	2.500000000000000000e+01	nan	1.747296222680745359e-01	1.267109473631248054e-02	1.094296545346508907e-02
nan	2.500000000000000000e+04	2.500000000000000000e+01	nan	1.872037958600287766e-01	1.275797348204181850e-02	1.000029880544199556e-02
nan	2.500000000000000000e+04	2.500000000000000000e+01	nan	1.996693803730806849e-01	1.272954120894489310e-02	9.092802308694598185e-03
nan	2.500000000000000000e+04	2.500000000000000000e+01	nan	2.120011110201573956e-01	1.299377300339880047e-02	9.083402942634009880e-03
nan	2.500000000000000000e+04	2.500000000000000000e+01	nan	2.242820273302399414e-01	1.204949368362492716e-02	9.018790348032736798e-03
nan	2.500000000000000000e+04	2.500000000000000000e+01	nan	2.372989983427942207e-01	1.202258114188249974e-02	8.837349902942123400e-03
nan	2.500000000000000000e+04	2.500000000000000000e+01	nan	2.495258461410472250e-01	1.204840292023043151e-02	8.425187410073364802e-03
nan	2.500000000000000000e+04	2.500000000000000000e+01	nan	2.616437773626074659e-01	1.175440232647902150e-02	8.625565142058925355e-03
nan	2.500000000000000000e+04	2.500000000000000000e+01	nan	2.746048212207057304e-01	1.173396380332006848e-02	8.288903350387805818e-03
nan	2.500000000000000000e+04	2.500000000000000000e+01	nan	2.870714469597430707e-01	1.205163814935676821e-02	7.730140002012548910e-03
nan	2.500000000000000000e+04	2.500000000000000000e+01	nan	2.996049134504943368e-01	1.143036347601296063e-02	8.153595173780642247e-03
nan	2.500000000000000000e+04	2.500000000000000000e+01	nan	3.121625702412558212e-01	1.097628170659655476e-02	7.815434763192626727e-03
nan	2.500000000000000000e+04	2.500000000000000000e+01	nan	3.245476295551981138e-01	1.085118092917950958e-02	7.432456815962634744e-03
nan	2.500000000000000000e+04	2.500000000000000000e+01	nan	3.368895712947477250e-01	1.123904747490024787e-02	7.548004658343748091e-03
nan	2.500000000000000000e+04	2.500000000000000000e+01	nan	3.490719801066290984e-01	1.084117582100729837e-02	7.561729765277898883e-03
nan	2.500000000000000000e+04	2.500000000000000000e+01	nan	3.621808092817389024e-01	1.060887669320399740e-02	7.561013679944596395e-03
nan	2.500000000000000000e+04	2.500000000000000000e+01	nan	3.747053371577919734e-01	1.096723395281665528e-02	7.397114117850453127e-03
nan	2.500000000000000000e+04	2.500000000000000000e+01	nan	3.866954584262600747e-01	1.145003034261643862e-02	7.037223177305190064e-03
nan	2.500000000000000000e+04	2.500000000000000000e+01	nan	3.991425393903398344e-01	1.067702184630424031e-02	7.459162052319362468e-03
nan	2.500000000000000000e+04	2.500000000000000000e+01	nan	4.101782150727899534e-01	1.039367681549208111e-02	7.089309947299101376e-03
nan	2.500000000000000000e+04	2.500000000000000000e+01	nan	4.245688255215327445e-01	1.081100616474586079e-02	6.815919534393278904e-03
nan	2.500000000000000000e+04	2.500000000000000000e+01	nan	4.370642143569938298e-01	1.060637871555588155e-02	6.978775951540778892e-03
nan	2.500000000000000000e+04	2.500000000000000000e+01	nan	4.491568594838213357e-01	1.099671187237111041e-02	6.681586405266684570e-03
nan	2.500000000000000000e+04	2.500000000000000000e+01	nan	4.617336551670234712e-01	1.070997485989819142e-02	6.640621103265972359e-03
nan	2.500000000000000000e+04	2.500000000000000000e+01	nan	4.366326311702501961e-01	1.041317563895535411e-02	6.436383269242340610e-03
nan	2.500000000000000000e+04	2.500000000000000000e+01	nan	4.867278613946410815e-01	1.007917357483706713e-02	6.650602871009725532e-03
nan	2.500000000000000000e+04	2.500000000000000000e+01	nan	4.988718836518444277e-01	1.027527889811859219e-02	6.815911251795358020e-03
nan	2.500000000000000000e+04	2.500000000000000000e+01	nan	2.489912456450404932e-02	2.671769738079365908e-02	2.619415587415730579e-02
nan	2.500000000000000000e+04	2.500000000000000000e+01	nan	3.742329666300037161e-02	2.315438635464725503e-02	2.134196065770041506e-02
nan	2.500000000000000000e+04	2.500000000000000000e+01	nan	4.974398418358561003e-02	2.032540916969732825e-02	1.867811884933359007e-02
nan	2.500000000000000000e+04	2.500000000000000000e+01	nan	6.245117701080360462e-02	1.839404780386042632e-02	1.675185935892528968e-02
nan	2.500000000000000000e+04	2.500000000000000000e+01	nan	6.894945748711679701e-02	1.741172485937613271e-02	1.598023280088166700e-02
nan	2.500000000000000000e+04	2.500000000000000000e+01	nan	8.739043664013479429e-02	1.617534355916585079e-02	1.350469587980305738e-02
nan	2.500000000000000000e+04	2.500000000000000000e+01	nan	9.983522736229843986e-02	1.666603129568570291e-02	1.366541569989752555e-02
nan	2.500000000000000000e+04	2.500000000000000000e+01	nan	1.124137468128516559e-01	1.502027539927246191e-02	1.229039828626802590e-02
nan	2.500000000000000000e+04	2.500000000000000000e+01	nan	1.247774086927044834e-01	1.416250480378958287e-02	1.196078668200214676e-02
nan	2.500000000000000000e+04	2.500000000000000000e+01	nan	1.372303462006740915e-01	1.388529159247818036e-02	1.135206494777115868e-02
nan	2.500000000000000000e+04	2.500000000000000000e+01	nan	1.497457831579822596e-01	1.407218338137845512e-02	1.050329697736343548e-02
nan	2.500000000000000000e+04	2.500000000000000000e+01	nan	1.622630235553259581e-01	1.301347081253472274e-02	1.062803596609090094e-02
nan	2.500000000000000000e+04	2.500000000000000000e+01	nan	1.740752525585378407e-01	1.263780524926240607e-02	9.811850882354920464e-03
nan	2.500000000000000000e+04	2.500000000000000000e+01	nan	1.872368846225640482e-01	1.296716583421098599e-02	9.684700785181203989e-03
nan	2.500000000000000000e+04	2.500000000000000000e+01	nan	1.984258778169447623e-01	1.260918148226178488e-02	9.928315027642482110e-03
nan	2.500000000000000000e+04	2.500000000000000000e+01	nan	2.120386195067283097e-01	1.247470755707094647e-02	8.806521409600229916e-03
nan	2.500000000000000000e+04	2.500000000000000000e+01	nan	2.246241456023625460e-01	1.239886296752260378e-02	9.295058588260475194e-03
nan	2.500000000000000000e+04	2.500000000000000000e+01	nan	2.369215387266550010e-01	1.199542419046196670e-02	9.144415928455308651e-03
nan	2.500000000000000000e+04	2.500000000000000000e+01	nan	2.497008995220539873e-01	1.203530715297224628e-02	8.771934647401580590e-03
nan	2.500000000000000000e+04	2.500000000000000000e+01	nan	2.613091431146017385e-01	1.168887775487562584e-02	8.476433803919507584e-03
nan	2.500000000000000000e+04	2.500000000000000000e+01	nan	2.747660249030161594e-01	1.148889034946909415e-02	8.343900867463994314e-03
nan	2.500000000000000000e+04	2.500000000000000000e+01	nan	2.870531554818143150e-01	1.218438899933958763e-02	7.734535876091295711e-03
nan	2.500000000000000000e+04	2.500000000000000000e+01	nan	2.996173908023962440e-01	1.115828387603421019e-02	8.242772890164302285e-03
nan	2.500000000000000000e+04	2.500000000000000000e+01	nan	2.874386761607179985e-01	1.100721507060242396e-02	8.146136171824205907e-03
nan	2.500000000000000000e+04	2.500000000000000000e+01	nan	3.245432488364627943e-01	1.109482064173942899e-02	7.418840084369630536e-03
nan	2.500000000000000000e+04	2.500000000000000000e+01	nan	3.371861839404317607e-01	1.101276102623647071e-02	7.618259671515700306e-03
nan	2.500000000000000000e+04	2.500000000000000000e+01	nan	3.490968624077197546e-01	1.059894766610568369e-02	7.942678594105421000e-03
nan	2.500000000000000000e+04	2.500000000000000000e+01	nan	3.619997722145882335e-01	1.070121687226938990e-02	7.251298458141467243e-03
nan	2.500000000000000000e+04	2.500000000000000000e+01	nan	3.743718570447072125e-01	1.064803735632956737e-02	7.231683599098091483e-03
nan	2.500000000000000000e+04	2.500000000000000000e+01	nan	3.872896631144158164e-01	1.096234614315081193e-02	7.049119003214602587e-03
nan	2.500000000000000000e+04	2.500000000000000000e+01	nan	3.996347855435686824e-01	1.064092220418888859e-02	7.264018724010264626e-03
nan	2.500000000000000000e+04	2.500000000000000000e+01	nan	4.116011200008102833e-01	1.031737033622586244e-02	6.870753947502247078e-03
nan	2.500000000000000000e+04	2.500000000000000000e+01	nan	4.244904206668138613e-01	1.034563723197944388e-02	7.164277322292529615e-03
nan	2.500000000000000000e+04	2.500000000000000000e+01	nan	4.368269916794389474e-01	1.002810708942802713e-02	6.805952161427627004e-03
nan	2.500000000000000000e+04	2.500000000000000000e+01	nan	4.497344091768411545e-01	1.022549003736494648e-02	6.356709042494702519e-03
nan	2.500000000000000000e+04	2.500000000000000000e+01	nan	4.603565182897426666e-01	1.045191548075243004e-02	6.888338402160821064e-03
nan	2.500000000000000000e+04	2.500000000000000000e+01	nan	4.737090878135177263e-01	1.079300827151648788e-02	6.319102158953687071e-03
nan	2.500000000000000000e+04	2.500000000000000000e+01	nan	4.854708528343678609e-01	1.022882232623926330e-02	6.269358920357350276e-03
nan	2.500000000000000000e+04	2.500000000000000000e+01	nan	4.996673722096005577e-01	1.024042499249424101e-02	6.503130903328681149e-03
nan	2.500000000000000000e+04	2.500000000000000000e+01	nan	2.497403402449904775e-02	2.874107174798365069e-02	2.625503383663690612e-02
nan	2.500000000000000000e+04	2.500000000000000000e+01	nan	3.746793850947760518e-02	2.374222695080836429e-02	2.178140631042976144e-02
nan	2.500000000000000000e+04	2.500000000000000000e+01	nan	4.994390596938735882e-02	2.001045084237995306e-02	1.968550164669937222e-02
nan	2.500000000000000000e+04	2.500000000000000000e+01	nan	6.245976796770413841e-02	1.846888305351944426e-02	1.597994939347277890e-02
nan	2.500000000000000000e+04	2.500000000000000000e+01	nan	7.487141379629491666e-02	1.643953640890437676e-02	1.536048498379914001e-02
nan	2.500000000000000000e+04	2.500000000000000000e+01	nan	8.741734771492204459e-02	1.684383497723527037e-02	1.371409370928251131e-02
nan	2.500000000000000000e+04	2.500000000000000000e+01	nan	9.989635613403180514e-02	1.497177113555965902e-02	1.289243157852629565e-02
nan	2.500000000000000000e+04	2.500000000000000000e+01	nan	1.124396494666513036e-01	1.518291424866968081e-02	1.256248178281006364e-02
nan	2.500000000000000000e+04	2.500000000000000000e+01	nan	1.248782116382685103e-01	1.440162775636563697e-02	1.159543454640679302e-02
nan	2.500000000000000000e+04	2.500000000000000000e+01	nan	1.373774429494503124e-01	1.340549639997271753e-02	1.179560582864315130e-02
nan	2.500000000000000000e+04	2.500000000000000000e+01	nan	1.497983092146810691e-01	1.325254494159146257e-02	1.099843836658597265e-02
nan	2.500000000000000000e+04	2.500000000000000000e+01	nan	1.622927239361118268e-01	1.354321613284403987e-02	1.052303164196373604e-02
nan	2.500000000000000000e+04	2.500000000000000000e+01	nan	1.746210855272352092e-01	1.396262018883323228e-02	9.839472078369340680e-03
nan	2.500000000000000000e+04	2.500000000000000000e+01	nan	1.873407317758548629e-01	1.260286662795610454e-02	9.745084859541628189e-03
nan	2.500000000000000000e+04	2.500000000000000000e+01	nan	1.997119987485902470e-01	1.241341794492347578e-02	9.572014383505141055e-03
nan	2.500000000000000000e+04	2.500000000000000000e+01	nan	2.120111931822066254e-01	1.223628253539658754e-02	1.002389878159614181e-02
nan	2.500000000000000000e+04	2.500000000000000000e+01	nan	2.246821546881108134e-01	1.254135015223586079e-02	9.053905197547779463e-03
nan	2.500000000000000000e+04	2.500000000000000000e+01	nan	2.369821989941343077e-01	1.163461546248546752e-02	9.082902421567737652e-03
nan	2.500000000000000000e+04	2.500000000000000000e+01	nan	2.497737746355213062e-01	1.190824303803279284e-02	8.867214742539455269e-03
nan	2.500000000000000000e+04	2.500000000000000000e+01	nan	2.621943127572876620e-01	1.189813079554572980e-02	8.474165477924185119e-03
nan	2.500000000000000000e+04	2.500000000000000000e+01	nan	2.521286779604069994e-01	1.147076557441745193e-02	8.163741263325578756e-03
nan	2.500000000000000000e+04	2.500000000000000000e+01	nan	2.869755527369193260e-01	1.127455243159802487e-02	8.244644838590622915e-03
nan	2.500000000000000000e+04	2.500000000000000000e+01	nan	2.995376450909930099e-01	1.103772694801299914e-02	8.059714308318755016e-03
nan	2.500000000000000000e+04	2.500000000000000000e+01	nan	3.119803990769014490e-01	1.123444860901689352e-02	8.157480499021516757e-03
nan	2.500000000000000000e+04	2.500000000000000000e+01	nan	3.242857413284667700e-01	1.156261917502167044e-02	7.877094792690492522e-03
nan	2.500000000000000000e+04	2.500000000000000000e+01	nan	3.371360794456563781e-01	1.100346921935509148e-02	7.813433390556004041e-03
nan	2.500000000000000000e+04	2.500000000000000000e+01	nan	3.487385672523544144e-01	1.138663946986998715e-02	7.669201988453932910e-03
nan	2.500000000000000000e+04	2.500000000000000000e+01	nan	3.618856269924890512e-01	1.079750542225649083e-02	7.701147340202878222e-03
nan	2.500000000000000000e+04	2.500000000000000000e+01	nan	3.744831644189048347e-01	1.114003055281512569e-02	7.136651476803611283e-03
nan	2.500000000000000000e+04	2.500000000000000000e+01	nan	3.842856389561148944e-01	1.094893411029494897e-02	6.815118581929170000e-03
nan	2.500000000000000000e+04	2.500000000000000000e+01	nan	3.987002380180939554e-01	1.079848125809719853e-02	6.753873816938127904e-03
nan	2.500000000000000000e+04	2.500000000000000000e+01	nan	4.120570354577779426e-01	1.072156543565183640e-02	7.087305407811426462e-03
nan	2.500000000000000000e+04	2.500000000000000000e+01	nan	4.241732191408971175e-01	1.019465604831984798e-02	7.134494374589489540e-03
nan	2.500000000000000000e+04	2.500000000000000000e+01	nan	4.361846874516714934e-01	1.066908341196405076e-02	6.732873875274700270e-03
nan	2.500000000000000000e+04	2.500000000000000000e+01	nan	4.494631498656929125e-01	1.094252479358564720e-02	6.984329764356424566e-03
nan	2.500000000000000000e+04	2.500000000000000000e+01	nan	4.621467288421428066e-01	1.074304555818669273e-02	6.868903741241621889e-03
nan	2.500000000000000000e+04	2.500000000000000000e+01	nan	4.747207628619776187e-01	1.070878886476243214e-02	6.632598433327201344e-03
nan	2.500000000000000000e+04	2.500000000000000000e+01	nan	4.864120197969015180e-01	1.011943148217416336e-02	6.241267631404433941e-03
nan	2.500000000000000000e+04	2.500000000000000000e+01	nan	4.992902924805804332e-01	1.030726275728217206e-02	6.214753553624688572e-03
