# SourcePhotonFlux	NumberRaysSurvived	PercentageRaysSurvived	PhotonFlux	Bandwidth	HorizontalFocusFWHM	VerticalFocusFWHM
nan	1.000000000000000000e+05	1.000000000000000000e+02	nan	9.992469927666292051e-02	1.085616815230444065e-01	1.091935508554397610e-01
nan	1.000000000000000000e+05	1.000000000000000000e+02	nan	1.497811226888998704e-01	9.017885586224146099e-02	8.741330474916433890e-02
nan	1.000000000000000000e+05	1.000000000000000000e+02	nan	1.997414917290711855e-01	8.748844782781325935e-02	7.519001991526957918e-02
nan	1.000000000000000000e+05	1.000000000000000000e+02	nan	2.487648427354756109e-01	7.649440770008883450e-02	6.635746434796332971e-02
nan	1.000000000000000000e+05	1.000000000000000000e+02	nan	2.996046975265329593e-01	6.711442948648747853e-02	6.087746879498753816e-02
nan	1.000000000000000000e+05	1.000000000000000000e+02	nan	3.494701611824666543e-01	6.591193630085263877e-02	5.788540382340582463e-02
nan	1.000000000000000000e+05	1.000000000000000000e+02	nan	3.994588246946051413e-01	6.581943926922947941e-02	5.466633536356677037e-02
nan	1.000000000000000000e+05	1.000000000000000000e+02	nan	4.495314142182991191e-01	5.938494336415902491e-02	5.116315080647412805e-02
nan	1.000000000000000000e+05	1.000000000000000000e+02	nan	4.991911714458439064e-01	5.615865712020400025e-02	4.877193439041795781e-02
nan	1.000000000000000000e+05	1.000000000000000000e+02	nan	5.493293541213404296e-01	5.627559697747123307e-02	4.821522159886045683e-02
nan	1.000000000000000000e+05	1.000000000000000000e+02	nan	5.980515820642722247e-01	5.926376485164473740e-02	4.386800989387661109e-02
nan	1.000000000000000000e+05	1.000000000000000000e+02	nan	6.478776376274879567e-01	5.199825075321652668e-02	4.225993548729564675e-02
nan	1.000000000000000000e+05	1.000000000000000000e+02	nan	6.988746507154530718e-01	5.592620367689457583e-02	4.022890453355391915e-02
nan	1.000000000000000000e+05	1.000000000000000000e+02	nan	6.891718592782244412e-01	5.278499045372260501e-02	3.866765137763497617e-02
nan	1.000000000000000000e+05	1.000000000000000000e+02	nan	7.989678990289803551e-01	5.083113060302418829e-02	3.650589062770028675e-02
nan	1.000000000000000000e+05	1.000000000000000000e+02	nan	8.489675776834531007e-01	5.127268943061933509e-02	3.814009591281015271e-02
nan	1.000000000000000000e+05	1.000000000000000000e+02	nan	8.859842232631933712e-01	4.657378645300268988e-02	3.596115911156917699e-02
nan	1.000000000000000000e+05	1.000000000000000000e+02	nan	9.469913958183440172e-01	4.731605630104825100e-02	3.553821475947327446e-02
nan	1.000000000000000000e+05	1.000000000000000000e+02	nan	9.988710329299124169e-01	4.811911654062904498e-02	3.540213437076755038e-02
nan	1.000000000000000000e+05	1.000000000000000000e+02	nan	1.046572988466039078e+00	4.776908164820356517e-02	3.317250020566178681e-02
nan	1.000000000000000000e+05	1.000000000000000000e+02	nan	1.098488248987848692e+00	4.507693375703832050e-02	3.375923971889235875e-02
nan	1.000000000000000000e+05	1.000000000000000000e+02	nan	1.147700293680827599e+00	4.734468712029807347e-02	3.462460640656929434e-02
nan	1.000000000000000000e+05	1.000000000000000000e+02	nan	1.194462813634231679e+00	4.672107161388260044e-02	3.145242986034595123e-02
nan	1.000000000000000000e+05	1.000000000000000000e+02	nan	1.247352365692620424e+00	4.456413979849861706e-02	3.240019388105412623e-02
nan	1.000000000000000000e+05	1.000000000000000000e+02	nan	1.296906444080264009e+00	4.276928942210289630e-02	2.967350306405366553e-02
nan	1.000000000000000000e+05	1.000000000000000000e+02	nan	1.341435441773001003e+00	4.736234406563093191e-02	3.209918346462582728e-02
nan	1.000000000000000000e+05	1.000000000000000000e+02	nan	1.397169517225847812e+00	4.331338732309429618e-02	2.991321958515441928e-02
nan	1.000000000000000000e+05	1.000000000000000000e+02	nan	1.448113196126143976e+00	4.436660469932453277e-02	2.892765290517845811e-02
nan	1.000000000000000000e+05	1.000000000000000000e+02	nan	1.498344069625829889e+00	4.496281359774235292e-02	3.007201599612437798e-02
nan	1.000000000000000000e+05	1.000000000000000000e+02	nan	1.547341196353499981e+00	4.327497593361073758e-02	2.908563127895678890e-02
nan	1.000000000000000000e+05	1.000000000000000000e+02	nan	1.597817072813768391e+00	4.176132967653062300e-02	2.824031785943557915e-02
nan	1.000000000000000000e+05	1.000000000000000000e+02	nan	1.649005491642697052e+00	4.293475897694433441e-02	2.721859535092372231e-02
nan	1.000000000000000000e+05	1.000000000000000000e+02	nan	1.561418723364840666e+00	4.269362141317354503e-02	2.627644607736928997e-02
nan	1.000000000000000000e+05	1.000000000000000000e+02	nan	1.745723991111390205e+00	4.352293941673326255e-02	2.792260635724766460e-02
nan	1.000000000000000000e+05	1.000000000000000000e+02	nan	1.795790530387762374e+00	4.260784889505570688e-02	2.738837613251074443e-02
nan	1.000000000000000000e+05	1.000000000000000000e+02	nan	1.847954250227246575e+00	4.285081357364351612e-02	2.662660889870756276e-02
nan	1.000000000000000000e+05	1.000000000000000000e+02	nan	1.898573480187451423e+00	4.138290849363753660e-02	2.618823411540886770e-02
nan	1.000000000000000000e+05	1.000000000000000000e+02	nan	1.947424194153995813e+00	4.116797610539088548e-02	2.462192571925043982e-02
nan	1.000000000000000000e+05	1.000000000000000000e+02	nan	1.996740041056852988e+00	4.077755442049855322e-02	2.496299411767417473e-02
nan	1.000000000000000000e+05	1.000000000000000000e+02	nan	9.975312375609846072e-02	1.075757463317438684e-01	1.076595467816042206e-01
nan	1.000000000000000000e+05	1.000000000000000000e+02	nan	1.497451659373112420e-01	8.988718857629565684e-02	8.313950159123957573e-02
nan	1.000000000000000000e+05	1.000000000000000000e+02	nan	1.997380419937044849e-01	8.101627740091271734e-02	7.193612704750157461e-02
nan	1.000000000000000000e+05	1.000000000000000000e+02	nan	2.496860668900140467e-01	7.402581820374848354e-02	6.556873569643616173e-02
nan	1.000000000000000000e+05	1.000000000000000000e+02	nan	2.995955439921971220e-01	7.031953155435684277e-02	6.406727489185440327e-02
nan	1.000000000000000000e+05	1.000000000000000000e+02	nan	3.494017049873576752e-01	6.708007257570891557e-02	5.961738891852434025e-02
nan	1.000000000000000000e+05	1.000000000000000000e+02	nan	3.986582620254779386e-01	6.063788412242347714e-02	5.253558304610117524e-02
nan	1.000000000000000000e+05	1.000000000000000000e+02	nan	4.491226011985531841e-01	5.971396860551080044e-02	5.286915838173415066e-02
nan	1.000000000000000000e+05	1.000000000000000000e+02	nan	4.994394062996150296e-01	5.580979161981667463e-02	4.769662102016489214e-02
nan	1.000000000000000000e+05	1.000000000000000000e+02	nan	5.487876311398167672e-01	5.876551329812967905e-02	4.672567529850450707e-02
nan	1.000000000000000000e+05	1.000000000000000000e+02	nan	5.993301116766929226e-01	5.238780014168931132e-02	4.587313231853971940e-02
nan	1.000000000000000000e+05	1.000000000000000000e+02	nan	5.973562065756600203e-01	5.193365580955316280e-02	4.261722952932252284e-02
nan	1.000000000000000000e+05	1.000000000000000000e+02	nan	6.989184890722981436e-01	5.068437894524992215e-02	4.377186181386035629e-02
nan	1.000000000000000000e+05	1.000000000000000000e+02	nan	7.488151834401151064e-01	5.103189392816727399e-02	4.000119522176798226e-02
nan	1.000000000000000000e+05	1.000000000000000000e+02	nan	7.986775214923227395e-01	5.091816483577957242e-02	3.637120923477839274e-02
nan	1.000000000000000000e+05	1.000000000000000000e+02	nan	8.480044440806295825e-01	5.197509201359520187e-02	3.633361177053603952e-02
nan	1.000000000000000000e+05	1.000000000000000000e+02	nan	8.971281093209597657e-01	4.819797473449970865e-02	3.607516139213094719e-02
nan	1.000000000000000000e+05	1.000000000000000000e+02	nan	9.491959933711768826e-01	4.809032456752999896e-02	3.534939961176849360e-02
nan	1.000000000000000000e+05	1.000000000000000000e+02	nan	9.981033845641889002e-01	4.819361168092172604e-02	3.370074964029345921e-02
nan	1.000000000000000000e+05	1.000000000000000000e+02	nan	1.046575109450429864e+00	4.701760930591608600e-02	3.450226056823570142e-02
nan	1.000000000000000000e+05	1.000000000000000000e+02	nan	1.098419284882822922e+00	4.693585521328027393e-02	3.315561340155122327e-02
nan	1.000000000000000000e+05	1.000000000000000000e+02	nan	1.148285787838972283e+00	4.820655259742707283e-02	3.092056000805019564e-02
nan	1.000000000000000000e+05	1.000000000000000000e+02	nan	1.198419653801977347e+00	4.572145390405184251e-02	3.261438069512256899e-02
nan	1.000000000000000000e+05	1.000000000000000000e+02	nan	1.248650280965023285e+00	4.390512682638621905e-02	3.126173905277050691e-02
nan	1.000000000000000000e+05	1.000000000000000000e+02	nan	1.298190518220792455e+00	4.340472371671803831e-02	2.972982726385053898e-02
nan	1.000000000000000000e+05	1.000000000000000000e+02	nan	1.347558285178990900e+00	4.495618989960099149e-02	3.019201863337499236e-02
nan	1.000000000000000000e+05	1.000000000000000000e+02	nan	1.396287920426516393e+00	4.336470328402919350e-02	3.024691906111159553e-02
nan	1.000000000000000000e+05	1.000000000000000000e+02	nan	1.448723237126955610e+00	4.243550677281598960e-02	3.024405471977838558e-02
nan	1.000000000000000000e+05	1.000000000000000000e+02	nan	1.498821348631167893e+00	4.386893581126662112e-02	2.958845647140181251e-02
nan	1.000000000000000000e+05	1.000000000000000000e+02	nan	1.546781833705040299e+00	4.580012137046575449e-02	2.814889270922076026e-02
nan	1.000000000000000000e+05	1.000000000000000000e+02	nan	1.596570157561359338e+00	4.270808738521696124e-02	2.983664820927744987e-02
nan	1.000000000000000000e+05	1.000000000000000000e+02	nan	1.640712860291159814e+00	4.157470726196832445e-02	2.835723978919640551e-02
nan	1.000000000000000000e+05	1.000000000000000000e+02	nan	1.698275302086130978e+00	4.324402465898344317e-02	2.726367813757311562e-02
nan	1.000000000000000000e+05	1.000000000000000000e+02	nan	1.748256857427975319e+00	4.242551486222352619e-02	2.791510380616311557e-02
nan	1.000000000000000000e+05	1.000000000000000000e+02	nan	1.796627437935285343e+00	4.398684748948444162e-02	2.672634562106673828e-02
nan	1.000000000000000000e+05	1.000000000000000000e+02	nan	1.846934620668093885e+00	4.283989943959276570e-02	2.656248441306388944e-02
nan	1.000000000000000000e+05	1.000000000000000000e+02	nan	1.746530524681000784e+00	4.165270255582141645e-02	2.574553307696936244e-02
nan	1.000000000000000000e+05	1.000000000000000000e+02	nan	1.946911445578564326e+00	4.031669429934826854e-02	2.660241148403890213e-02
nan	1.000000000000000000e+05	1.000000000000000000e+02	nan	1.995487534607377711e+00	4.110111559247436874e-02	2.726364500718143208e-02
nan	1.000000000000000000e+05	1.000000000000000000e+02	nan	9.959649825801619727e-02	1.068707895231746363e-01	1.047766234966292231e-01
nan	1.000000000000000000e+05	1.000000000000000000e+02	nan	1.496931866520014864e-01	9.261754541858902012e-02	8.536784263080166024e-02
nan	1.000000000000000000e+05	1.000000000000000000e+02	nan	1.989759367343424401e-01	8.130163667878931300e-02	7.471247539733436027e-02
nan	1.000000000000000000e+05	1.000000000000000000e+02	nan	2.498047080432144185e-01	7.357619121544170526e-02	6.700743743570115873e-02
nan	1.000000000000000000e+05	1.000000000000000000e+02	nan	2.757978299484671880e-01	6.964689943750453083e-02	6.392093120352666802e-02
nan	1.000000000000000000e+05	1.000000000000000000e+02	nan	3.495617465605391772e-01	6.470137423666340315e-02	5.401878351921222954e-02
nan	1.000000000000000000e+05	1.000000000000000000e+02	nan	3.993409094491937594e-01	6.666412518274281163e-02	5.466166279959010221e-02
nan	1.000000000000000000e+05	1.000000000000000000e+02	nan	4.496549872514066237e-01	6.008110159708984765e-02	4.916159314507210359e-02
nan	1.000000000000000000e+05	1.000000000000000000e+02	nan	4.991096347708179337e-01	5.665001921515833150e-02	4.784314672800858703e-02
nan	1.000000000000000000e+05	1.000000000000000000e+02	nan	5.489213848026963660e-01	5.554116636991272143e-02	4.540825979108463473e-02
nan	1.000000000000000000e+05	1.000000000000000000e+02	nan	5.989831326319290383e-01	5.628873352551382048e-02	4.201318790945374193e-02
nan	1.000000000000000000e+05	1.000000000000000000e+02	nan	6.490520942213038325e-01	5.205388325013889095e-02	4.251214386436360376e-02
nan	1.000000000000000000e+05	1.000000000000000000e+02	nan	6.963010102341513630e-01	5.055122099704962430e-02	3.924740352941968186e-02
nan	1.000000000000000000e+05	1.000000000000000000e+02	nan	7.489475384902561927e-01	5.186866333684394398e-02	3.873880314072481595e-02
nan	1.000000000000000000e+05	1.000000000000000000e+02	nan	7.937035112677790494e-01	5.043672592904713953e-02	3.971326011056992844e-02
nan	1.000000000000000000e+05	1.000000000000000000e+02	nan	8.481544780269132389e-01	4.989883022828378589e-02	3.522608563840091966e-02
nan	1.000000000000000000e+05	1.000000000000000000e+02	nan	8.984965824094501841e-01	4.959545187009041511e-02	3.718023435304190077e-02
nan	1.000000000000000000e+05	1.000000000000000000e+02	nan	9.476861549066200041e-01	4.798169676184786681e-02	3.657766371382123460e-02
nan	1.000000000000000000e+05	1.000000000000000000e+02	nan	9.988035980882159492e-01	4.814122861188898511e-02	3.508773858960632236e-02
nan	1.000000000000000000e+05	1.000000000000000000e+02	nan	1.045236572458406954e+00	4.675551101950250338e-02	3.390573521567803034e-02
nan	1.000000000000000000e+05	1.000000000000000000e+02	nan	1.099064099612064638e+00	4.595556139787637662e-02	3.337560346985597726e-02
nan	1.000000000000000000e+05	1.000000000000000000e+02	nan	1.148212621927257260e+00	4.873755599735835053e-02	3.093814350436518285e-02
nan	1.000000000000000000e+05	1.000000000000000000e+02	nan	1.198469563209584976e+00	4.463313550413684078e-02	3.297109156065720914e-02
nan	1.000000000000000000e+05	1.000000000000000000e+02	nan	1.149754704642871994e+00	4.402886028240969585e-02	3.258454468729682363e-02
nan	1.000000000000000000e+05	1.000000000000000000e+02	nan	1.298172995345851177e+00	4.437928256695771595e-02	2.967536033747852214e-02
nan	1.000000000000000000e+05	1.000000000000000000e+02	nan	1.348744735761727043e+00	4.405104410494588285e-02	3.047303868606280122e-02
nan	1.000000000000000000e+05	1.000000000000000000e+02	nan	1.396387449630879019e+00	4.239579066442273475e-02	3.177071437642168400e-02
nan	1.000000000000000000e+05	1.000000000000000000e+02	nan	1.447999088858352934e+00	4.280486748907755962e-02	2.900519383256586897e-02
nan	1.000000000000000000e+05	1.000000000000000000e+02	nan	1.497487428178828850e+00	4.259214942531826947e-02	2.892673439639236593e-02
nan	1.000000000000000000e+05	1.000000000000000000e+02	nan	1.549158652457663266e+00	4.384938457260324773e-02	2.819647601285841035e-02
nan	1.000000000000000000e+05	1.000000000000000000e+02	nan	1.598539142174274730e+00	4.256368881675555438e-02	2.905607489604105850e-02
nan	1.000000000000000000e+05	1.000000000000000000e+02	nan	1.646404480003241133e+00	4.126948134490344977e-02	2.748301579000898831e-02
nan	1.000000000000000000e+05	1.000000000000000000e+02	nan	1.697961682667255445e+00	4.138254892791777551e-02	2.865710928917011846e-02
nan	1.000000000000000000e+05	1.000000000000000000e+02	nan	1.747307966717755789e+00	4.011242835771210852e-02	2.722380864571050801e-02
nan	1.000000000000000000e+05	1.000000000000000000e+02	nan	1.798937636707364618e+00	4.090196014945978592e-02	2.542683616997881008e-02
nan	1.000000000000000000e+05	1.000000000000000000e+02	nan	1.841426073158970667e+00	4.180766192300972017e-02	2.755335360864328426e-02
nan	1.000000000000000000e+05	1.000000000000000000e+02	nan	1.894836351254070905e+00	4.317203308606595152e-02	2.527640863581474828e-02
nan	1.000000000000000000e+05	1.000000000000000000e+02	nan	1.941883411337471443e+00	4.091528930495705318e-02	2.507743568142940110e-02
nan	1.000000000000000000e+05	1.000000000000000000e+02	nan	1.998669488838402231e+00	4.096169996997696405e-02	2.601252361331472460e-02
nan	1.000000000000000000e+05	1.000000000000000000e+02	nan	9.989613609799619098e-02	1.149642869919346028e-01	1.050201353465476245e-01
nan	1.000000000000000000e+05	1.000000000000000000e+02	nan	1.498717540379104207e-01	9.496890780323345715e-02	8.712562524171904577e-02
nan	1.000000000000000000e+05	1.000000000000000000e+02	nan	1.997756238775494353e-01	8.004180336951981223e-02	7.874200658679748888e-02
nan	1.000000000000000000e+05	1.000000000000000000e+02	nan	2.498390718708165537e-01	7.387553221407777704e-02	6.391979757389111561e-02
nan	1.000000000000000000e+05	1.000000000000000000e+02	nan	2.994856551851796667e-01	6.575814563561750703e-02	6.144193993519656005e-02
nan	1.000000000000000000e+05	1.000000000000000000e+02	nan	3.496693908596881784e-01	6.737533990894108149e-02	5.485637483713004525e-02
nan	1.000000000000000000e+05	1.000000000000000000e+02	nan	3.995854245361272206e-01	5.988708454223863609e-02	5.156972631410518260e-02
nan	1.000000000000000000e+05	1.000000000000000000e+02	nan	4.497585978666052142e-01	6.073165699467872325e-02	5.024992713124025456e-02
nan	1.000000000000000000e+05	1.000000000000000000e+02	nan	4.995128465530740414e-01	5.760651102546254787e-02	4.638173818562717210e-02
nan	1.000000000000000000e+05	1.000000000000000000e+02	nan	5.495097717978012497e-01	5.362198559989087010e-02	4.718242331457260519e-02
nan	1.000000000000000000e+05	1.000000000000000000e+02	nan	5.991932368587242763e-01	5.301017976636585027e-02	4.399375346634389061e-02
nan	1.000000000000000000e+05	1.000000000000000000e+02	nan	6.491708957444473072e-01	5.417286453137615948e-02	4.209212656785494416e-02
nan	1.000000000000000000e+05	1.000000000000000000e+02	nan	6.984843421089408366e-01	5.585048075533292911e-02	3.935788831347736272e-02
nan	1.000000000000000000e+05	1.000000000000000000e+02	nan	7.493629271034194517e-01	5.041146651182441818e-02	3.898033943816651276e-02
nan	1.000000000000000000e+05	1.000000000000000000e+02	nan	7.988479949943609881e-01	4.965367177969390311e-02	3.828805753402056422e-02
nan	1.000000000000000000e+05	1.000000000000000000e+02	nan	8.480447727288265014e-01	4.894513014158635017e-02	4.009559512638456724e-02
nan	1.000000000000000000e+05	1.000000000000000000e+02	nan	8.987286187524432535e-01	5.016540060894344316e-02	3.621562079019111785e-02
nan	1.000000000000000000e+05	1.000000000000000000e+02	nan	9.479287959765372307e-01	4.653846184994187007e-02	3.633160968627095061e-02
nan	1.000000000000000000e+05	1.000000000000000000e+02	nan	9.990950985420852248e-01	4.763297215213117136e-02	3.546885897015782108e-02
nan	1.000000000000000000e+05	1.000000000000000000e+02	nan	1.048777251029150648e+00	4.759252318218291922e-02	3.389666191169674048e-02
nan	1.000000000000000000e+05	1.000000000000000000e+02	nan	1.008514711841627998e+00	4.588306229766980771e-02	3.265496505330231503e-02
nan	1.000000000000000000e+05	1.000000000000000000e+02	nan	1.147902210947677304e+00	4.509820972639209946e-02	3.297857935436249166e-02
nan	1.000000000000000000e+05	1.000000000000000000e+02	nan	1.198150580363972040e+00	4.415090779205199656e-02	3.223885723327502006e-02
nan	1.000000000000000000e+05	1.000000000000000000e+02	nan	1.247921596307605796e+00	4.493779443606757407e-02	3.262992199608606703e-02
nan	1.000000000000000000e+05	1.000000000000000000e+02	nan	1.297142965313867080e+00	4.625047670008668177e-02	3.150837917076197009e-02
nan	1.000000000000000000e+05	1.000000000000000000e+02	nan	1.348544317782625512e+00	4.401387687742036592e-02	3.125373356222401616e-02
nan	1.000000000000000000e+05	1.000000000000000000e+02	nan	1.394954269009417658e+00	4.554655787947994861e-02	3.067680795381573164e-02
nan	1.000000000000000000e+05	1.000000000000000000e+02	nan	1.447542507969956205e+00	4.319002168902596334e-02	3.080458936081151289e-02
nan	1.000000000000000000e+05	1.000000000000000000e+02	nan	1.497932657675619339e+00	4.456012221126050277e-02	2.854660590721444513e-02
nan	1.000000000000000000e+05	1.000000000000000000e+02	nan	1.537142555824459578e+00	4.379573644117979586e-02	2.726047432771668000e-02
nan	1.000000000000000000e+05	1.000000000000000000e+02	nan	1.594800952072375821e+00	4.319392503238879411e-02	2.701549526775251162e-02
nan	1.000000000000000000e+05	1.000000000000000000e+02	nan	1.648228141831111770e+00	4.288626174260734558e-02	2.834922163124570585e-02
nan	1.000000000000000000e+05	1.000000000000000000e+02	nan	1.696692876563588470e+00	4.077862419327939192e-02	2.853797749835795816e-02
nan	1.000000000000000000e+05	1.000000000000000000e+02	nan	1.744738749806685973e+00	4.267633364785620304e-02	2.693149550109880108e-02
nan	1.000000000000000000e+05	1.000000000000000000e+02	nan	1.797852599462771650e+00	4.377009917434258879e-02	2.793731905742569827e-02
nan	1.000000000000000000e+05	1.000000000000000000e+02	nan	1.848586915368571226e+00	4.297218223274677090e-02	2.747561496496648756e-02
nan	1.000000000000000000e+05	1.000000000000000000e+02	nan	1.898883051447910475e+00	4.283515545904972854e-02	2.653039373330880538e-02
nan	1.000000000000000000e+05	1.000000000000000000e+02	nan	1.945648079187606072e+00	4.047772592869665342e-02	2.496507052561773576e-02
nan	1.000000000000000000e+05	1.000000000000000000e+02	nan	1.997161169922321733e+00	4.122905102912868824e-02	2.485901421449875429e-02
