# SourcePhotonFlux	NumberRaysSurvived	PercentageRaysSurvived	PhotonFlux	Bandwidth	HorizontalFocusFWHM	VerticalFocusFWHM
nan	0.000000000000000000e+00	0.000000000000000000e+00	0.000000000000000000e+00	0.000000000000000000e+00	0.000000000000000000e+00	0.000000000000000000e+00
nan	9.350000000000000000e+01	9.349999999999999978e-02	nan	3.539244884231621067e-03	4.235964147301543581e-02	2.136477276316772755e-03
nan	1.160000000000000000e+02	1.160000000000000059e-01	nan	3.389540513595079574e-03	3.771362106637735079e-02	2.465004532477488124e-03
nan	2.305000000000000000e+02	2.304999999999999827e-01	nan	3.897391389095616887e-03	2.972990842167599901e-02	2.629583102011620946e-03
nan	2.487500000000000000e+02	2.487500000000000266e-01	nan	6.143620705913122038e-03	2.936577737710531488e-02	2.634309553037370716e-03
nan	3.122500000000000000e+02	3.122499999999999720e-01	nan	7.392713572997422489e-03	2.639924209993503232e-02	2.791364776360875499e-03
nan	3.660000000000000000e+02	3.659999999999999920e-01	nan	7.506391302769088725e-03	2.758184963410632851e-02	2.715961518533821159e-03
nan	4.447500000000000000e+02	4.447499999999999787e-01	nan	9.653753820757060566e-03	2.582744310628260279e-02	2.828278548090895628e-03
nan	4.942500000000000000e+02	4.942500000000000226e-01	nan	1.212586094897005751e-02	2.483513722153120329e-02	2.814223309520210055e-03
nan	5.020000000000000000e+02	5.020000000000000018e-01	nan	1.332489267551295598e-02	2.265425305920461263e-02	2.820624209285463833e-03
nan	5.620000000000000000e+02	5.619999999999999440e-01	nan	1.283318369482344679e-02	2.156620729827749688e-02	2.793302804039777577e-03
nan	6.250000000000000000e+02	6.250000000000000000e-01	nan	1.526133828011211335e-02	2.129013911085585881e-02	2.795964418095791236e-03
nan	6.705000000000000000e+02	6.705000000000000959e-01	nan	1.547975776884413790e-02	1.805403873504662568e-02	2.793071165281718702e-03
nan	6.927500000000000000e+02	6.927499999999999769e-01	nan	1.978729619204955270e-02	2.050331867949852990e-02	2.861772947753323578e-03
nan	7.825000000000000000e+02	7.824999999999999734e-01	nan	1.862307737309265576e-02	1.820781292578750946e-02	2.768117921073815803e-03
nan	7.902500000000000000e+02	7.902499999999998970e-01	nan	2.045313721521324624e-02	1.967494418156409686e-02	2.659274448595186705e-03
nan	8.675000000000000000e+02	8.674999999999999378e-01	nan	2.082827728375491461e-02	1.829688873624395196e-02	2.739971523586456643e-03
nan	9.097500000000000000e+02	9.097499999999999476e-01	nan	2.407931264860962983e-02	1.871193934779528945e-02	2.828260886042888340e-03
nan	9.445000000000000000e+02	9.445000000000000062e-01	nan	2.495618326963722211e-02	2.176410254089884005e-02	2.852895368826518195e-03
nan	9.890000000000000000e+02	9.890000000000001013e-01	nan	2.679737194881681717e-02	1.900483917818688445e-02	2.872039074060287259e-03
nan	1.043250000000000000e+03	1.043250000000000011e+00	nan	2.809837140949866807e-02	1.986754629948110987e-02	2.809429376451804197e-03
nan	1.056750000000000000e+03	1.056750000000000078e+00	nan	3.254030431685350777e-02	1.808071087177582498e-02	2.773934249340588576e-03
nan	1.090000000000000000e+03	1.089999999999999858e+00	nan	3.129335478422490269e-02	1.911531341213961593e-02	2.872388440296219213e-03
nan	1.151250000000000000e+03	1.151249999999999885e+00	nan	3.729729520694036182e-02	1.696365208383876499e-02	2.846794848434721498e-03
nan	1.184000000000000000e+03	1.184000000000000163e+00	nan	3.596768948045792058e-02	1.734538157619010951e-02	2.861584353890245149e-03
nan	1.183250000000000000e+03	1.183250000000000135e+00	nan	3.395821310419933070e-02	1.658239307736758539e-02	2.825074241695868515e-03
nan	1.236250000000000000e+03	1.236250000000000071e+00	nan	4.172448181162735636e-02	1.681738187219788960e-02	2.849953438312386074e-03
nan	1.228750000000000000e+03	1.228750000000000009e+00	nan	3.854459992589909234e-02	1.723929854251129296e-02	2.854163097693019745e-03
nan	1.278000000000000000e+03	1.278000000000000025e+00	nan	4.251788349984053639e-02	1.687267364932973010e-02	2.802129960791948163e-03
nan	1.289250000000000000e+03	1.289250000000000007e+00	nan	4.584326832639362692e-02	1.735651018778985519e-02	2.873301513584163892e-03
nan	1.272500000000000000e+03	1.272500000000000187e+00	nan	4.569521107322316311e-02	1.786997205835620314e-02	2.849998623748854071e-03
nan	1.294500000000000000e+03	1.294499999999999984e+00	nan	4.727761707277977621e-02	1.656339546038870791e-02	2.877819958891211435e-03
nan	1.296250000000000000e+03	1.296250000000000124e+00	nan	5.001164408230351910e-02	1.691822290818951330e-02	2.782581608926490077e-03
nan	1.251750000000000000e+03	1.251750000000000140e+00	nan	5.527408804846345447e-02	1.702582943154494488e-02	2.863018562452990159e-03
nan	1.242500000000000000e+03	1.242500000000000160e+00	nan	5.565776537946476310e-02	1.477272062351410627e-02	2.845324719687151657e-03
nan	1.228250000000000000e+03	1.228250000000000064e+00	nan	5.705791450600372627e-02	1.572087627250425002e-02	2.823111957727896665e-03
nan	1.209250000000000000e+03	1.209250000000000158e+00	nan	5.867583118146058041e-02	1.553892228444949883e-02	2.805875874463124951e-03
nan	1.064750000000000000e+03	1.064750000000000085e+00	nan	6.144091934197604132e-02	1.510679115764503033e-02	2.861206639042381331e-03
nan	9.265000000000000000e+02	9.264999999999999902e-01	nan	6.606637112400903789e-02	1.440109565268402753e-02	2.759980934573674077e-03
nan	0.000000000000000000e+00	0.000000000000000000e+00	0.000000000000000000e+00	0.000000000000000000e+00	0.000000000000000000e+00	0.000000000000000000e+00
nan	0.000000000000000000e+00	0.000000000000000000e+00	0.000000000000000000e+00	0.000000000000000000e+00	0.000000000000000000e+00	0.000000000000000000e+00
nan	0.000000000000000000e+00	0.000000000000000000e+00	0.000000000000000000e+00	0.000000000000000000e+00	0.000000000000000000e+00	0.000000000000000000e+00
nan	nan	nan	nan	nan	nan	nan
nan	2.575000000000000000e+01	2.575000000000000205e-02	nan	5.866078501341674169e-03	3.557630543724914218e-02	1.793598594558773723e-03
nan	9.200000000000000000e+01	9.199999999999999845e-02	nan	6.162045380791483958e-03	2.745986556932369579e-02	2.068241942595904284e-03
nan	1.555000000000000000e+02	1.554999999999999993e-01	nan	5.335526361946563156e-03	2.051066432900094244e-02	2.270924223697532406e-03
nan	2.050000000000000000e+02	2.050000000000000155e-01	nan	7.306078424264228488e-03	2.446076321500029530e-02	2.763571462328354676e-03
nan	2.097500000000000000e+02	2.097499999999999920e-01	nan	7.472704943268126954e-03	2.080587554009383222e-02	2.493875282386249798e-03
nan	2.247500000000000000e+02	2.247500000000000053e-01	nan	7.620313038557924301e-03	1.905158477732259159e-02	2.558645520205917422e-03
nan	2.632500000000000000e+02	2.632499999999999840e-01	nan	9.035617836502751743e-03	1.673514745617114483e-02	2.802929058693727840e-03
nan	2.722500000000000000e+02	2.722499999999999920e-01	nan	1.075328777267259284e-02	1.953110241758210935e-02	2.615609473945307989e-03
nan	2.985000000000000000e+02	2.984999999999999876e-01	nan	1.323771211383473201e-02	1.912175462857909625e-02	2.717374154102895206e-03
nan	3.030000000000000000e+02	3.029999999999999916e-01	nan	1.165840381355565114e-02	1.800480586836591609e-02	2.686260949845824600e-03
nan	3.690000000000000000e+02	3.689999999999999392e-01	nan	1.560017044747041837e-02	1.925636995562391915e-02	2.767374726595049281e-03
nan	3.647500000000000000e+02	3.647500000000000187e-01	nan	1.388703260238344228e-02	2.033969567105788079e-02	2.618175812232673844e-03
nan	3.925000000000000000e+02	3.924999999999999600e-01	nan	1.618370286192316598e-02	1.923980863957301668e-02	2.663130716087621155e-03
nan	3.997500000000000000e+02	3.997499999999999387e-01	nan	1.779735032519624838e-02	1.742491994230209451e-02	2.568098457227560930e-03
nan	3.870000000000000000e+02	3.869999999999999551e-01	nan	1.857500211735896301e-02	1.941509295690432152e-02	2.711220583544064928e-03
nan	4.090000000000000000e+02	4.090000000000000302e-01	nan	2.033327317286648395e-02	1.755737203834695226e-02	2.676047725942710433e-03
nan	4.030000000000000000e+02	4.030000000000000249e-01	nan	1.921072253077227288e-02	1.699626940106904391e-02	2.548190683187349231e-03
nan	4.320000000000000000e+02	4.319999999999999396e-01	nan	2.063220271270438388e-02	1.921843538651547834e-02	2.789410845663278966e-03
nan	4.150000000000000000e+02	4.150000000000000355e-01	nan	2.144380739525786339e-02	1.963400323807136527e-02	2.712759979041154922e-03
nan	4.125000000000000000e+02	4.124999999999999778e-01	nan	2.372093316330392554e-02	1.735307967613869407e-02	2.774877639614756804e-03
nan	3.915000000000000000e+02	3.915000000000000147e-01	nan	2.199774223919348515e-02	1.498680202455075598e-02	2.752869436432742612e-03
nan	3.760000000000000000e+02	3.760000000000000009e-01	nan	2.688632517470068706e-02	1.489521594331207587e-02	2.413199643031172566e-03
nan	3.602500000000000000e+02	3.602500000000000702e-01	nan	2.654076994537035716e-02	1.630670560415516113e-02	2.835795031421728396e-03
nan	3.257500000000000000e+02	3.257499999999999840e-01	nan	2.585447306989863137e-02	1.673859360549162859e-02	2.666786532774577476e-03
nan	3.077500000000000000e+02	3.077499999999999680e-01	nan	3.024370921548324986e-02	1.521788511903184211e-02	2.816885099982466625e-03
nan	2.692500000000000000e+02	2.692499999999999893e-01	nan	2.796403764511978807e-02	1.268328989938563751e-02	2.078528507039964328e-03
nan	2.645000000000000000e+02	2.644999999999999574e-01	nan	3.413330235076728059e-02	1.624043376364388280e-02	2.658024141252421368e-03
nan	2.232500000000000000e+02	2.232499999999999762e-01	nan	2.983568481067777611e-02	1.198755259644004520e-02	2.655689382977318835e-03
nan	2.132500000000000000e+02	2.132499999999999951e-01	nan	3.666888876909979444e-02	1.374007590576177724e-02	2.580003204086205818e-03
nan	1.745000000000000000e+02	1.744999999999999885e-01	nan	4.107215837029798422e-02	1.352284326880730421e-02	2.342779368202176343e-03
nan	1.510000000000000000e+02	1.510000000000000231e-01	nan	3.440066222509585714e-02	1.643698023011650605e-02	2.543597298298616149e-03
nan	1.342500000000000000e+02	1.342500000000000082e-01	nan	3.409599496421833464e-02	1.561656446774636539e-02	2.616161261041138018e-03
nan	1.182500000000000000e+02	1.182499999999999940e-01	nan	3.825204012707672518e-02	1.382480371190413816e-02	2.521606129361315517e-03
nan	9.625000000000000000e+01	9.625000000000000222e-02	nan	4.172066288249254296e-02	1.654898639751610848e-02	2.201763793224631623e-03
nan	6.625000000000000000e+01	6.625000000000000333e-02	nan	4.651789724459402808e-02	1.829135244073650662e-02	1.944191692792361517e-03
nan	0.000000000000000000e+00	0.000000000000000000e+00	0.000000000000000000e+00	0.000000000000000000e+00	0.000000000000000000e+00	0.000000000000000000e+00
nan	6.250000000000000000e+01	6.250000000000000000e-02	nan	3.820501431604696446e-03	4.221304919902785224e-02	1.641367368500181020e-03
nan	7.800000000000000000e+01	7.799999999999999989e-02	nan	5.061400527538175223e-03	4.261070050371018603e-02	1.638251873960578460e-03
nan	1.657500000000000000e+02	1.657500000000000084e-01	nan	5.214687355646674405e-03	3.311434715952853158e-02	2.129963868697232112e-03
nan	1.925000000000000000e+02	1.925000000000000044e-01	nan	6.727936989676663870e-03	2.704162564208308778e-02	2.222492008198986586e-03
nan	2.620000000000000000e+02	2.620000000000000107e-01	nan	7.910130261592485112e-03	2.718643454222617606e-02	2.138242624343363301e-03
nan	3.320000000000000000e+02	3.319999999999999618e-01	nan	9.780020100961905882e-03	2.708516686619908548e-02	2.190030290758253340e-03
nan	3.605000000000000000e+02	3.604999999999999871e-01	nan	1.146821442232237587e-02	2.263141335593763653e-02	2.330267375274353708e-03
nan	3.892500000000000000e+02	3.892499999999999849e-01	nan	7.911660624060345981e-03	2.436545736766855541e-02	2.281250617386924862e-03
nan	4.162500000000000000e+02	4.162499999999999534e-01	nan	1.105566794237233808e-02	2.321974881137319618e-02	2.361389240227598427e-03
nan	4.522500000000000000e+02	4.522500000000000409e-01	nan	1.353499221593779112e-02	2.221622709708870325e-02	2.239523965198900179e-03
nan	5.107500000000000000e+02	5.107500000000000373e-01	nan	1.494690213655758271e-02	2.068647426908352960e-02	2.291471021015375423e-03
nan	5.560000000000000000e+02	5.560000000000000497e-01	nan	1.477723365491101504e-02	1.894531176701760161e-02	2.290759943399818185e-03
nan	5.995000000000000000e+02	5.995000000000000329e-01	nan	1.664997450009764179e-02	1.911757543457175135e-02	2.330966032659011200e-03
nan	6.325000000000000000e+02	6.324999999999999512e-01	nan	1.927845010209239263e-02	1.914416177525611260e-02	2.369053434136837027e-03
nan	6.572500000000000000e+02	6.572500000000000009e-01	nan	2.030586275844825650e-02	2.005833501696718119e-02	2.331203902539992837e-03
nan	7.230000000000000000e+02	7.229999999999998650e-01	nan	2.270258892002630091e-02	1.876382069348590115e-02	2.338150623318049730e-03
nan	7.615000000000000000e+02	7.614999999999999547e-01	nan	2.236881468459728239e-02	2.096618023070040415e-02	2.358017008108221572e-03
nan	7.797500000000000000e+02	7.797500000000000542e-01	nan	2.585982695075017546e-02	1.795965085070428194e-02	2.317360736346073605e-03
nan	8.432500000000000000e+02	8.432499999999999440e-01	nan	2.542128414779654122e-02	1.871596471228105518e-02	2.410142688580874278e-03
nan	8.592500000000000000e+02	8.592499999999999583e-01	nan	2.739780971944583143e-02	1.814886568974876171e-02	2.346626634398187722e-03
nan	9.052500000000000000e+02	9.052500000000001101e-01	nan	2.964932748955106945e-02	1.804553824771115006e-02	2.388379638594957232e-03
nan	9.285000000000000000e+02	9.285000000000001030e-01	nan	2.763973468194080851e-02	1.736055762107344483e-02	2.360349837758355176e-03
nan	9.142500000000000000e+02	9.142500000000001181e-01	nan	3.157074108116830757e-02	1.771391904788931562e-02	2.385036383003570799e-03
nan	9.690000000000000000e+02	9.689999999999998614e-01	nan	3.299177043766121642e-02	1.641019665662069721e-02	2.318745778283336310e-03
nan	1.009000000000000000e+03	1.009000000000000119e+00	nan	3.698965003081866598e-02	1.906331335072560668e-02	2.363050879493173387e-03
nan	1.013250000000000000e+03	1.013249999999999984e+00	nan	4.225084349121743799e-02	1.717482949488301214e-02	2.386425317420461621e-03
nan	1.020000000000000000e+03	1.020000000000000018e+00	nan	4.108329331154436659e-02	1.728705080667489180e-02	2.350775710763078861e-03
nan	1.091000000000000000e+03	1.090999999999999970e+00	nan	3.805970531760749509e-02	1.677629234260622285e-02	2.371022994267529393e-03
nan	1.066000000000000000e+03	1.065999999999999837e+00	nan	4.240603008850030164e-02	1.637585731655872429e-02	2.360248602990018280e-03
nan	1.086750000000000000e+03	1.086750000000000105e+00	nan	3.887741002563416259e-02	1.546428567409221903e-02	2.366982914133468688e-03
nan	1.065250000000000000e+03	1.065250000000000030e+00	nan	4.084624269859205015e-02	1.662877773859179273e-02	2.386040296761423457e-03
nan	1.054500000000000000e+03	1.054499999999999993e+00	nan	4.546268089103477905e-02	1.708248395522802415e-02	2.364295029348094032e-03
nan	1.094000000000000000e+03	1.093999999999999861e+00	nan	4.926293431111616883e-02	1.687109410722052033e-02	2.428121170038737529e-03
nan	1.046250000000000000e+03	1.046249999999999902e+00	nan	4.263812577102044088e-02	1.591963272758349299e-02	2.251531034626262986e-03
nan	1.042250000000000000e+03	1.042249999999999899e+00	nan	4.749348145566045787e-02	1.656403289077388458e-02	2.329776174267275939e-03
nan	9.867500000000000000e+02	9.867500000000000160e-01	nan	5.654727040405305161e-02	1.646362479512850432e-02	2.370971563894903357e-03
nan	9.075000000000000000e+02	9.075000000000000844e-01	nan	5.287694483234872678e-02	1.392497759508637412e-02	2.345363803906112300e-03
nan	7.795000000000000000e+02	7.794999999999999707e-01	nan	6.020293279743782477e-02	1.456606994187135788e-02	2.280871021681812882e-03
nan	0.000000000000000000e+00	0.000000000000000000e+00	0.000000000000000000e+00	0.000000000000000000e+00	0.000000000000000000e+00	0.000000000000000000e+00
nan	0.000000000000000000e+00	0.000000000000000000e+00	0.000000000000000000e+00	0.000000000000000000e+00	0.000000000000000000e+00	0.000000000000000000e+00
nan	0.000000000000000000e+00	0.000000000000000000e+00	0.000000000000000000e+00	0.000000000000000000e+00	0.000000000000000000e+00	0.000000000000000000e+00
nan	2.500000000000000000e+00	2.500000000000000052e-03	nan	2.918488911076998031e-03	1.874484178578286406e-02	1.332350822349665518e-03
nan	2.000000000000000000e+01	2.000000000000000042e-02	nan	5.804773006882373194e-03	3.809891763200328602e-02	1.638225759583170548e-03
nan	8.000000000000000000e+01	8.000000000000000167e-02	nan	6.617176292061620335e-03	3.053680760894764493e-02	1.677604870545833411e-03
nan	1.345000000000000000e+02	1.345000000000000084e-01	nan	5.526782737177882154e-03	1.961712649205505504e-02	2.031362154714804000e-03
nan	1.740000000000000000e+02	1.740000000000000158e-01	nan	6.891506098753552578e-03	2.558647031656618651e-02	1.735873130972852329e-03
nan	1.710000000000000000e+02	1.709999999999999853e-01	nan	7.244567460404027770e-03	2.159215605219998516e-02	2.176121660118926146e-03
nan	1.875000000000000000e+02	1.875000000000000000e-01	nan	9.103826329038611220e-03	2.076342336434462699e-02	1.888260842076914603e-03
nan	2.125000000000000000e+02	2.124999999999999667e-01	nan	1.008588380136643536e-02	2.197156091255174012e-02	1.650577917329499114e-03
nan	2.297500000000000000e+02	2.297499999999999820e-01	nan	9.607472130454652870e-03	1.907081366171031744e-02	2.055996909179813505e-03
nan	2.480000000000000000e+02	2.479999999999999982e-01	nan	8.523759140558695435e-03	1.825471512289503911e-02	2.293069089036552013e-03
nan	2.592500000000000000e+02	2.592499999999999805e-01	nan	1.251060228753431147e-02	1.856138720279187221e-02	2.161861502901425529e-03
nan	2.640000000000000000e+02	2.640000000000000124e-01	nan	1.274106323290880027e-02	1.624907048297500808e-02	2.197014416642946878e-03
nan	3.132500000000000000e+02	3.132500000000000284e-01	nan	1.202902502365077453e-02	1.711812224925154252e-02	2.311170829828240389e-03
nan	3.055000000000000000e+02	3.054999999999999938e-01	nan	1.651682090820827398e-02	1.609817162337141838e-02	2.117913770998984188e-03
nan	3.172500000000000000e+02	3.172500000000000320e-01	nan	1.624377697353907024e-02	1.807600143886647220e-02	2.275545440649940493e-03
nan	3.442500000000000000e+02	3.442499999999999449e-01	nan	1.758589921348630014e-02	1.581528593693543039e-02	1.997233863616412492e-03
nan	3.397500000000000000e+02	3.397500000000000520e-01	nan	1.900159883047081166e-02	1.689583928197801663e-02	2.237174520209106888e-03
nan	3.470000000000000000e+02	3.470000000000000306e-01	nan	1.885825993730350092e-02	1.938498120933640489e-02	1.950107187404827519e-03
nan	3.417500000000000000e+02	3.417499999999999982e-01	nan	2.126718068018362828e-02	1.507052673093888309e-02	2.195067714448111114e-03
nan	3.522500000000000000e+02	3.522499999999999520e-01	nan	1.921191058750082448e-02	1.842056416243062836e-02	2.229081704001755274e-03
nan	3.425000000000000000e+02	3.424999999999999711e-01	nan	1.925576948337948124e-02	1.896448256998178178e-02	2.213428866730595638e-03
nan	3.372500000000000000e+02	3.372500000000000497e-01	nan	2.524818490394409309e-02	1.761687761369826535e-02	2.235481368273347681e-03
nan	3.115000000000000000e+02	3.114999999999999991e-01	nan	2.480787283172958269e-02	1.676253874575980851e-02	2.270419348657510498e-03
nan	2.870000000000000000e+02	2.869999999999999774e-01	nan	2.286373153060594632e-02	1.537102111326508341e-02	2.211483642247647624e-03
nan	2.617500000000000000e+02	2.617499999999999827e-01	nan	2.376986559420402045e-02	1.721764746605699767e-02	2.324595401888404113e-03
nan	2.455000000000000000e+02	2.454999999999999960e-01	nan	2.756192004716240262e-02	1.490908533844322210e-02	2.066260223066235507e-03
nan	2.207500000000000000e+02	2.207500000000000018e-01	nan	2.645319115265465371e-02	1.629538634031551386e-02	2.211039594016058277e-03
nan	2.025000000000000000e+02	2.025000000000000133e-01	nan	2.587274716404408537e-02	1.392025775911372339e-02	1.948551895249225636e-03
nan	1.917500000000000000e+02	1.917500000000000315e-01	nan	2.489344190632891696e-02	1.466534419973398833e-02	2.135176401715633762e-03
nan	1.657500000000000000e+02	1.657500000000000084e-01	nan	3.177371637497117263e-02	1.625892814523663063e-02	1.702527156097994460e-03
nan	1.570000000000000000e+02	1.570000000000000007e-01	nan	2.760972985595344653e-02	1.232743769133693920e-02	1.694122354671100594e-03
nan	1.250000000000000000e+02	1.250000000000000000e-01	nan	2.759176865964718672e-02	1.425860195693726476e-02	1.858353566398315273e-03
nan	1.095000000000000000e+02	1.094999999999999862e-01	nan	3.284065806248060576e-02	1.991146555097468573e-02	1.376175882479606632e-03
nan	8.925000000000000000e+01	8.924999999999999600e-02	nan	3.784347351882922511e-02	1.725005591617506315e-02	1.818232329997655425e-03
nan	7.875000000000000000e+01	7.875000000000000056e-02	nan	4.355082314203168742e-02	1.858614027734768054e-02	1.716711920035671017e-03
nan	6.475000000000000000e+01	6.475000000000000200e-02	nan	4.483591623553807859e-02	1.842585204912276786e-02	1.657550796562027532e-03
