# SourcePhotonFlux	NumberRaysSurvived	PercentageRaysSurvived	PhotonFlux	Bandwidth	HorizontalFocusFWHM	VerticalFocusFWHM
nan	2.500000000000000000e+04	2.500000000000000000e+01	nan	2.494993357632235842e-02	2.664112653191498883e-02	2.633559406074866341e-02
nan	2.500000000000000000e+04	2.500000000000000000e+01	nan	3.724726291452640226e-02	2.279792353635151647e-02	2.031674246073600365e-02
nan	2.500000000000000000e+04	2.500000000000000000e+01	nan	4.994458659770728559e-02	2.066808622788603861e-02	1.843636242467439415e-02
nan	2.500000000000000000e+04	2.500000000000000000e+01	nan	6.239688195471870813e-02	1.863604873701351153e-02	1.688800991241914268e-02
nan	2.500000000000000000e+04	2.500000000000000000e+01	nan	7.484102498877120979e-02	1.787827980214961796e-02	1.493049313883595269e-02
nan	2.500000000000000000e+04	2.500000000000000000e+01	nan	8.723682645572594652e-02	1.577754405752011813e-02	1.387029274028288989e-02
nan	2.500000000000000000e+04	2.500000000000000000e+01	nan	9.972250696346307564e-02	1.568166277799935143e-02	1.303521109587609493e-02
nan	2.500000000000000000e+04	2.500000000000000000e+01	nan	1.122570279050663089e-01	1.484466449553596343e-02	1.246086263071382455e-02
nan	2.500000000000000000e+04	2.500000000000000000e+01	nan	1.248360407971809138e-01	1.494370933239898454e-02	1.148770774097771299e-02
nan	2.500000000000000000e+04	2.500000000000000000e+01	nan	1.369113172053744165e-01	1.381492683202902375e-02	1.128086447113172894e-02
nan	2.500000000000000000e+04	2.500000000000000000e+01	nan	1.499037726649277147e-01	1.438433794277590473e-02	1.092146805809534119e-02
nan	2.500000000000000000e+04	2.500000000000000000e+01	nan	1.622689892009390178e-01	1.357267614904911386e-02	1.054639672359408697e-02
nan	2.500000000000000000e+04	2.500000000000000000e+01	nan	1.744505593388581133e-01	1.284476972700131919e-02	9.919010624103779747e-03
nan	2.500000000000000000e+04	2.500000000000000000e+01	nan	1.872102389354921570e-01	1.337667145245047609e-02	9.371938231761854296e-03
nan	2.500000000000000000e+04	2.500000000000000000e+01	nan	1.997779226500000505e-01	1.314743448440075513e-02	9.271115820432081558e-03
nan	2.500000000000000000e+04	2.500000000000000000e+01	nan	2.123649455357679017e-01	1.255478904791283712e-02	8.944146047578937359e-03
nan	2.500000000000000000e+04	2.500000000000000000e+01	nan	2.245782243393676936e-01	1.281011944172933195e-02	8.623973905053828812e-03
nan	2.500000000000000000e+04	2.500000000000000000e+01	nan	2.373295759332734178e-01	1.289333263912181490e-02	8.511504709896363513e-03
nan	2.500000000000000000e+04	2.500000000000000000e+01	nan	2.494381405909535943e-01	1.208667237833497068e-02	8.744211213565718926e-03
nan	2.500000000000000000e+04	2.500000000000000000e+01	nan	2.408601091896665214e-01	1.182024631572724076e-02	7.839257210217095984e-03
nan	2.500000000000000000e+04	2.500000000000000000e+01	nan	2.738776052910196768e-01	1.197057129345656737e-02	8.306476678891998311e-03
nan	2.500000000000000000e+04	2.500000000000000000e+01	nan	2.865258499655567448e-01	1.243580164110238452e-02	8.079989357222285701e-03
nan	2.500000000000000000e+04	2.500000000000000000e+01	nan	2.989537635410215444e-01	1.147278710538960668e-02	7.918994654573838221e-03
nan	2.500000000000000000e+04	2.500000000000000000e+01	nan	3.122848394057768928e-01	1.213127042586387150e-02	7.607921086511398000e-03
nan	2.500000000000000000e+04	2.500000000000000000e+01	nan	3.243575172041488486e-01	1.175245880871786559e-02	7.257887742338374124e-03
nan	2.500000000000000000e+04	2.500000000000000000e+01	nan	3.372177457367513398e-01	1.103876815441682743e-02	7.239621742357790594e-03
nan	2.500000000000000000e+04	2.500000000000000000e+01	nan	3.497741924510648914e-01	1.117333624964391564e-02	7.474627682372061814e-03
nan	2.500000000000000000e+04	2.500000000000000000e+01	nan	3.622868783035499973e-01	1.117107397904151464e-02	7.405849550358118392e-03
nan	2.500000000000000000e+04	2.500000000000000000e+01	nan	3.745878482306181922e-01	1.117077763807143923e-02	6.744908430042797359e-03
nan	2.500000000000000000e+04	2.500000000000000000e+01	nan	3.872576223613464208e-01	1.097324334645340300e-02	6.646785482789158150e-03
nan	2.500000000000000000e+04	2.500000000000000000e+01	nan	3.994644634827722030e-01	1.073257004444482660e-02	6.573174862954665396e-03
nan	2.500000000000000000e+04	2.500000000000000000e+01	nan	4.116712026469144803e-01	1.084037329231823249e-02	6.507587863820298718e-03
nan	2.500000000000000000e+04	2.500000000000000000e+01	nan	4.245114624103081269e-01	1.077726682872330935e-02	6.640974174528318889e-03
nan	2.500000000000000000e+04	2.500000000000000000e+01	nan	4.369716168413617652e-01	1.111640305209649938e-02	6.483947529607213441e-03
nan	2.500000000000000000e+04	2.500000000000000000e+01	nan	4.489340686005363068e-01	1.099889804214191844e-02	6.495390005315897219e-03
nan	2.500000000000000000e+04	2.500000000000000000e+01	nan	4.621159440983149125e-01	1.109667118310440903e-02	6.087006258126656175e-03
nan	2.500000000000000000e+04	2.500000000000000000e+01	nan	4.734711937686029160e-01	1.098117613938903378e-02	5.976430684257487934e-03
nan	2.500000000000000000e+04	2.500000000000000000e+01	nan	4.839300954080982820e-01	1.039977076775426904e-02	5.893624853946397187e-03
nan	2.500000000000000000e+04	2.500000000000000000e+01	nan	4.987822033894104834e-01	1.136638492139415216e-02	6.166571546678819432e-03
nan	2.500000000000000000e+04	2.500000000000000000e+01	nan	2.496234723166512737e-02	2.768477919413345201e-02	2.554530535704291339e-02
nan	2.500000000000000000e+04	2.500000000000000000e+01	nan	3.744596473438299711e-02	2.400238777084937394e-02	2.074357380097550246e-02
nan	2.500000000000000000e+04	2.500000000000000000e+01	nan	4.988453905633605245e-02	2.082960557278879660e-02	1.885031469974565027e-02
nan	2.500000000000000000e+04	2.500000000000000000e+01	nan	6.244412573651203502e-02	1.868909138253547694e-02	1.694230382518082528e-02
nan	2.500000000000000000e+04	2.500000000000000000e+01	nan	7.478971239784826253e-02	1.685874295810287776e-02	1.500193149274900613e-02
nan	2.500000000000000000e+04	2.500000000000000000e+01	nan	8.741047467933782400e-02	1.697848240288838892e-02	1.390441135680407780e-02
nan	2.500000000000000000e+04	2.500000000000000000e+01	nan	9.984335195747462421e-02	1.564411396628067122e-02	1.281358643904497580e-02
nan	2.500000000000000000e+04	2.500000000000000000e+01	nan	1.119768548473061287e-01	1.500707018833056898e-02	1.227732516489550216e-02
nan	2.500000000000000000e+04	2.500000000000000000e+01	nan	1.247015185676403348e-01	1.501343645597460162e-02	1.203847811032534611e-02
nan	2.500000000000000000e+04	2.500000000000000000e+01	nan	1.373508333165673889e-01	1.354180947741669139e-02	1.116019910492715636e-02
nan	2.500000000000000000e+04	2.500000000000000000e+01	nan	1.498955446175358475e-01	1.424487448760902719e-02	1.065260763756905801e-02
nan	2.500000000000000000e+04	2.500000000000000000e+01	nan	1.616521355956166417e-01	1.388779131704170541e-02	1.022380856625677847e-02
nan	2.500000000000000000e+04	2.500000000000000000e+01	nan	1.747459930752981450e-01	1.383085608263094970e-02	9.558285712036370535e-03
nan	2.500000000000000000e+04	2.500000000000000000e+01	nan	1.871728184647949433e-01	1.291623402812936208e-02	9.072108971880210593e-03
nan	2.500000000000000000e+04	2.500000000000000000e+01	nan	1.995416454918768068e-01	1.313496121867829824e-02	9.319909683647500942e-03
nan	2.500000000000000000e+04	2.500000000000000000e+01	nan	2.123627974363770932e-01	1.196892850027664323e-02	9.167063624454869358e-03
nan	2.500000000000000000e+04	2.500000000000000000e+01	nan	2.247254119622255075e-01	1.219280773840743758e-02	8.682589842424622353e-03
nan	2.500000000000000000e+04	2.500000000000000000e+01	nan	2.371705089422988522e-01	1.269165355470201068e-02	8.751519323053949181e-03
nan	2.500000000000000000e+04	2.500000000000000000e+01	nan	2.497348184366217083e-01	1.221641134073087227e-02	8.541229866989477615e-03
nan	2.500000000000000000e+04	2.500000000000000000e+01	nan	2.618945887928418870e-01	1.195800150668604317e-02	7.806079838334581064e-03
nan	2.500000000000000000e+04	2.500000000000000000e+01	nan	2.737312120416817152e-01	1.176038586529952641e-02	7.790420240467688454e-03
nan	2.500000000000000000e+04	2.500000000000000000e+01	nan	2.867209841579096974e-01	1.165517383691375836e-02	7.961604531110192881e-03
nan	2.500000000000000000e+04	2.500000000000000000e+01	nan	2.997154778252308915e-01	1.164828327220379135e-02	7.537797227016565862e-03
nan	2.500000000000000000e+04	2.500000000000000000e+01	nan	3.104539815451943241e-01	1.179389037226379229e-02	7.476745027587829509e-03
nan	2.500000000000000000e+04	2.500000000000000000e+01	nan	3.242850905710383813e-01	1.100448688968988335e-02	7.289989455205661550e-03
nan	2.500000000000000000e+04	2.500000000000000000e+01	nan	3.365492227658819502e-01	1.098903918333890735e-02	7.381071107589632849e-03
nan	2.500000000000000000e+04	2.500000000000000000e+01	nan	3.493720122635437519e-01	1.147226294431541796e-02	7.452923855549194176e-03
nan	2.500000000000000000e+04	2.500000000000000000e+01	nan	3.617029927437585002e-01	1.131464700234629389e-02	7.005092883425963549e-03
nan	2.500000000000000000e+04	2.500000000000000000e+01	nan	3.745874532505268917e-01	1.158462895827631900e-02	7.044485611743743839e-03
nan	2.500000000000000000e+04	2.500000000000000000e+01	nan	3.869908163762261211e-01	1.140297881696898316e-02	6.560976641735044058e-03
nan	2.500000000000000000e+04	2.500000000000000000e+01	nan	3.994808650025447605e-01	1.189124661353787790e-02	6.742173611950360787e-03
nan	2.500000000000000000e+04	2.500000000000000000e+01	nan	3.789671171048981102e-01	1.125621385404181052e-02	6.250019501741010605e-03
nan	2.500000000000000000e+04	2.500000000000000000e+01	nan	4.232079826841470549e-01	1.110286146832392684e-02	6.784789172207709301e-03
nan	2.500000000000000000e+04	2.500000000000000000e+01	nan	4.369195050355472176e-01	1.095523688043887993e-02	6.467076083976883161e-03
nan	2.500000000000000000e+04	2.500000000000000000e+01	nan	4.130423625179226454e-01	1.031755893402034122e-02	6.114173959485921794e-03
nan	2.500000000000000000e+04	2.500000000000000000e+01	nan	4.616089431219592143e-01	1.116455613696764985e-02	6.232531890713053149e-03
nan	2.500000000000000000e+04	2.500000000000000000e+01	nan	4.742996437678925759e-01	1.042892823134897000e-02	6.059317559547751711e-03
nan	2.500000000000000000e+04	2.500000000000000000e+01	nan	4.865011009851656354e-01	1.060549841827686419e-02	5.996185485095416323e-03
nan	2.500000000000000000e+04	2.500000000000000000e+01	nan	4.994206889598018506e-01	1.040650023627162288e-02	5.690144332046350763e-03
nan	2.500000000000000000e+04	2.500000000000000000e+01	nan	2.498118146851169286e-02	2.620843311327125669e-02	2.529396412733726091e-02
nan	2.500000000000000000e+04	2.500000000000000000e+01	nan	3.735413376638518912e-02	2.245340023516328998e-02	2.116172596020191726e-02
nan	2.500000000000000000e+04	2.500000000000000000e+01	nan	4.993205696009184180e-02	2.016729129134692960e-02	1.951947308636784589e-02
nan	2.500000000000000000e+04	2.500000000000000000e+01	nan	6.243466027685862230e-02	1.936373527897859714e-02	1.684087219983256001e-02
nan	2.500000000000000000e+04	2.500000000000000000e+01	nan	7.482471943079005428e-02	1.667203726239318770e-02	1.478651046211148200e-02
nan	2.500000000000000000e+04	2.500000000000000000e+01	nan	8.739878204965734199e-02	1.595003011722145869e-02	1.400185089558983811e-02
nan	2.500000000000000000e+04	2.500000000000000000e+01	nan	9.191699663495947470e-02	1.524412621167962195e-02	1.358773405171606781e-02
nan	2.500000000000000000e+04	2.500000000000000000e+01	nan	1.122819486915815901e-01	1.511466564045157307e-02	1.232063481622459530e-02
nan	2.500000000000000000e+04	2.500000000000000000e+01	nan	1.248242988714984847e-01	1.534931846881060387e-02	1.152359772942331342e-02
nan	2.500000000000000000e+04	2.500000000000000000e+01	nan	1.372698200367850063e-01	1.406462171802972880e-02	1.114542962099794240e-02
nan	2.500000000000000000e+04	2.500000000000000000e+01	nan	1.496402127938054605e-01	1.411397841754077551e-02	1.089295875316693453e-02
nan	2.500000000000000000e+04	2.500000000000000000e+01	nan	1.622864366862586394e-01	1.311440936082094999e-02	9.727208996250503309e-03
nan	2.500000000000000000e+04	2.500000000000000000e+01	nan	1.746778604824683612e-01	1.306570092205504990e-02	1.016450537410028623e-02
nan	2.500000000000000000e+04	2.500000000000000000e+01	nan	1.865145172275646246e-01	1.379913424003371449e-02	9.633202868746023467e-03
nan	2.500000000000000000e+04	2.500000000000000000e+01	nan	1.997602065121881765e-01	1.285325731518754781e-02	9.623918653137879253e-03
nan	2.500000000000000000e+04	2.500000000000000000e+01	nan	2.122156273557962436e-01	1.310879295329856961e-02	9.049983228199397906e-03
nan	2.500000000000000000e+04	2.500000000000000000e+01	nan	2.247397523177312451e-01	1.272331113714932072e-02	8.806114110761932914e-03
nan	2.500000000000000000e+04	2.500000000000000000e+01	nan	2.181942236611213171e-01	1.234692342397240676e-02	8.369039398686144854e-03
nan	2.500000000000000000e+04	2.500000000000000000e+01	nan	2.494997552212083747e-01	1.215145364199895009e-02	8.041622515663539653e-03
nan	2.500000000000000000e+04	2.500000000000000000e+01	nan	2.620181217971975229e-01	1.167442058282269941e-02	7.856295290842035470e-03
nan	2.500000000000000000e+04	2.500000000000000000e+01	nan	2.746283129411040136e-01	1.175681451657792712e-02	7.725739372574013872e-03
nan	2.500000000000000000e+04	2.500000000000000000e+01	nan	2.853604985143221029e-01	1.114864552525093172e-02	7.359268033012071782e-03
nan	2.500000000000000000e+04	2.500000000000000000e+01	nan	2.997333022584030005e-01	1.209706851931630078e-02	7.333747256276901445e-03
nan	2.500000000000000000e+04	2.500000000000000000e+01	nan	3.117856162425169941e-01	1.114939222860686710e-02	6.961535393789467646e-03
nan	2.500000000000000000e+04	2.500000000000000000e+01	nan	3.238642403632496780e-01	1.096381352367761276e-02	7.286479250968917742e-03
nan	2.500000000000000000e+04	2.500000000000000000e+01	nan	3.097460349287968207e-01	1.128466280535549496e-02	7.473885405653523349e-03
nan	2.500000000000000000e+04	2.500000000000000000e+01	nan	3.497657027541691832e-01	1.107903294558953457e-02	7.028583825481280259e-03
nan	2.500000000000000000e+04	2.500000000000000000e+01	nan	3.619185881653379511e-01	1.109254267521612297e-02	6.880646183573644811e-03
nan	2.500000000000000000e+04	2.500000000000000000e+01	nan	3.745088813066814737e-01	1.108057450366300989e-02	6.728068273526921841e-03
nan	2.500000000000000000e+04	2.500000000000000000e+01	nan	3.861851789441175242e-01	1.135476242729118075e-02	6.479389936585490048e-03
nan	2.500000000000000000e+04	2.500000000000000000e+01	nan	3.995842166809069340e-01	1.077080322642647026e-02	6.603689535038120839e-03
nan	2.500000000000000000e+04	2.500000000000000000e+01	nan	4.083310946387541662e-01	1.155846928930997185e-02	6.418150629304311856e-03
nan	2.500000000000000000e+04	2.500000000000000000e+01	nan	4.246000449285389777e-01	1.151914006794943664e-02	6.485205302099923165e-03
nan	2.500000000000000000e+04	2.500000000000000000e+01	nan	4.364843088018375283e-01	1.025027926901402042e-02	6.486686957183919119e-03
nan	2.500000000000000000e+04	2.500000000000000000e+01	nan	4.495799954378156826e-01	1.033706885644990192e-02	6.179831023308425715e-03
nan	2.500000000000000000e+04	2.500000000000000000e+01	nan	4.619141492429719165e-01	1.055208904640252826e-02	5.988350014240991989e-03
nan	2.500000000000000000e+04	2.500000000000000000e+01	nan	4.743099490923867734e-01	1.061310655199663999e-02	6.024264850692779769e-03
nan	2.500000000000000000e+04	2.500000000000000000e+01	nan	4.868072958725377930e-01	1.109502796708095387e-02	6.125265318703559600e-03
nan	2.500000000000000000e+04	2.500000000000000000e+01	nan	4.996595015737597123e-01	1.035829336311129556e-02	5.833743921429628519e-03
nan	2.500000000000000000e+04	2.500000000000000000e+01	nan	2.497992521714209602e-02	2.730360302809682962e-02	2.591354756566813938e-02
nan	2.500000000000000000e+04	2.500000000000000000e+01	nan	3.740635796927627155e-02	2.280942877975913538e-02	2.179659281310882685e-02
nan	2.500000000000000000e+04	2.500000000000000000e+01	nan	4.994715447505271300e-02	2.020908616858305834e-02	1.846156506375367864e-02
nan	2.500000000000000000e+04	2.500000000000000000e+01	nan	6.241872644664958614e-02	1.885102851535284951e-02	1.661396064732282088e-02
nan	2.500000000000000000e+04	2.500000000000000000e+01	nan	7.492497290685307121e-02	1.705890221988938527e-02	1.492876963187549089e-02
nan	2.500000000000000000e+04	2.500000000000000000e+01	nan	8.736718078412053501e-02	1.614329350082311862e-02	1.409522727174839819e-02
nan	2.500000000000000000e+04	2.500000000000000000e+01	nan	9.990010820219197285e-02	1.576854373866511810e-02	1.266457489215646812e-02
nan	2.500000000000000000e+04	2.500000000000000000e+01	nan	1.122948104969410110e-01	1.545609158408622549e-02	1.260585265768276661e-02
nan	2.500000000000000000e+04	2.500000000000000000e+01	nan	1.249248404267824242e-01	1.458664122480253858e-02	1.191624688223183806e-02
nan	2.500000000000000000e+04	2.500000000000000000e+01	nan	1.373279155603270851e-01	1.431571675254122988e-02	1.138264539192987077e-02
nan	2.500000000000000000e+04	2.500000000000000000e+01	nan	1.495882523798570674e-01	1.397853559308237688e-02	1.051124788908527202e-02
nan	2.500000000000000000e+04	2.500000000000000000e+01	nan	1.620162059468128746e-01	1.365338020326595410e-02	1.025782211186042694e-02
nan	2.500000000000000000e+04	2.500000000000000000e+01	nan	1.747702167326679046e-01	1.367039124837157900e-02	1.025062639342964009e-02
nan	2.500000000000000000e+04	2.500000000000000000e+01	nan	1.873395455582169689e-01	1.350162711105498160e-02	9.725616470299260768e-03
nan	2.500000000000000000e+04	2.500000000000000000e+01	nan	1.994091030146805110e-01	1.217158666474890336e-02	9.268579569863617112e-03
nan	2.500000000000000000e+04	2.500000000000000000e+01	nan	2.119975799654554294e-01	1.259035578310548943e-02	9.184783231963035768e-03
nan	2.500000000000000000e+04	2.500000000000000000e+01	nan	2.239022550276885681e-01	1.286291384160994158e-02	8.996313821992736603e-03
nan	2.500000000000000000e+04	2.500000000000000000e+01	nan	2.367968332266485731e-01	1.234756260437051660e-02	8.783305352861762311e-03
nan	2.500000000000000000e+04	2.500000000000000000e+01	nan	2.496103670299163468e-01	1.199830387097586097e-02	8.195596368812091415e-03
nan	2.500000000000000000e+04	2.500000000000000000e+01	nan	2.622605144420475654e-01	1.190671013957517524e-02	8.632702234063059643e-03
nan	2.500000000000000000e+04	2.500000000000000000e+01	nan	2.748268767273316371e-01	1.187671060100034190e-02	7.925805995661557718e-03
nan	2.500000000000000000e+04	2.500000000000000000e+01	nan	2.867446328289702251e-01	1.133498546685184939e-02	8.364828579016528667e-03
nan	2.500000000000000000e+04	2.500000000000000000e+01	nan	2.997534957835199521e-01	1.180761834518466273e-02	7.558588172345045986e-03
nan	2.500000000000000000e+04	2.500000000000000000e+01	nan	3.120288291069499564e-01	1.160114389368318774e-02	7.680266935158688163e-03
nan	2.500000000000000000e+04	2.500000000000000000e+01	nan	2.982586586544522245e-01	1.146334278114745364e-02	7.575385833845750712e-03
nan	2.500000000000000000e+04	2.500000000000000000e+01	nan	3.101083799581224598e-01	1.173830103458983927e-02	7.063587435172779400e-03
nan	2.500000000000000000e+04	2.500000000000000000e+01	nan	3.497605346677374882e-01	1.105759109363462292e-02	6.954927012191221627e-03
nan	2.500000000000000000e+04	2.500000000000000000e+01	nan	3.621737558999740259e-01	1.072666600507216940e-02	6.927325444831076290e-03
nan	2.500000000000000000e+04	2.500000000000000000e+01	nan	3.746953840976345873e-01	1.076445914257022698e-02	7.046512200244920039e-03
nan	2.500000000000000000e+04	2.500000000000000000e+01	nan	3.858665197995208018e-01	1.153622013848368613e-02	6.833603541440628169e-03
nan	2.500000000000000000e+04	2.500000000000000000e+01	nan	3.991702761019269019e-01	1.159242192235185320e-02	6.442490216234103909e-03
nan	2.500000000000000000e+04	2.500000000000000000e+01	nan	4.118206032377003112e-01	1.103470747895013079e-02	6.710287713644711577e-03
nan	2.500000000000000000e+04	2.500000000000000000e+01	nan	4.244121771062907555e-01	1.076214069279594725e-02	6.361270989672610822e-03
nan	2.500000000000000000e+04	2.500000000000000000e+01	nan	4.369441759787520141e-01	1.060785984249962462e-02	6.429570530091710881e-03
nan	2.500000000000000000e+04	2.500000000000000000e+01	nan	4.495199335711959066e-01	1.085615377054512803e-02	6.223473890700764212e-03
nan	2.500000000000000000e+04	2.500000000000000000e+01	nan	4.615393624918624482e-01	1.094261024591373574e-02	5.978545667331091468e-03
nan	2.500000000000000000e+04	2.500000000000000000e+01	nan	4.743327280386040457e-01	1.043303714432877727e-02	5.896489789047477080e-03
nan	2.500000000000000000e+04	2.500000000000000000e+01	nan	4.869604671149545538e-01	1.082876032659699228e-02	5.899116373155231796e-03
nan	2.500000000000000000e+04	2.500000000000000000e+01	nan	4.994829013343178303e-01	1.093891884889341623e-02	6.184978517093185808e-03
