Simulation Number ExitSlit.totalHeight Dipole.photonEnergy PG.orderDiffraction Dipole.numberRays PG.cFactor
0                 0.1                  500                 2                   100000.0          1.191432847537555
1                  0.1                  1000                2                   100000.0           1.4245703315395712
2                  0.1                  1500                2                   100000.0           1.7093389082243329
3                  0.1                  2000                2                   100000.0           2.0641639044697118
4                  0.1                  2500                2                   100000.0           2.5118137811320644
5                  0.1                  3000                2                   100000.0           3.0668427013872974
6                 0.1                  3500                2                   100000.0          3.797208992452417
7                 0.1                  4000                2                   100000.0          4.645923194002247
8                 0.1                  4500                2                   100000.0          5.546693824604396
9                 0.1                  5000                2                   100000.0          6.092590039420309
