# SourcePhotonFlux	NumberRaysSurvived	PercentageRaysSurvived	PhotonFlux	Bandwidth	HorizontalFocusFWHM	VerticalFocusFWHM
nan	nan	nan	nan	nan	nan	nan
nan	6.000000000000000000e+00	6.000000000000000125e-03	nan	1.701474150389943596e-02	1.220385100654655490e-02	2.212695583526232308e-03
nan	nan	nan	nan	nan	nan	nan
nan	6.000000000000000000e+00	6.000000000000000125e-03	nan	1.855863362818080745e-02	1.063408149853277765e-02	2.547617768794671004e-03
nan	1.075000000000000000e+01	1.074999999999999914e-02	nan	2.302602625539354811e-02	1.480565050721663681e-02	2.233881903040036906e-03
nan	1.450000000000000000e+01	1.449999999999999900e-02	nan	3.693890913756530531e-02	1.358665118883694949e-02	2.730718229143561798e-03
nan	1.825000000000000000e+01	1.825000000000000233e-02	nan	4.770554743470462739e-02	1.279988403962421112e-02	2.713623397083484226e-03
nan	2.375000000000000000e+01	2.375000000000000375e-02	nan	4.312770226312916816e-02	1.407530268210948829e-02	2.689451767409898903e-03
nan	2.975000000000000000e+01	2.974999999999999867e-02	nan	5.267291800014609754e-02	1.290723775370108267e-02	2.739841805919194899e-03
nan	3.350000000000000000e+01	3.350000000000000200e-02	nan	5.583037722989273727e-02	1.245919177043029735e-02	2.606383301267078435e-03
nan	4.700000000000000000e+01	4.700000000000000011e-02	nan	6.527664751422307399e-02	1.291844754991583986e-02	2.713086785596956381e-03
nan	4.925000000000000000e+01	4.925000000000000211e-02	nan	6.871586034972490542e-02	1.207904066747982931e-02	2.723753645110611396e-03
nan	5.900000000000000000e+01	5.899999999999999689e-02	nan	7.551120095904759189e-02	1.198547522483422653e-02	2.750929945758460744e-03
nan	6.375000000000000000e+01	6.375000000000000111e-02	nan	7.515209204485399919e-02	1.289114975394210598e-02	2.611861583082011537e-03
nan	7.425000000000000000e+01	7.424999999999999656e-02	nan	8.283158131912789213e-02	1.246873895420732778e-02	2.685296799570574891e-03
nan	7.100000000000000000e+01	7.100000000000000755e-02	nan	9.063119940856112500e-02	1.286238738766008922e-02	2.571612858821070713e-03
nan	8.575000000000000000e+01	8.574999999999999289e-02	nan	9.337134174411106102e-02	1.267868973546456765e-02	2.516068685601656821e-03
nan	8.975000000000000000e+01	8.975000000000001033e-02	nan	8.755913403740228640e-02	1.276247757501371496e-02	2.465576426451386062e-03
nan	9.225000000000000000e+01	9.224999999999999867e-02	nan	1.014170869734720426e-01	1.239526541690608510e-02	2.465376564695653111e-03
nan	1.090000000000000000e+02	1.090000000000000135e-01	nan	8.984857717766454865e-02	1.159823605125082091e-02	2.368637650337328954e-03
nan	1.080000000000000000e+02	1.079999999999999988e-01	nan	1.008770941240461072e-01	1.111182042042798551e-02	2.275372057538552813e-03
nan	1.077500000000000000e+02	1.077500000000000124e-01	nan	8.758099862957710591e-02	1.166654532451325346e-02	2.256006289608674786e-03
nan	1.045000000000000000e+02	1.044999999999999818e-01	nan	1.141491451096674908e-01	1.315739581803503089e-02	2.104590145973828444e-03
nan	1.150000000000000000e+02	1.149999999999999911e-01	nan	9.308315964659641395e-02	1.558421234150400569e-02	1.887077355842622754e-03
nan	1.077500000000000000e+02	1.077499999999999847e-01	nan	1.158596293719634518e-01	1.159700180369445388e-02	1.788177632338433303e-03
nan	1.047500000000000000e+02	1.047500000000000098e-01	nan	1.004402767558190135e-01	9.987646116346905398e-03	2.159866103391651013e-03
nan	9.450000000000000000e+01	9.450000000000000067e-02	nan	1.293730620867363790e-01	1.264231050421303279e-02	2.296205137941499316e-03
nan	9.675000000000000000e+01	9.675000000000000266e-02	nan	1.572107954169413568e-01	1.089360188562202639e-02	1.952847311659872565e-03
nan	8.775000000000000000e+01	8.774999999999999467e-02	nan	1.633465543675027276e-01	9.737352831968214273e-03	2.527534445309912326e-03
nan	8.350000000000000000e+01	8.349999999999999090e-02	nan	1.664751190585716245e-01	1.161694435233251096e-02	2.283958851479725698e-03
nan	7.050000000000000000e+01	7.050000000000000711e-02	nan	1.755370846894555303e-01	1.173759596729857281e-02	2.377403776761251829e-03
nan	6.625000000000000000e+01	6.625000000000000333e-02	nan	1.882175742984259492e-01	1.202669815364894659e-02	2.307934524397738107e-03
nan	5.950000000000000000e+01	5.949999999999999734e-02	nan	1.886500832798028715e-01	1.242453337122795959e-02	2.189587399364672626e-03
nan	6.725000000000000000e+01	6.725000000000000422e-02	nan	1.794699461408354457e-01	1.163110575261181237e-02	2.198708277226368770e-03
nan	4.550000000000000000e+01	4.549999999999999878e-02	nan	1.856430196736150451e-01	1.124307625467095562e-02	2.157023377880288358e-03
nan	4.575000000000000000e+01	4.574999999999999900e-02	nan	1.915420242033412657e-01	1.167281258384004518e-02	1.957272023226963240e-03
nan	4.050000000000000000e+01	4.050000000000000128e-02	nan	2.070933675479571801e-01	1.160987268584675117e-02	2.326910124699262811e-03
nan	2.925000000000000000e+01	2.924999999999999822e-02	nan	2.085792173983166686e-01	1.127188242748480840e-02	1.943032974097208630e-03
nan	2.400000000000000000e+01	2.400000000000000050e-02	nan	2.084473415679976016e-01	1.041359676807404600e-02	2.041264478321060376e-03
nan	nan	nan	nan	nan	nan	nan
nan	2.500000000000000000e+00	2.500000000000000052e-03	nan	5.032435856495990484e-03	7.712175268716782266e-03	1.566531478262004565e-03
nan	nan	nan	nan	nan	nan	nan
nan	6.500000000000000000e+00	6.499999999999999702e-03	nan	1.835139703349885146e-02	1.113547996265182305e-02	2.257302459552036275e-03
nan	8.000000000000000000e+00	8.000000000000000167e-03	nan	2.450484837426741141e-02	1.265657271511564340e-02	1.901000873564358132e-03
nan	9.000000000000000000e+00	9.000000000000001055e-03	nan	3.483579540193367657e-02	1.415022935624607806e-02	2.291374557927848121e-03
nan	1.725000000000000000e+01	1.725000000000000144e-02	nan	4.152974574185204493e-02	1.176474993978746282e-02	2.658415760646494486e-03
nan	1.550000000000000000e+01	1.549999999999999989e-02	nan	4.770795277830739561e-02	1.125695530772775899e-02	2.179356304181386157e-03
nan	2.375000000000000000e+01	2.375000000000000028e-02	nan	4.884866197014643696e-02	1.314982275530786685e-02	2.293859000366997320e-03
nan	2.200000000000000000e+01	2.200000000000000219e-02	nan	6.399445984721123526e-02	1.150987922446632117e-02	2.466709130832286500e-03
nan	3.125000000000000000e+01	3.125000000000000000e-02	nan	6.481990011462240853e-02	1.327135766725098462e-02	2.634539321084533071e-03
nan	4.100000000000000000e+01	4.100000000000000172e-02	nan	6.275540993385117505e-02	1.257528167149302677e-02	2.447122297755574896e-03
nan	4.200000000000000000e+01	4.199999999999999567e-02	nan	7.452285944703818110e-02	1.239479369593347695e-02	2.783329137044785427e-03
nan	4.575000000000000000e+01	4.575000000000000594e-02	nan	8.215120660399452546e-02	1.207410819962230833e-02	2.525285391570322550e-03
nan	5.150000000000000000e+01	5.149999999999999717e-02	nan	8.839474938255451053e-02	1.275613025719753157e-02	2.516016906691672522e-03
nan	5.550000000000000000e+01	5.549999999999999378e-02	nan	9.205934104125765294e-02	1.240116426268376634e-02	2.565405104492790057e-03
nan	5.925000000000000000e+01	5.925000000000000405e-02	nan	8.681068353142282201e-02	1.198233109256417739e-02	2.424480768214574544e-03
nan	7.800000000000000000e+01	7.799999999999999989e-02	nan	9.585183215922638000e-02	1.145717476626301190e-02	2.519262646156542312e-03
nan	7.425000000000000000e+01	7.425000000000001044e-02	nan	1.018846512038925345e-01	1.212046135829766488e-02	2.516314455368168050e-03
nan	7.475000000000000000e+01	7.474999999999999700e-02	nan	1.139226867732044401e-01	1.240249705939626759e-02	2.419680935927972718e-03
nan	7.175000000000000000e+01	7.175000000000000822e-02	nan	1.235383972001545122e-01	1.182306792781520968e-02	2.220028856029317502e-03
nan	8.775000000000000000e+01	8.774999999999999467e-02	nan	1.213962325124320896e-01	1.171028173162243918e-02	2.364714897550861290e-03
nan	8.250000000000000000e+01	8.249999999999999001e-02	nan	1.355611519895044692e-01	1.167372594136591862e-02	2.542802610649594949e-03
nan	9.800000000000000000e+01	9.800000000000000377e-02	nan	1.314670274724070442e-01	1.192326784861878243e-02	2.493489166098215252e-03
nan	9.125000000000000000e+01	9.124999999999999778e-02	nan	1.334536611193082589e-01	1.172153817771814238e-02	2.417264755925773931e-03
nan	8.250000000000000000e+01	8.249999999999999001e-02	nan	1.291507481184515083e-01	1.188303416454093708e-02	2.476855479732318135e-03
nan	7.750000000000000000e+01	7.749999999999999944e-02	nan	1.462142352718391047e-01	1.190903405827331042e-02	2.356054010483885248e-03
nan	7.575000000000000000e+01	7.574999999999999789e-02	nan	1.419603029411537209e-01	1.225934940073762462e-02	2.411173404293277638e-03
nan	8.050000000000000000e+01	8.049999999999998823e-02	nan	1.611257634843027420e-01	1.162163252960556233e-02	2.209665995236200289e-03
nan	6.950000000000000000e+01	6.950000000000000622e-02	nan	1.742478005143150155e-01	1.197855876884252810e-02	2.349247672797478807e-03
nan	6.275000000000000000e+01	6.275000000000000022e-02	nan	1.488606049555402655e-01	1.117186222186455219e-02	2.131447348110298255e-03
nan	5.150000000000000000e+01	5.149999999999999717e-02	nan	1.790217959409130533e-01	1.172155872555991768e-02	2.175843298321241629e-03
nan	5.100000000000000000e+01	5.099999999999999672e-02	nan	1.915950064217310234e-01	1.123846060666664967e-02	2.310484854120200583e-03
nan	4.650000000000000000e+01	4.649999999999999967e-02	nan	1.653723484973697311e-01	1.102351051183523070e-02	2.101028348142172653e-03
nan	4.200000000000000000e+01	4.199999999999999567e-02	nan	1.831892447029106197e-01	1.128273377123803836e-02	2.266078690442638321e-03
nan	3.650000000000000000e+01	3.650000000000000466e-02	nan	1.963900527263041651e-01	1.155996778398190282e-02	2.203793033330194839e-03
nan	2.500000000000000000e+01	2.500000000000000139e-02	nan	2.197083749744599412e-01	1.248618410354036812e-02	1.995643514045345422e-03
nan	2.525000000000000000e+01	2.525000000000000161e-02	nan	2.075045249713192985e-01	1.115861570381606292e-02	2.026283388152114867e-03
nan	2.300000000000000000e+01	2.299999999999999961e-02	nan	2.139065020645488369e-01	1.121843411026505859e-02	2.060831378026644223e-03
nan	1.250000000000000000e+00	1.250000000000000026e-03	nan	2.798025448775364517e-03	5.024397557760899857e-03	5.745456426783225427e-04
nan	nan	nan	nan	nan	nan	nan
nan	nan	nan	nan	nan	nan	nan
nan	nan	nan	nan	nan	nan	nan
nan	4.250000000000000000e+00	4.250000000000000305e-03	nan	3.193354247970670717e-02	1.054018119980334317e-02	2.961875874146582474e-03
nan	8.000000000000000000e+00	8.000000000000000167e-03	nan	3.464205122489125155e-02	1.136102004613991773e-02	2.330332474253169351e-03
nan	6.000000000000000000e+00	6.000000000000000125e-03	nan	3.894428997779313811e-02	1.639103208628212363e-02	2.190621586200269550e-03
nan	1.375000000000000000e+01	1.374999999999999833e-02	nan	4.078239978976906654e-02	1.132444580665856008e-02	2.681581508431244744e-03
nan	1.400000000000000000e+01	1.399999999999999856e-02	nan	5.309774121588328732e-02	1.196654359693163049e-02	2.614335327185740923e-03
nan	1.700000000000000000e+01	1.700000000000000122e-02	nan	5.309519241651533550e-02	1.376246627400813487e-02	2.724131318161755917e-03
nan	2.075000000000000000e+01	2.075000000000000108e-02	nan	6.708251647613816537e-02	1.209057230606087364e-02	2.538565952708006675e-03
nan	2.250000000000000000e+01	2.249999999999999917e-02	nan	7.473318185826287319e-02	1.214810204214565072e-02	2.589607067993054176e-03
nan	2.800000000000000000e+01	2.799999999999999711e-02	nan	7.514040281340654548e-02	1.291253907537004419e-02	2.594184497631247220e-03
nan	3.525000000000000000e+01	3.525000000000000355e-02	nan	8.911655726000838884e-02	1.320005190056675395e-02	2.529677447621645186e-03
nan	3.300000000000000000e+01	3.300000000000000155e-02	nan	7.901526376687995068e-02	1.217547622944029247e-02	2.448887277318398999e-03
nan	3.500000000000000000e+01	3.499999999999999639e-02	nan	1.038617654230239301e-01	1.227750094345080728e-02	2.567117249530343273e-03
nan	4.075000000000000000e+01	4.075000000000000150e-02	nan	1.010458077623873768e-01	1.160372181247600401e-02	2.475919262347278920e-03
nan	4.525000000000000000e+01	4.524999999999999856e-02	nan	9.532667039153724931e-02	1.186695934345452508e-02	2.448185314130217356e-03
nan	4.575000000000000000e+01	4.574999999999999900e-02	nan	1.024830349079046132e-01	1.174332011344594862e-02	2.568827312847892647e-03
nan	5.650000000000000000e+01	5.649999999999999467e-02	nan	1.167200317885210836e-01	1.151367345208101876e-02	2.572652821566621950e-03
nan	5.800000000000000000e+01	5.800000000000000294e-02	nan	1.122523945750309865e-01	1.203098592207391473e-02	2.345757312186015717e-03
nan	5.600000000000000000e+01	5.599999999999999423e-02	nan	1.316981097506662868e-01	1.229864221601168622e-02	2.441598715711364859e-03
nan	6.075000000000000000e+01	6.074999999999999845e-02	nan	1.266436993341113759e-01	1.205743031805210121e-02	2.489947305952160909e-03
nan	6.300000000000000000e+01	6.300000000000000044e-02	nan	1.328023667475888847e-01	1.175360760122159606e-02	2.479514074436560151e-03
nan	6.275000000000000000e+01	6.275000000000000022e-02	nan	1.373773195101969935e-01	1.179703914075715294e-02	2.514656516449079345e-03
nan	6.575000000000000000e+01	6.575000000000000289e-02	nan	1.466391218244615935e-01	1.228850120368607697e-02	2.411180704233068742e-03
nan	5.475000000000000000e+01	5.474999999999999312e-02	nan	1.410068387989825700e-01	1.066579169433687184e-02	2.460680853500854005e-03
nan	6.050000000000000000e+01	6.049999999999999822e-02	nan	1.557035116676542541e-01	1.257341636633590998e-02	2.369689069443670342e-03
nan	4.575000000000000000e+01	4.574999999999999900e-02	nan	1.540718010308341213e-01	1.125063218139772322e-02	2.503761066699255241e-03
nan	5.100000000000000000e+01	5.100000000000000366e-02	nan	1.583733230350861110e-01	1.222942742662470189e-02	2.361165579182729693e-03
nan	4.425000000000000000e+01	4.424999999999999767e-02	nan	1.589874126231613505e-01	1.134024121891590020e-02	2.521565830004831709e-03
nan	4.650000000000000000e+01	4.649999999999999967e-02	nan	1.730886892396121257e-01	1.154833543663206022e-02	2.339977654003754827e-03
nan	3.950000000000000000e+01	3.950000000000000039e-02	nan	1.781314057272017637e-01	1.159176795047410849e-02	2.134632425265377623e-03
nan	3.200000000000000000e+01	3.200000000000000067e-02	nan	2.107437198789372801e-01	1.175221376087472007e-02	2.266650327123887702e-03
nan	3.550000000000000000e+01	3.550000000000000377e-02	nan	2.154964541957739843e-01	1.119586407061083297e-02	2.147631710380589094e-03
nan	2.675000000000000000e+01	2.674999999999999947e-02	nan	1.872971789524263964e-01	1.151015545362770939e-02	2.094226572647848224e-03
nan	2.175000000000000000e+01	2.175000000000000197e-02	nan	1.829286496812541629e-01	1.081930141462768974e-02	2.106817884607987534e-03
nan	2.200000000000000000e+01	2.200000000000000219e-02	nan	1.880170442165325362e-01	1.115271446765888838e-02	2.144728178579217645e-03
nan	1.900000000000000000e+01	1.900000000000000300e-02	nan	2.055155631077318912e-01	1.140541714216718183e-02	2.204988694281053395e-03
nan	nan	nan	nan	nan	nan	nan
nan	2.000000000000000000e+00	2.000000000000000042e-03	nan	6.726542819229647946e-03	7.232042595697450726e-03	1.087943369216093099e-03
nan	nan	nan	nan	nan	nan	nan
nan	nan	nan	nan	nan	nan	nan
nan	nan	nan	nan	nan	nan	nan
nan	3.250000000000000000e+00	3.250000000000000284e-03	nan	2.065622245895606598e-02	8.625091100721491572e-03	2.008166984395049880e-03
nan	4.000000000000000000e+00	4.000000000000000083e-03	nan	3.816230028992170092e-02	8.313649170185991380e-03	2.602191638399715262e-03
nan	7.750000000000000000e+00	7.749999999999999944e-03	nan	4.859147116328571547e-02	1.098765161828423563e-02	2.595247470932433853e-03
nan	8.250000000000000000e+00	8.250000000000000389e-03	nan	5.207283347806959672e-02	1.247916469651004154e-02	2.429391471290937195e-03
nan	9.750000000000000000e+00	9.749999999999999986e-03	nan	5.310475081525066476e-02	1.179159241283629991e-02	2.606473031081830462e-03
nan	1.300000000000000000e+01	1.300000000000000114e-02	nan	6.223181407707789603e-02	9.669786945723523458e-03	2.183400857499787160e-03
nan	1.200000000000000000e+01	1.200000000000000025e-02	nan	5.597606023745053949e-02	1.256351084852004932e-02	2.273005948645451940e-03
nan	1.100000000000000000e+01	1.099999999999999936e-02	nan	7.753666507318698886e-02	1.049103783969135457e-02	2.605328705968146426e-03
nan	1.575000000000000000e+01	1.575000000000000011e-02	nan	7.711541633989700550e-02	1.188278073294939466e-02	2.522949954823071328e-03
nan	1.825000000000000000e+01	1.825000000000000233e-02	nan	7.819274594710687309e-02	1.251999170503524661e-02	2.236653535339305342e-03
nan	2.425000000000000000e+01	2.425000000000000072e-02	nan	9.576945144981141578e-02	1.139136618999918825e-02	2.463662884448448651e-03
nan	2.450000000000000000e+01	2.450000000000000094e-02	nan	1.050001806216673134e-01	1.137841325748253397e-02	2.672823097038580249e-03
nan	2.925000000000000000e+01	2.924999999999999822e-02	nan	9.431424414672513745e-02	1.123117186024494805e-02	2.550969308891320661e-03
nan	3.550000000000000000e+01	3.550000000000000377e-02	nan	1.027094089957035911e-01	1.295417748303327732e-02	2.386770216967970797e-03
nan	3.375000000000000000e+01	3.375000000000000222e-02	nan	1.076320491467409879e-01	1.186094412585832550e-02	2.398472398449599721e-03
nan	3.175000000000000000e+01	3.175000000000000044e-02	nan	1.162978285990041577e-01	1.155249137785299869e-02	2.224161138132864195e-03
nan	3.525000000000000000e+01	3.525000000000000355e-02	nan	1.229551738058638766e-01	1.092999565574334642e-02	2.461666254284254618e-03
nan	3.950000000000000000e+01	3.950000000000000039e-02	nan	1.334966444334145241e-01	1.236023796745082393e-02	2.306530237203010918e-03
nan	3.650000000000000000e+01	3.650000000000000466e-02	nan	1.376863225867626384e-01	1.204357603003064839e-02	2.385084625720845352e-03
nan	3.925000000000000000e+01	3.925000000000000017e-02	nan	1.488100277436740226e-01	1.142861291429866401e-02	2.460284103393290539e-03
nan	3.750000000000000000e+01	3.750000000000000555e-02	nan	1.532901556388143738e-01	1.163634498574825198e-02	2.404244533459820848e-03
nan	4.000000000000000000e+01	4.000000000000000083e-02	nan	1.396296269282668867e-01	1.190985802774242701e-02	2.479908006816222352e-03
nan	3.300000000000000000e+01	3.300000000000000155e-02	nan	1.342621712838403814e-01	1.160259481552405186e-02	2.288415506626401662e-03
nan	3.875000000000000000e+01	3.874999999999999972e-02	nan	1.795969716774267200e-01	1.115918534254648972e-02	2.473067735473400731e-03
nan	3.175000000000000000e+01	3.175000000000000044e-02	nan	1.640275513154182963e-01	1.214769307505462158e-02	2.346120990598856999e-03
nan	2.900000000000000000e+01	2.900000000000000147e-02	nan	1.849509832343312898e-01	1.091168050993545670e-02	2.330181568126137893e-03
nan	2.325000000000000000e+01	2.324999999999999983e-02	nan	1.907702525751021616e-01	1.067700660418839480e-02	2.432424150765848895e-03
nan	2.125000000000000000e+01	2.125000000000000153e-02	nan	1.524357551824745416e-01	1.096218244942034035e-02	2.338397206354653288e-03
nan	2.300000000000000000e+01	2.299999999999999961e-02	nan	1.786757310926936348e-01	1.128971019107619447e-02	2.551115477357486505e-03
nan	1.675000000000000000e+01	1.675000000000000100e-02	nan	1.942379224049420039e-01	1.014804589433418620e-02	2.434029357130178609e-03
nan	1.925000000000000000e+01	1.924999999999999975e-02	nan	1.890586924312035177e-01	1.195833279797507177e-02	2.078257323078764283e-03
nan	1.450000000000000000e+01	1.449999999999999900e-02	nan	1.824799914595017503e-01	1.203496212704593601e-02	2.115270163822055571e-03
nan	1.200000000000000000e+01	1.200000000000000198e-02	nan	2.227950460225344986e-01	1.082020530174973572e-02	2.355532654439192967e-03
nan	9.500000000000000000e+00	9.500000000000001499e-03	nan	2.064982742940731364e-01	1.100235306956941390e-02	2.439028410001956634e-03
nan	0.000000000000000000e+00	0.000000000000000000e+00	0.000000000000000000e+00	0.000000000000000000e+00	0.000000000000000000e+00	0.000000000000000000e+00
nan	0.000000000000000000e+00	0.000000000000000000e+00	0.000000000000000000e+00	0.000000000000000000e+00	0.000000000000000000e+00	0.000000000000000000e+00
nan	0.000000000000000000e+00	0.000000000000000000e+00	0.000000000000000000e+00	0.000000000000000000e+00	0.000000000000000000e+00	0.000000000000000000e+00
nan	0.000000000000000000e+00	0.000000000000000000e+00	0.000000000000000000e+00	0.000000000000000000e+00	0.000000000000000000e+00	0.000000000000000000e+00
nan	0.000000000000000000e+00	0.000000000000000000e+00	0.000000000000000000e+00	0.000000000000000000e+00	0.000000000000000000e+00	0.000000000000000000e+00
nan	nan	nan	nan	nan	nan	nan
nan	nan	nan	nan	nan	nan	nan
nan	nan	nan	nan	nan	nan	nan
nan	nan	nan	nan	nan	nan	nan
nan	nan	nan	nan	nan	nan	nan
nan	nan	nan	nan	nan	nan	nan
nan	nan	nan	nan	nan	nan	nan
nan	nan	nan	nan	nan	nan	nan
nan	nan	nan	nan	nan	nan	nan
nan	nan	nan	nan	nan	nan	nan
nan	nan	nan	nan	nan	nan	nan
nan	5.750000000000000000e+00	5.749999999999999903e-03	nan	7.366016338194027180e-02	9.767278396060081330e-03	2.018017649418786530e-03
nan	3.000000000000000000e+00	3.000000000000000062e-03	nan	3.418828326459661532e-02	1.420836646891882396e-02	2.337456219607869125e-03
nan	1.000000000000000000e+00	1.000000000000000021e-03	nan	1.107686100731257624e-02	6.048273991613036318e-03	3.871086048384794255e-04
nan	4.000000000000000000e+00	4.000000000000000083e-03	nan	1.187667115418044317e-01	1.364767786478541210e-02	1.772935039735399221e-03
nan	5.000000000000000000e+00	5.000000000000000104e-03	nan	1.086762064986529081e-01	1.303765241598289423e-02	2.021167991578965133e-03
nan	2.750000000000000000e+00	2.749999999999999840e-03	nan	9.511115397380681680e-02	6.520469833301788774e-03	1.941878221268524734e-03
nan	5.250000000000000000e+00	5.249999999999999459e-03	nan	9.128334271775928599e-02	9.667976257913414584e-03	2.111107732988286908e-03
nan	4.500000000000000000e+00	4.499999999999999660e-03	nan	1.242643419786998854e-01	1.184323320720919587e-02	1.722474249266643664e-03
nan	3.750000000000000000e+00	3.750000000000000295e-03	nan	8.755378459358055532e-02	1.239112043310722396e-02	1.907649725278193166e-03
nan	5.250000000000000000e+00	5.250000000000000326e-03	nan	1.506297061212067967e-01	8.443477590047895540e-03	2.167488510618906065e-03
nan	3.750000000000000000e+00	3.749999999999999861e-03	nan	1.026502683042069264e-01	6.228693206940682028e-03	1.939680962661719703e-03
nan	4.750000000000000000e+00	4.750000000000000749e-03	nan	1.157692293443516596e-01	1.151803503175039337e-02	2.368715430891496498e-03
nan	4.500000000000000000e+00	4.500000000000000527e-03	nan	1.727725259867783358e-01	1.185785072556126869e-02	1.737488694764071934e-03
nan	nan	nan	nan	nan	nan	nan
nan	nan	nan	nan	nan	nan	nan
nan	nan	nan	nan	nan	nan	nan
nan	nan	nan	nan	nan	nan	nan
nan	nan	nan	nan	nan	nan	nan
nan	3.250000000000000000e+00	3.250000000000000284e-03	nan	1.217203995778302211e-01	6.353471126417020373e-03	1.817964854864402395e-03
nan	2.750000000000000000e+00	2.749999999999999840e-03	nan	1.528644407328398347e-01	8.059711190020116614e-03	9.877827626451932911e-04
nan	nan	nan	nan	nan	nan	nan
nan	nan	nan	nan	nan	nan	nan
nan	nan	nan	nan	nan	nan	nan
