# SourcePhotonFlux	NumberRaysSurvived	PercentageRaysSurvived	PhotonFlux	Bandwidth	HorizontalFocusFWHM	VerticalFocusFWHM
3.011670000000000000e+11	8.940000000000000568e+01	8.940000000000000724e-02	2.692432980000000000e+09	1.515909677080529085e-04	9.961548439444004380e-03	2.864525567073337217e-03
3.300160000000000000e+11	1.180300000000000011e+02	1.180299999999999960e-01	3.895178848000000000e+09	2.288929896533176188e-04	9.801284795259091603e-03	2.815211216723021662e-03
3.540540000000000000e+11	1.477900000000000205e+02	1.477900000000000047e-01	5.232564066000000000e+09	3.063796517093919257e-04	9.914196682214090894e-03	2.803309397088916792e-03
3.748020000000000000e+11	1.708199999999999932e+02	1.708200000000000274e-01	6.402367764000000000e+09	4.252773820847011730e-04	1.056808323934345373e-02	2.792133618994199241e-03
3.931350000000000000e+11	1.795799999999999841e+02	1.795799999999999896e-01	7.059918330000000000e+09	5.180378082118863598e-04	1.094065702844486052e-02	2.807775007526410252e-03
4.096050000000000000e+11	1.885099999999999909e+02	1.885100000000000109e-01	7.721463855000000000e+09	6.449172442187034796e-04	1.036478389838161283e-02	2.815407749841663393e-03
4.245860000000000000e+11	1.942599999999999909e+02	1.942600000000000160e-01	8.248007636000000000e+09	7.443031243488463025e-04	1.037559042105971364e-02	2.742136517867791671e-03
4.383450000000000000e+11	2.069199999999999875e+02	2.069199999999999928e-01	9.070234740000000000e+09	8.301938997556134511e-04	1.015599284180136209e-02	2.793358553406017318e-03
4.510800000000000000e+11	2.111300000000000239e+02	2.111299999999999844e-01	9.523652040000000000e+09	9.924911967678440652e-04	1.066930291946558904e-02	2.797765282139702461e-03
4.629430000000000000e+11	2.205900000000000034e+02	2.205900000000000638e-01	1.021205963700000000e+10	1.097002575263559144e-03	9.977904924641969875e-03	2.825786002136270597e-03
4.740500000000000000e+11	2.260199999999999818e+02	2.260200000000000264e-01	1.071447810000000000e+10	1.268433102695496438e-03	1.040899912446691458e-02	2.798920942676265920e-03
4.844980000000000000e+11	2.350800000000000125e+02	2.350800000000000112e-01	1.138957898400000000e+10	1.377403626089801448e-03	1.023074186025526092e-02	2.797613668340532232e-03
4.943630000000000000e+11	2.365900000000000034e+02	2.365899999999999392e-01	1.169613421700000000e+10	1.518460505266148054e-03	1.027144917901054617e-02	2.840622796286951419e-03
5.037080000000000000e+11	2.433499999999999943e+02	2.433500000000000385e-01	1.225773418000000000e+10	1.713829703127202992e-03	1.038907347570014114e-02	2.803529446326427556e-03
5.125860000000000000e+11	2.484900000000000091e+02	2.484900000000000164e-01	1.273724951400000000e+10	1.829032590673023264e-03	1.060004075130322951e-02	2.837119923729030258e-03
5.210430000000000000e+11	2.538599999999999852e+02	2.538599999999999746e-01	1.322719759800000000e+10	2.082467472719429311e-03	1.076388903583574107e-02	2.812045560655888031e-03
5.291170000000000000e+11	2.615000000000000000e+02	2.614999999999999547e-01	1.383640955000000000e+10	2.215364621710023355e-03	1.081082360258534859e-02	2.823069949845287158e-03
5.368410000000000000e+11	2.660600000000000023e+02	2.660600000000000742e-01	1.428319164600000000e+10	2.413908399859110432e-03	1.057857319985067157e-02	2.812166944893948299e-03
5.442440000000000000e+11	2.679399999999999977e+02	2.679399999999999560e-01	1.458247373600000000e+10	2.501287712028101885e-03	1.056666381787641287e-02	2.838348018008684040e-03
5.513500000000000000e+11	2.741399999999999864e+02	2.741399999999999393e-01	1.511470890000000000e+10	2.813001211331993441e-03	1.045950073073881673e-02	2.833168399059930124e-03
5.581830000000000000e+11	2.786699999999999591e+02	2.786699999999999733e-01	1.555488566100000000e+10	2.861649098214513742e-03	1.069994985672600638e-02	2.840930381730194521e-03
5.647610000000000000e+11	2.821100000000000136e+02	2.821100000000000274e-01	1.593247257100000000e+10	3.081382157402288383e-03	1.064850253991418000e-02	2.817865564507864191e-03
5.711030000000000000e+11	2.894499999999999886e+02	2.894499999999999851e-01	1.653057633500000000e+10	3.260614772509314117e-03	1.067710637424494971e-02	2.839787763082807746e-03
5.772230000000000000e+11	2.905699999999999932e+02	2.905700000000000505e-01	1.677236871100000000e+10	3.482958569493917276e-03	1.022970739639041983e-02	2.832847405144422234e-03
5.831360000000000000e+11	2.951999999999999886e+02	2.952000000000000179e-01	1.721417472000000000e+10	3.812505581513505638e-03	1.056920144780517691e-02	2.877515581617422821e-03
5.888550000000000000e+11	3.013600000000000136e+02	3.013600000000000723e-01	1.774573428000000000e+10	3.833975705134094226e-03	1.057983755686051422e-02	2.829079608550483845e-03
5.943910000000000000e+11	2.996599999999999682e+02	2.996599999999999819e-01	1.781152070600000000e+10	4.112202239008979840e-03	1.045610861477338886e-02	2.819554480617359436e-03
5.997540000000000000e+11	3.070000000000000000e+02	3.070000000000000506e-01	1.841244780000000000e+10	4.248408203630447098e-03	1.075127141485414904e-02	2.813692589088908312e-03
6.049540000000000000e+11	3.156999999999999886e+02	3.157000000000000361e-01	1.909839778000000000e+10	4.331344611914573692e-03	1.061597773096970530e-02	2.832525811490312247e-03
6.100000000000000000e+11	3.179900000000000091e+02	3.179900000000000504e-01	1.939739000000000000e+10	4.447803750861112175e-03	1.078541302446725005e-02	2.838352661646119553e-03
6.149000000000000000e+11	3.184900000000000091e+02	3.184899999999999953e-01	1.958395010000000000e+10	4.763053710930762775e-03	1.052730767946694242e-02	2.837300310940513853e-03
6.196610000000000000e+11	3.217900000000000205e+02	3.217899999999999094e-01	1.994007131900000000e+10	4.962175088080585453e-03	1.054504033535095739e-02	2.824760212785650156e-03
6.242890000000000000e+11	3.220300000000000296e+02	3.220300000000000384e-01	2.010397866700000000e+10	5.356541000363109102e-03	1.044472814000621010e-02	2.837457788219534607e-03
6.287920000000000000e+11	3.318700000000000045e+02	3.318699999999999983e-01	2.086772010400000000e+10	5.771396851295094131e-03	1.058476534554482137e-02	2.792978061484944520e-03
6.331740000000000000e+11	3.332699999999999818e+02	3.332700000000000107e-01	2.110178989800000000e+10	5.832402591215099866e-03	1.072887880089862245e-02	2.852370081890437913e-03
6.374420000000000000e+11	3.376200000000000045e+02	3.376199999999999757e-01	2.152131680400000000e+10	6.198771836359355525e-03	1.053375118019412443e-02	2.839673578337518524e-03
6.416000000000000000e+11	3.372599999999999909e+02	3.372600000000000042e-01	2.163860160000000000e+10	6.388618997572166787e-03	1.080991400887343010e-02	2.844997575196784451e-03
6.456530000000000000e+11	3.397699999999999818e+02	3.397699999999999609e-01	2.193735198100000000e+10	6.581389073129458207e-03	1.074234164196031550e-02	2.868572051339141928e-03
6.496060000000000000e+11	3.475300000000000296e+02	3.475300000000000056e-01	2.257575731800000000e+10	6.640941165338745331e-03	1.103129163696721891e-02	2.865668077189007824e-03
6.534620000000000000e+11	3.482099999999999795e+02	3.482100000000000195e-01	2.275420030200000000e+10	7.099762989573718888e-03	1.051378778627967171e-02	2.828614743759830762e-03
6.572250000000000000e+11	3.535199999999999818e+02	3.535200000000000564e-01	2.323421820000000000e+10	7.530885280983170942e-03	1.044811997108960507e-02	2.842353920781335447e-03
6.608990000000000000e+11	3.558500000000000227e+02	3.558499999999999441e-01	2.351809091500000000e+10	7.740143873235183491e-03	1.058061750749904849e-02	2.835924081469475347e-03
6.644880000000000000e+11	3.611000000000000227e+02	3.610999999999999766e-01	2.399466168000000000e+10	7.916716260490374787e-03	1.044736432744735807e-02	2.823790278407173251e-03
6.679940000000000000e+11	3.635400000000000205e+02	3.635399999999999743e-01	2.428425387600000000e+10	8.474984283606091379e-03	1.046388276718197320e-02	2.824979986531216559e-03
6.714200000000000000e+11	3.672599999999999909e+02	3.672600000000000309e-01	2.465857092000000000e+10	8.134979860316207678e-03	1.065997279169923762e-02	2.860603506272415240e-03
6.747700000000000000e+11	3.687199999999999704e+02	3.687199999999999922e-01	2.488011944000000000e+10	8.721154820498214569e-03	1.086584276642757994e-02	2.846920999307721821e-03
6.780450000000000000e+11	3.716800000000000068e+02	3.716800000000000104e-01	2.520157656000000000e+10	8.941868355205998681e-03	1.080350979209250203e-02	2.849768080746483637e-03
6.812500000000000000e+11	3.757599999999999909e+02	3.757599999999999274e-01	2.559865000000000000e+10	9.410495582805537829e-03	1.027607022042693191e-02	2.840758565484320479e-03
6.843850000000000000e+11	3.784199999999999591e+02	3.784199999999999786e-01	2.589849717000000000e+10	9.396459601044852145e-03	1.022777192644896971e-02	2.857703501211235775e-03
6.874530000000000000e+11	3.802599999999999909e+02	3.802599999999999314e-01	2.614108777800000000e+10	9.722248067769214894e-03	1.071224170122976257e-02	2.816940832011304886e-03
6.904560000000000000e+11	3.848799999999999955e+02	3.848800000000000554e-01	2.657427052800000000e+10	1.012089452563145683e-02	1.075641570685594017e-02	2.853352393555208359e-03
6.933970000000000000e+11	3.882900000000000205e+02	3.882900000000000240e-01	2.692391211300000000e+10	1.016528549648569417e-02	1.045004290874379169e-02	2.840286964024268859e-03
6.962770000000000000e+11	3.891899999999999977e+02	3.891900000000000359e-01	2.709840456300000000e+10	1.060024653037771811e-02	1.059114196554748234e-02	2.864189195935389932e-03
6.990990000000000000e+11	3.909699999999999704e+02	3.909699999999999842e-01	2.733267360300000000e+10	1.079240417837354533e-02	1.069151489987681461e-02	2.839480186105581595e-03
7.018630000000000000e+11	3.915699999999999932e+02	3.915699999999999736e-01	2.748284949100000000e+10	1.129159140496995006e-02	1.036871827876576987e-02	2.874151111284887258e-03
7.045720000000000000e+11	3.955600000000000023e+02	3.955600000000000227e-01	2.787005003200000000e+10	1.159296847660471093e-02	1.081163583415022111e-02	2.855359200965234059e-03
7.072270000000000000e+11	4.018400000000000318e+02	4.018400000000000860e-01	2.841920976800000000e+10	1.183831140009374353e-02	1.110261386948886708e-02	2.860946422781776664e-03
7.098300000000000000e+11	4.020500000000000114e+02	4.020500000000000185e-01	2.853871515000000000e+10	1.198187794321370347e-02	1.059265624943085161e-02	2.828028728962718973e-03
7.123820000000000000e+11	4.094399999999999977e+02	4.094399999999999151e-01	2.916776860800000000e+10	1.212839085574614686e-02	1.070321783595596168e-02	2.848316223279931479e-03
7.148840000000000000e+11	4.056299999999999955e+02	4.056299999999999351e-01	2.899783969200000000e+10	1.263908742155422406e-02	1.072305656056344106e-02	2.835036240461021734e-03
7.173390000000000000e+11	4.089199999999999591e+02	4.089200000000000057e-01	2.933342638800000000e+10	1.347335714397559017e-02	1.063850093707488162e-02	2.854244192393555653e-03
7.197470000000000000e+11	4.139399999999999409e+02	4.139400000000000301e-01	2.979320731800000000e+10	1.355574709027564453e-02	1.078224568883648198e-02	2.868405091174028483e-03
7.221090000000000000e+11	4.171200000000000045e+02	4.171200000000000463e-01	3.012061060800000000e+10	1.368398771821944214e-02	1.045372191235671711e-02	2.828108330633424036e-03
7.244270000000000000e+11	4.186800000000000068e+02	4.186799999999999966e-01	3.033030963600000000e+10	1.407066944161329027e-02	1.076123253827589513e-02	2.839721458898413538e-03
7.267020000000000000e+11	4.233700000000000045e+02	4.233700000000000796e-01	3.076638257400000000e+10	1.448361352204074158e-02	1.076703106579758942e-02	2.869163516921902947e-03
7.289350000000000000e+11	4.245899999999999750e+02	4.245900000000000785e-01	3.094985116500000000e+10	1.506436910633396874e-02	1.081990316013445134e-02	2.848657447422012733e-03
7.311270000000000000e+11	4.257800000000000296e+02	4.257799999999999363e-01	3.112992540600000000e+10	1.470882517729251229e-02	1.011039295367723197e-02	2.851780688665035528e-03
7.332790000000000000e+11	4.306699999999999591e+02	4.306700000000001083e-01	3.158012669300000000e+10	1.515613398116556765e-02	1.091301228623050949e-02	2.857961880780729609e-03
7.353910000000000000e+11	4.329300000000000068e+02	4.329299999999999815e-01	3.183728256300000000e+10	1.526940875037553248e-02	1.085260423802198934e-02	2.817821367805519416e-03
7.374660000000000000e+11	4.357300000000000182e+02	4.357300000000000617e-01	3.213360601800000000e+10	1.553013627583368396e-02	1.058875909979729857e-02	2.847539970863958297e-03
7.395030000000000000e+11	4.356000000000000227e+02	4.355999999999999872e-01	3.221275068000000000e+10	1.569996668866337902e-02	1.072258509973910562e-02	2.836373513378324766e-03
7.415040000000000000e+11	4.393500000000000227e+02	4.393500000000000183e-01	3.257797824000000000e+10	1.660003147797283612e-02	1.044655650394274611e-02	2.852472866087522440e-03
7.434690000000000000e+11	4.444300000000000068e+02	4.444299999999999917e-01	3.304199276700000000e+10	1.723120523158286344e-02	1.090811481240558725e-02	2.849266420062654404e-03
7.454000000000000000e+11	4.401100000000000136e+02	4.401100000000001122e-01	3.280579940000000000e+10	1.697994747642269514e-02	1.078432303114634089e-02	2.831191654145211352e-03
7.472970000000000000e+11	4.483199999999999932e+02	4.483199999999999408e-01	3.350281910400000000e+10	1.717670429201461832e-02	1.085993080539235899e-02	2.829563270997832464e-03
7.491600000000000000e+11	4.454899999999999523e+02	4.454900000000000526e-01	3.337432884000000000e+10	1.846315645095160038e-02	1.099831760195967706e-02	2.845748857383748574e-03
7.509910000000000000e+11	4.489699999999999704e+02	4.489699999999999802e-01	3.371724292700000000e+10	1.828223046285870623e-02	1.057891804167117832e-02	2.829101876682536126e-03
7.527910000000000000e+11	4.523300000000000409e+02	4.523300000000000098e-01	3.405099530300000000e+10	1.931454742514347386e-02	1.074558606726553830e-02	2.824419282903290526e-03
7.545590000000000000e+11	4.596399999999999864e+02	4.596399999999999930e-01	3.468254987600000000e+10	1.915186744432730709e-02	1.069487618973256893e-02	2.855439925189826207e-03
7.562970000000000000e+11	4.588500000000000227e+02	4.588500000000000911e-01	3.470268784500000000e+10	1.906265487453993185e-02	1.042825268625956724e-02	2.844610711094324503e-03
7.580040000000000000e+11	4.670000000000000000e+02	4.669999999999999707e-01	3.539878680000000000e+10	1.978086222610727501e-02	1.073639631972016922e-02	2.849404445783618178e-03
7.596830000000000000e+11	4.623899999999999864e+02	4.623899999999999677e-01	3.512698223700000000e+10	2.042509042382903428e-02	1.078467611034240881e-02	2.863249174200349460e-03
7.613330000000000000e+11	4.627500000000000000e+02	4.627499999999999392e-01	3.523068457500000000e+10	2.042029887363696478e-02	1.106294305091406506e-02	2.822925031296965020e-03
7.629560000000000000e+11	4.658300000000000409e+02	4.658299999999999663e-01	3.554077934800000000e+10	2.098869826080090178e-02	1.087948066598793187e-02	2.879867129611162445e-03
7.645500000000000000e+11	4.724199999999999591e+02	4.724200000000000621e-01	3.611887110000000000e+10	2.132610882390622437e-02	1.054047707915065947e-02	2.831790362604542574e-03
7.661180000000000000e+11	4.719199999999999591e+02	4.719200000000000617e-01	3.615464065600000000e+10	2.205272412411545674e-02	1.072016483634397402e-02	2.837880416618338876e-03
7.676590000000000000e+11	4.750100000000000477e+02	4.750099999999999878e-01	3.646457015900000000e+10	2.227028700447249501e-02	1.105881926489830393e-02	2.871812438576736622e-03
7.691750000000000000e+11	4.788899999999999864e+02	4.788899999999999824e-01	3.683502157500000000e+10	2.285142805177656569e-02	1.058793077321911434e-02	2.864768035339908692e-03
7.706650000000000000e+11	4.803000000000000114e+02	4.802999999999998937e-01	3.701503995000000000e+10	2.272303954774883977e-02	1.054644109258730603e-02	2.843666780700453405e-03
7.721310000000000000e+11	4.800899999999999750e+02	4.800900000000000167e-01	3.706923717900000000e+10	2.314779910892184739e-02	1.074571651544800437e-02	2.867072527591539056e-03
7.735710000000000000e+11	4.843399999999999750e+02	4.843400000000001038e-01	3.746713781400000000e+10	2.376192388667846059e-02	1.096949117408579574e-02	2.851287301370622560e-03
7.749880000000000000e+11	4.868100000000000591e+02	4.868100000000000205e-01	3.772719082800000000e+10	2.406645443288880221e-02	1.093953252989468723e-02	2.842493238924869228e-03
7.763820000000000000e+11	4.880800000000000409e+02	4.880800000000000693e-01	3.789365265600000000e+10	2.397886842402044763e-02	1.035673104524509683e-02	2.839072126964092661e-03
7.777520000000000000e+11	4.877600000000000477e+02	4.877599999999999159e-01	3.793563155200000000e+10	2.422284912489772180e-02	1.063866316714602057e-02	2.877079086257164440e-03
7.790990000000000000e+11	4.892199999999999704e+02	4.892199999999999882e-01	3.811508127800000000e+10	2.599129923514510374e-02	1.093892244805135493e-02	2.883263263577334930e-03
7.804250000000000000e+11	4.908399999999999750e+02	4.908400000000000540e-01	3.830638070000000000e+10	2.571464120508153497e-02	1.097645055406941406e-02	2.839663706677238945e-03
7.817280000000000000e+11	4.975100000000000477e+02	4.975100000000000078e-01	3.889174972800000000e+10	2.547715469941408406e-02	1.086303714829428210e-02	2.871888395846895151e-03
7.830100000000000000e+11	4.970100000000000477e+02	4.970100000000000628e-01	3.891638001000000000e+10	2.581169554251346379e-02	1.072831576045118335e-02	2.852099333405763801e-03
7.842710000000000000e+11	4.962699999999999818e+02	4.962699999999999889e-01	3.892101691700000000e+10	2.700104790568616520e-02	1.046773706876485618e-02	2.862042725847034792e-03
7.855110000000000000e+11	5.034300000000000068e+02	5.034300000000000441e-01	3.954498027300000000e+10	2.743566560116164621e-02	1.128099880329245033e-02	2.841427402815342382e-03
7.867300000000000000e+11	5.075600000000000591e+02	5.075600000000000112e-01	3.993126788000000000e+10	2.748061349096360753e-02	1.071104914696889392e-02	2.858398713595730525e-03
7.879300000000000000e+11	5.093600000000000136e+02	5.093599999999999239e-01	4.013400248000000000e+10	2.791369453642801243e-02	1.073150927524603448e-02	2.826478943086531935e-03
7.891090000000000000e+11	5.096899999999999409e+02	5.096899999999999764e-01	4.022009662100000000e+10	2.898360164271480272e-02	1.039898476153440499e-02	2.853591229321370860e-03
7.902700000000000000e+11	5.144399999999999409e+02	5.144399999999998974e-01	4.065464988000000000e+10	2.849321813988808794e-02	1.086724913798372064e-02	2.844216321609342128e-03
7.914110000000000000e+11	5.112500000000000000e+02	5.112499999999999822e-01	4.046088737500000000e+10	2.875054618812100671e-02	1.037230927881887393e-02	2.838197671279795407e-03
7.925330000000000000e+11	5.157400000000000091e+02	5.157400000000000873e-01	4.087409694200000000e+10	3.002356381716936307e-02	1.053521143804359017e-02	2.871658446714721660e-03
7.936380000000000000e+11	5.179399999999999409e+02	5.179400000000000670e-01	4.110568657200000000e+10	2.976921375773599471e-02	1.061741471102083806e-02	2.850743882559362598e-03
7.947230000000000000e+11	5.179800000000000182e+02	5.179800000000001070e-01	4.116506195400000000e+10	3.104479508707754659e-02	1.085299343378214737e-02	2.817457209229264330e-03
7.957910000000000000e+11	5.206000000000000227e+02	5.206000000000000627e-01	4.142887946000000000e+10	3.160081151898339047e-02	1.079005703409524619e-02	2.861900327836739647e-03
7.968420000000000000e+11	5.232599999999999909e+02	5.232599999999999474e-01	4.169555449200000000e+10	3.160483081916254378e-02	1.098778958676833312e-02	2.844754225102383467e-03
7.978750000000000000e+11	5.225800000000000409e+02	5.225800000000000445e-01	4.169535175000000000e+10	3.179164672973684019e-02	1.079713530107419620e-02	2.829017979907981224e-03
7.988910000000000000e+11	5.233500000000000227e+02	5.233499999999999819e-01	4.180996048500000000e+10	3.203009376678892656e-02	1.065282759440095914e-02	2.852707415994939349e-03
7.998900000000000000e+11	5.337400000000000091e+02	5.337399999999999922e-01	4.269332886000000000e+10	3.364329021575940964e-02	1.039708734628296515e-02	2.835500579921978407e-03
8.008730000000000000e+11	5.242200000000000273e+02	5.242200000000001303e-01	4.198336440600000000e+10	3.256946081990917674e-02	1.061048676496981549e-02	2.847741070149643460e-03
8.018390000000000000e+11	5.308600000000000136e+02	5.308599999999999985e-01	4.256642515400000000e+10	3.232423548069619096e-02	1.057384898829269795e-02	2.816173148752930920e-03
8.027890000000000000e+11	5.372799999999999727e+02	5.372799999999999798e-01	4.313224739200000000e+10	3.410915762675585661e-02	1.125048893226434678e-02	2.860316730018774064e-03
8.037240000000000000e+11	5.362100000000000364e+02	5.362099999999999644e-01	4.309648460400000000e+10	3.397631128596003552e-02	1.100299265440039809e-02	2.830418652164020180e-03
8.046430000000000000e+11	5.403799999999999955e+02	5.403799999999999715e-01	4.348129843400000000e+10	3.442373569044548248e-02	1.053987703776679448e-02	2.841575273102837484e-03
8.055460000000000000e+11	5.399199999999999591e+02	5.399200000000000665e-01	4.349303963200000000e+10	3.540245711781835752e-02	1.062241468596259938e-02	2.870062848951348503e-03
8.064350000000000000e+11	5.432799999999999727e+02	5.432799999999999851e-01	4.381200068000000000e+10	3.494004233114992447e-02	1.098429273329504588e-02	2.871812200295427008e-03
8.073090000000000000e+11	5.438999999999999773e+02	5.439000000000000501e-01	4.390953651000000000e+10	3.520931616365487182e-02	1.102533121568008596e-02	2.858205870752712069e-03
8.081680000000000000e+11	5.471600000000000819e+02	5.471600000000000907e-01	4.421972028800000000e+10	3.561883135822426633e-02	1.064340571289386014e-02	2.848960998522840574e-03
8.090120000000000000e+11	5.494800000000000182e+02	5.494799999999999685e-01	4.445359137600000000e+10	3.699734416126147785e-02	1.090497677568486902e-02	2.838414620984664773e-03
8.098420000000000000e+11	5.475899999999999181e+02	5.475900000000000212e-01	4.434613807800000000e+10	3.673794893749118134e-02	1.091525277392084436e-02	2.820456131099109264e-03
8.106590000000000000e+11	5.560899999999999181e+02	5.560899999999999732e-01	4.507993633100000000e+10	3.852294281826516842e-02	1.069400324443618537e-02	2.850653390388719483e-03
8.114610000000000000e+11	5.550099999999999909e+02	5.550100000000000033e-01	4.503689696100000000e+10	3.829971772392355006e-02	1.062599456409204189e-02	2.850526389821428971e-03
8.122500000000000000e+11	5.607899999999999636e+02	5.607899999999998997e-01	4.555016775000000000e+10	3.877346628971508474e-02	1.049481406857698251e-02	2.837286244738445283e-03
8.130250000000000000e+11	5.551100000000000136e+02	5.551099999999999923e-01	4.513183077500000000e+10	3.905001262486621633e-02	1.102728797038993527e-02	2.828690677389760627e-03
8.137870000000000000e+11	5.579900000000000091e+02	5.579899999999999860e-01	4.540850081300000000e+10	3.933995869661657818e-02	1.086585375415146000e-02	2.848041488462732442e-03
8.145360000000000000e+11	5.632899999999999636e+02	5.632900000000000684e-01	4.588199834400000000e+10	3.910064962758497131e-02	1.096098903512371381e-02	2.845254962913382028e-03
8.152720000000000000e+11	5.611200000000000045e+02	5.611200000000000632e-01	4.574654246400000000e+10	4.163889814468348105e-02	1.083423058533221697e-02	2.861968582494780165e-03
8.159950000000000000e+11	5.670800000000000409e+02	5.670800000000000285e-01	4.627344446000000000e+10	4.081715133424495406e-02	1.025435298815157575e-02	2.845939354976639683e-03
8.167050000000000000e+11	5.654399999999999409e+02	5.654399999999999427e-01	4.617976752000000000e+10	4.120742634765520163e-02	1.102497783381853856e-02	2.849648393779974972e-03
8.174040000000000000e+11	5.730499999999999545e+02	5.730500000000000593e-01	4.684133622000000000e+10	4.162356859261308328e-02	1.105497822198431637e-02	2.853494221641509655e-03
8.180900000000000000e+11	5.727699999999999818e+02	5.727700000000000014e-01	4.685774093000000000e+10	4.287626245224146482e-02	1.081446938476872920e-02	2.849954048503512867e-03
8.187630000000000000e+11	5.766899999999999409e+02	5.766899999999999249e-01	4.721724344700000000e+10	4.197585400170510128e-02	1.080685438854438012e-02	2.857720797062348640e-03
8.194250000000000000e+11	5.722599999999999909e+02	5.722599999999999909e-01	4.689241505000000000e+10	4.276420434833198836e-02	1.058176513939626702e-02	2.851526713878305922e-03
8.200750000000000000e+11	5.739800000000000182e+02	5.739799999999999347e-01	4.707066485000000000e+10	4.262081004169430976e-02	1.076888041727724205e-02	2.867350358478259510e-03
8.207140000000000000e+11	5.775499999999999545e+02	5.775500000000000078e-01	4.740033707000000000e+10	4.299730642737813191e-02	1.097472299186468513e-02	2.849602376520388343e-03
8.213410000000000000e+11	5.782500000000000000e+02	5.782499999999999307e-01	4.749404332500000000e+10	4.473829773870192927e-02	1.065570538506053697e-02	2.830321128174383659e-03
8.219570000000000000e+11	5.821399999999999864e+02	5.821399999999999908e-01	4.784940479800000000e+10	4.484787153100796425e-02	1.111224483670656370e-02	2.846947825591343399e-03
8.225610000000000000e+11	5.861399999999999864e+02	5.861399999999999944e-01	4.821359045400000000e+10	4.516639586891414704e-02	1.047679654417566636e-02	2.841217545838308628e-03
8.231550000000000000e+11	5.912400000000000091e+02	5.912400000000000988e-01	4.866821622000000000e+10	4.599387676893457177e-02	1.065759506180397748e-02	2.879038782590481130e-03
8.237370000000000000e+11	5.867599999999999909e+02	5.867600000000000593e-01	4.833359221200000000e+10	4.578218393061660868e-02	1.038784821010749725e-02	2.838838939220205727e-03
8.243090000000000000e+11	5.857899999999999636e+02	5.857900000000000329e-01	4.828719691100000000e+10	4.734711778338805688e-02	1.071184899084447716e-02	2.870446413353713259e-03
8.248700000000000000e+11	5.912699999999999818e+02	5.912699999999999623e-01	4.877208849000000000e+10	4.778515368447415479e-02	1.063670748180202061e-02	2.851501740211400196e-03
8.254210000000000000e+11	5.907599999999999909e+02	5.907600000000000628e-01	4.876257099600000000e+10	4.707487223415910554e-02	1.091138681075668783e-02	2.844360785905601218e-03
8.259610000000000000e+11	5.947899999999999636e+02	5.947900000000000409e-01	4.912733431900000000e+10	4.750327862924450667e-02	1.049048953893803003e-02	2.884948883330408845e-03
8.264910000000000000e+11	5.993600000000000136e+02	5.993599999999998929e-01	4.953656457600000000e+10	4.841081747319549156e-02	1.088271378416373787e-02	2.853673874156893286e-03
8.270110000000000000e+11	5.971800000000000637e+02	5.971800000000000441e-01	4.938744289800000000e+10	4.812505381484470657e-02	1.056295223822784068e-02	2.863877774515408321e-03
8.275210000000000000e+11	5.979500000000000455e+02	5.979499999999999815e-01	4.948161819500000000e+10	5.016213957422906156e-02	1.082172861776845366e-02	2.858774740143613623e-03
8.280210000000000000e+11	6.032899999999999636e+02	6.032899999999999929e-01	4.995367890900000000e+10	4.992684944535312475e-02	1.101021766691817269e-02	2.845268612791997456e-03
8.285110000000000000e+11	6.035399999999999636e+02	6.035399999999999654e-01	5.000395289400000000e+10	4.996442269090721477e-02	1.103086625824070167e-02	2.851684226950547928e-03
8.289920000000000000e+11	6.053700000000000045e+02	6.053699999999999637e-01	5.018468870400000000e+10	5.115950871072300066e-02	1.058236982077303059e-02	2.862722659711717382e-03
8.294630000000000000e+11	6.062799999999999727e+02	6.062800000000001521e-01	5.028868276400000000e+10	5.193755622153730517e-02	1.078504193357266924e-02	2.838937911004402702e-03
8.299250000000000000e+11	6.072200000000000273e+02	6.072200000000000930e-01	5.039470585000000000e+10	5.235802872407020747e-02	1.052243741792482402e-02	2.846946192173830607e-03
8.303770000000000000e+11	6.126399999999999864e+02	6.126399999999999624e-01	5.087221652800000000e+10	5.196981846837615826e-02	1.041931764244745720e-02	2.849711063344917417e-03
8.308200000000000000e+11	6.110699999999999363e+02	6.110700000000000021e-01	5.076891774000000000e+10	5.407146986709449044e-02	1.087514976529011315e-02	2.870096879247815112e-03
8.312550000000000000e+11	6.147599999999999909e+02	6.147599999999999731e-01	5.110223238000000000e+10	5.336040032618256934e-02	1.037306798105668698e-02	2.829862957657300511e-03
8.316800000000000000e+11	6.177799999999999727e+02	6.177799999999999958e-01	5.137952704000000000e+10	5.483245778984609936e-02	1.089426558643487308e-02	2.826942845203845971e-03
8.320960000000000000e+11	6.173199999999999363e+02	6.173199999999999799e-01	5.136695027200000000e+10	5.506349437898279409e-02	1.066033819244247352e-02	2.837817203144457710e-03
8.325030000000000000e+11	6.133500000000000227e+02	6.133499999999999508e-01	5.106157150500000000e+10	5.540257773099710459e-02	1.043667230392809203e-02	2.894580566256155143e-03
8.329020000000000000e+11	6.053100000000000591e+02	6.053099999999999037e-01	5.041639096200000000e+10	5.387860477111644508e-02	1.077263591388680740e-02	2.862488551280409181e-03
8.332920000000000000e+11	5.953799999999999955e+02	5.953799999999999093e-01	4.961253909600000000e+10	5.542890674260660816e-02	1.087256137761339822e-02	2.818468484088446600e-03
8.336740000000000000e+11	5.873799999999999955e+02	5.873800000000000132e-01	4.896834341200000000e+10	5.754569288156744650e-02	1.098329487221680507e-02	2.839435044879352367e-03
8.340470000000000000e+11	5.787200000000000273e+02	5.787200000000000122e-01	4.826796798400000000e+10	5.743058315005100667e-02	1.091697090795993100e-02	2.830204890517153300e-03
8.344120000000000000e+11	5.659800000000000182e+02	5.659799999999999276e-01	4.722605037600000000e+10	5.779378232103681012e-02	1.103852906462741805e-02	2.853687504717535278e-03
8.347690000000000000e+11	5.616699999999999591e+02	5.616700000000000026e-01	4.688647042300000000e+10	5.895651690806062023e-02	1.096749006062483836e-02	2.842617873722328836e-03
8.351180000000000000e+11	5.512699999999999818e+02	5.512700000000000378e-01	4.603754998600000000e+10	5.871421615589724613e-02	1.082929688232963164e-02	2.848102851285893265e-03
8.354580000000000000e+11	5.464600000000000364e+02	5.464599999999999458e-01	4.565443786800000000e+10	5.849006062344870582e-02	1.078348379825196449e-02	2.828736542791704910e-03
8.357910000000000000e+11	5.388700000000000045e+02	5.388699999999999601e-01	4.503826961700000000e+10	5.951699561178201703e-02	1.084203277736356039e-02	2.824778024720117457e-03
8.361160000000000000e+11	5.253399999999999181e+02	5.253400000000001402e-01	4.392451794400000000e+10	6.116173862779306081e-02	1.062795669263845097e-02	2.844081058526164857e-03
8.364330000000000000e+11	5.152000000000000455e+02	5.151999999999998803e-01	4.309302816000000000e+10	6.042224150178526765e-02	1.084863112465452029e-02	2.826117178245770526e-03
8.367430000000000000e+11	5.079800000000000182e+02	5.079800000000000981e-01	4.250487091400000000e+10	6.063722968927095364e-02	1.094204094741791852e-02	2.834388614799706121e-03
8.370440000000000000e+11	4.974699999999999704e+02	4.974700000000000233e-01	4.164042786800000000e+10	6.068304372971624477e-02	1.086681604918675673e-02	2.818269228101420547e-03
8.373390000000000000e+11	4.896999999999999886e+02	4.897000000000000242e-01	4.100449083000000000e+10	6.195331061041997600e-02	1.030413671213755919e-02	2.831581983848232599e-03
8.376260000000000000e+11	4.816100000000000136e+02	4.816100000000000381e-01	4.034090578600000000e+10	6.273673440787888578e-02	1.048715511255042011e-02	2.836120594521430484e-03
8.379050000000000000e+11	4.748799999999999955e+02	4.748799999999999133e-01	3.979043264000000000e+10	6.417394019414132678e-02	1.077190208665594964e-02	2.813437279331406325e-03
8.381770000000000000e+11	4.640399999999999636e+02	4.640400000000000635e-01	3.889476550800000000e+10	6.519351492967644102e-02	1.096914064213806370e-02	2.813794348497084593e-03
8.384420000000000000e+11	4.550100000000000477e+02	4.550099999999999700e-01	3.814994944200000000e+10	6.535287226271294103e-02	1.055734941585987144e-02	2.835310906958088233e-03
8.387000000000000000e+11	4.491699999999999591e+02	4.491699999999999582e-01	3.767188790000000000e+10	6.344820212057357411e-02	1.061437557452582503e-02	2.839716759829232461e-03
8.389510000000000000e+11	4.343000000000000114e+02	4.342999999999999083e-01	3.643564193000000000e+10	6.369264638447021121e-02	1.075949651865433163e-02	2.830963042810827508e-03
8.391950000000000000e+11	4.302500000000000000e+02	4.302500000000000213e-01	3.610636487500000000e+10	6.413560803658582832e-02	1.033931499201478504e-02	2.825862008234792788e-03
8.394320000000000000e+11	4.161299999999999955e+02	4.161299999999999999e-01	3.493128381600000000e+10	6.548037837698757191e-02	1.083419593628960273e-02	2.811263883200661520e-03
8.396620000000000000e+11	4.080800000000000409e+02	4.080799999999999983e-01	3.426492689600000000e+10	6.605789506964357405e-02	1.070494817979924553e-02	2.787936327628268238e-03
8.398850000000000000e+11	4.017800000000000296e+02	4.017799999999999150e-01	3.374489953000000000e+10	6.715011823841678107e-02	1.096081697676334725e-02	2.811470380974008358e-03
8.401020000000000000e+11	3.928199999999999932e+02	3.928200000000000580e-01	3.300088676400000000e+10	6.834576301517017449e-02	1.036869420662373670e-02	2.813513087117281396e-03
8.403120000000000000e+11	3.789599999999999795e+02	3.789600000000000191e-01	3.184446355200000000e+10	6.965231528637104430e-02	1.077932647858936832e-02	2.832694597462954728e-03
8.405160000000000000e+11	3.718000000000000114e+02	3.718000000000000194e-01	3.125038488000000000e+10	6.835283481671240724e-02	1.076201735705203597e-02	2.787232611167508260e-03
8.407130000000000000e+11	3.616399999999999864e+02	3.616400000000000170e-01	3.040354493200000000e+10	6.806382246897101085e-02	1.052957073450195603e-02	2.819563356087147372e-03
8.409030000000000000e+11	3.541699999999999591e+02	3.541699999999999848e-01	2.978226155100000000e+10	7.048466788502537328e-02	1.070392310281400965e-02	2.810505800185217166e-03
8.410870000000000000e+11	3.432300000000000182e+02	3.432300000000000351e-01	2.886862910100000000e+10	7.174622146162164260e-02	1.048792172052067165e-02	2.820970843713733762e-03
8.412650000000000000e+11	3.315000000000000000e+02	3.315000000000000169e-01	2.788793475000000000e+10	7.136590738588892424e-02	1.044848427569567730e-02	2.791580198306155454e-03
8.414370000000000000e+11	3.255300000000000296e+02	3.255300000000000971e-01	2.739129866100000000e+10	7.107430282706218849e-02	1.086807470138061171e-02	2.841899005483160962e-03
8.416020000000000000e+11	3.115400000000000205e+02	3.115400000000000391e-01	2.621926870800000000e+10	7.146031862445398342e-02	9.929549424309494846e-03	2.815361641171985462e-03
8.417620000000000000e+11	3.096899999999999977e+02	3.096900000000000208e-01	2.606852737800000000e+10	7.310639426966417109e-02	1.071741013432990150e-02	2.821256310218087614e-03
8.419150000000000000e+11	2.951599999999999682e+02	2.951599999999999779e-01	2.484996314000000000e+10	7.202009950545970596e-02	1.061929633287910651e-02	2.795630428471228886e-03
8.420630000000000000e+11	2.888199999999999932e+02	2.888200000000000212e-01	2.432046356600000000e+10	7.359979361071736226e-02	1.078035845854647193e-02	2.811769781862972790e-03
