# SourcePhotonFlux	NumberRaysSurvived	PercentageRaysSurvived	PhotonFlux	Bandwidth	HorizontalFocusFWHM	VerticalFocusFWHM
3.011670000000000000e+12	8.965599999999999454e+02	8.965600000000003567e-01	2.700142855200000000e+10	1.467835231287111224e-03	1.023824413124644062e-01	2.849305767373370296e-02
3.300160000000000000e+12	1.186559999999999945e+03	1.186559999999999837e+00	3.915837849600000000e+10	2.273666449031353041e-03	1.023091422709412751e-01	2.842766472002097519e-02
3.540540000000000000e+12	1.464299999999999955e+03	1.464300000000000157e+00	5.184412722000000000e+10	3.180884806947688066e-03	1.024898328915933021e-01	2.816090424559715075e-02
3.748020000000000000e+12	1.707640000000000100e+03	1.707639999999999603e+00	6.400268872800000000e+10	4.247487607374296134e-03	1.046018901667936929e-01	2.804878552544170719e-02
3.931350000000000000e+12	1.801579999999999927e+03	1.801579999999999293e+00	7.082641533000000000e+10	5.152410213286912934e-03	1.068369061674184772e-01	2.791445506185950484e-02
4.096050000000000000e+12	1.894059999999999945e+03	1.894059999999999855e+00	7.758164463000000000e+10	6.218653883085778315e-03	1.041894279446190508e-01	2.815837156070086222e-02
4.245860000000000000e+12	1.974089999999999918e+03	1.974090000000000567e+00	8.381709767400000000e+10	7.376819263523515247e-03	1.039288487562250590e-01	2.793836280111212239e-02
4.383450000000000000e+12	2.052389999999999873e+03	2.052389999999999937e+00	8.996548945500000000e+10	8.552944181491425879e-03	1.048144980196746567e-01	2.803275399120164560e-02
4.510800000000000000e+12	2.129650000000000091e+03	2.129649999999999377e+00	9.606425220000000000e+10	9.799566864447085968e-03	1.046826878031071051e-01	2.796598243413373278e-02
4.629430000000000000e+12	2.201869999999999891e+03	2.201869999999999994e+00	1.019340303410000000e+11	1.114356129735313145e-02	1.042936262166324068e-01	2.815439814002315341e-02
4.740500000000000000e+12	2.268519999999999982e+03	2.268520000000000092e+00	1.075391906000000000e+11	1.244148614513193238e-02	1.051437449028282262e-01	2.813995349065852997e-02
4.844980000000000000e+12	2.330820000000000164e+03	2.330819999999999226e+00	1.129277628360000000e+11	1.391813507985375543e-02	1.042947556468909881e-01	2.814531868086521740e-02
4.943630000000000000e+12	2.389019999999999982e+03	2.389020000000000366e+00	1.181043094260000000e+11	1.523880200765518125e-02	1.036473490526652191e-01	2.827144005310829045e-02
5.037080000000000000e+12	2.442909999999999854e+03	2.442909999999999915e+00	1.230513310280000000e+11	1.684180626159047581e-02	1.060898750341677799e-01	2.805698095497688796e-02
5.125860000000000000e+12	2.490909999999999854e+03	2.490909999999999958e+00	1.276805593260000000e+11	1.845342039186760943e-02	1.063823633170172117e-01	2.829748006271186681e-02
5.210430000000000000e+12	2.538369999999999891e+03	2.538370000000000015e+00	1.322599919910000000e+11	2.014372781220060901e-02	1.067462499786022978e-01	2.825265498672138026e-02
5.291170000000000000e+12	2.594519999999999982e+03	2.594519999999998827e+00	1.372804638840000000e+11	2.206656889860368967e-02	1.064831268582348972e-01	2.823318857145169780e-02
5.368410000000000000e+12	2.651460000000000036e+03	2.651460000000000150e+00	1.423412437860000000e+11	2.333186121567365490e-02	1.065686425400843296e-01	2.812660254045099006e-02
5.442440000000000000e+12	2.703559999999999945e+03	2.703559999999999963e+00	1.471396308640000000e+11	2.529977018310660200e-02	1.061238692687813401e-01	2.825483355300735522e-02
5.513500000000000000e+12	2.736760000000000218e+03	2.736759999999999415e+00	1.508912626000000000e+11	2.715885843798588467e-02	1.061783204238066630e-01	2.822391121880024958e-02
5.581830000000000000e+12	2.798900000000000091e+03	2.798899999999999721e+00	1.562298398700000000e+11	2.877451076439285771e-02	1.055204996809283868e-01	2.832371706121376842e-02
5.647610000000000000e+12	2.835079999999999927e+03	2.835080000000000489e+00	1.601142615880000000e+11	3.074966868658663213e-02	1.062076302027632341e-01	2.817340782977246702e-02
5.711030000000000000e+12	2.880750000000000000e+03	2.880749999999998590e+00	1.645204967250000000e+11	3.249690845984304355e-02	1.056471411105329716e-01	2.833853166280713223e-02
5.772230000000000000e+12	2.917619999999999891e+03	2.917619999999998992e+00	1.684117369260000000e+11	3.432098277358875543e-02	1.063466269894397520e-01	2.829236201765041037e-02
5.831360000000000000e+12	2.953849999999999909e+03	2.953849999999999199e+00	1.722496273600000000e+11	3.690277667377359072e-02	1.066694706012549093e-01	2.840551307295249850e-02
5.888550000000000000e+12	3.008510000000000218e+03	3.008509999999998907e+00	1.771576156050000000e+11	3.845291859228097686e-02	1.071513196125767342e-01	2.826959089540212119e-02
5.943910000000000000e+12	3.034019999999999982e+03	3.034020000000001716e+00	1.803394181820000000e+11	4.038937010450126958e-02	1.072240732073624636e-01	2.832878998986055816e-02
5.997540000000000000e+12	3.075179999999999836e+03	3.075180000000000913e+00	1.844351505720000000e+11	4.353345196632403546e-02	1.059794797954707185e-01	2.835079055631354109e-02
6.049540000000000000e+12	3.122590000000000146e+03	3.122589999999999755e+00	1.889023310860000000e+11	4.497402290573404571e-02	1.059996124413064567e-01	2.833224092793873092e-02
6.100000000000000000e+12	3.155750000000000000e+03	3.155750000000002053e+00	1.925007500000000000e+11	4.685566713041964398e-02	1.065255087203750284e-01	2.831054977978792603e-02
6.149000000000000000e+12	3.197889999999999873e+03	3.197890000000000565e+00	1.966382561000000000e+11	4.926164751525220764e-02	1.071284679426272729e-01	2.828815778123009231e-02
6.196610000000000000e+12	3.232210000000000036e+03	3.232209999999999361e+00	2.002874480810000000e+11	5.155316418232644415e-02	1.052965821948397690e-01	2.835182681692695675e-02
6.242890000000000000e+12	3.261670000000000073e+03	3.261670000000000513e+00	2.036224702630000000e+11	5.410689417480625540e-02	1.073785244984868797e-01	2.840532652355698059e-02
6.287920000000000000e+12	3.298460000000000036e+03	3.298459999999999948e+00	2.074045260320000000e+11	5.698159355544191867e-02	1.060242219999068813e-01	2.836538888178062601e-02
6.331740000000000000e+12	3.326900000000000091e+03	3.326900000000000635e+00	2.106506580600000000e+11	5.905704660474384721e-02	1.069294105190615046e-01	2.851193196881932415e-02
6.374420000000000000e+12	3.371920000000000073e+03	3.371920000000000694e+00	2.149403428640000000e+11	6.093190648696065331e-02	1.063771427112320117e-01	2.828856290574244259e-02
6.416000000000000000e+12	3.407630000000000109e+03	3.407630000000001047e+00	2.186335408000000000e+11	6.322830163391415792e-02	1.068563522410110878e-01	2.848423207890232040e-02
6.456530000000000000e+12	3.427619999999999891e+03	3.427620000000000111e+00	2.213053135860000000e+11	6.632094979166368309e-02	1.052482113205210346e-01	2.831787913841422866e-02
6.496060000000000000e+12	3.480510000000000218e+03	3.480510000000000659e+00	2.260960179060000000e+11	6.741211864239175788e-02	1.062544413337252469e-01	2.838787319529034736e-02
6.534620000000000000e+12	3.508150000000000091e+03	3.508149999999998325e+00	2.292442715300000000e+11	7.086263445764018343e-02	1.059747649621576582e-01	2.841857109089058336e-02
6.572250000000000000e+12	3.534590000000000146e+03	3.534590000000000121e+00	2.323020912750000000e+11	7.424521867298324029e-02	1.064778637773018122e-01	2.839165959744947149e-02
6.608990000000000000e+12	3.562510000000000218e+03	3.562510000000000510e+00	2.354459296490000000e+11	7.581843291682503760e-02	1.063355969833617437e-01	2.843373745930062244e-02
6.644880000000000000e+12	3.603030000000000200e+03	3.603030000000000399e+00	2.394170198640000000e+11	7.868369166989794272e-02	1.056973709887551183e-01	2.839636739397950402e-02
6.679940000000000000e+12	3.637809999999999945e+03	3.637810000000001320e+00	2.430035253140000000e+11	8.177557834937033976e-02	1.071893560330168249e-01	2.830953025136122986e-02
6.714200000000000000e+12	3.657460000000000036e+03	3.657459999999999933e+00	2.455691793200000000e+11	8.438218279439638203e-02	1.066776339800458440e-01	2.840786823779668790e-02
6.747700000000000000e+12	3.684590000000000146e+03	3.684590000000000032e+00	2.486250794300000000e+11	8.709037446573972274e-02	1.068126886145582266e-01	2.831995124753930795e-02
6.780450000000000000e+12	3.722900000000000091e+03	3.722900000000000986e+00	2.524293730500000000e+11	8.929557628416716353e-02	1.060553991093019788e-01	2.835636729116971372e-02
6.812500000000000000e+12	3.758800000000000182e+03	3.758800000000001251e+00	2.560682500000000000e+11	9.192441914138725634e-02	1.076762951405114965e-01	2.848387876248460737e-02
6.843850000000000000e+12	3.777300000000000182e+03	3.777300000000000324e+00	2.585127460500000000e+11	9.505570199195062520e-02	1.070877943421193051e-01	2.833860568996026882e-02
6.874530000000000000e+12	3.799739999999999782e+03	3.799739999999999451e+00	2.612142662220000000e+11	9.786486562899313069e-02	1.064717831834285228e-01	2.846386716225287467e-02
6.904560000000000000e+12	3.836059999999999945e+03	3.836059999999999803e+00	2.648630643360000000e+11	1.008877069969935231e-01	1.063313990768080530e-01	2.848691757590864765e-02
6.933970000000000000e+12	3.872610000000000127e+03	3.872610000000000330e+00	2.685256156170000000e+11	1.032958649733450307e-01	1.052443489647482827e-01	2.840359626240282140e-02
6.962770000000000000e+12	3.894039999999999964e+03	3.894040000000001722e+00	2.711330489080000000e+11	1.068642975115983579e-01	1.068483346616545537e-01	2.847793440147972435e-02
6.990990000000000000e+12	3.912210000000000036e+03	3.912210000000000409e+00	2.735022098790000000e+11	1.085777350065245672e-01	1.068214950894173232e-01	2.843848887905636377e-02
7.018630000000000000e+12	3.944960000000000036e+03	3.944960000000000466e+00	2.768821460480000000e+11	1.124086991113460998e-01	1.050159950418730753e-01	2.843806340777980946e-02
7.045720000000000000e+12	3.980440000000000055e+03	3.980440000000000200e+00	2.804506571680000000e+11	1.154387658903840430e-01	1.061303635384844429e-01	2.848107539555966641e-02
7.072270000000000000e+12	4.004289999999999964e+03	4.004290000000000127e+00	2.831942003830000000e+11	1.190036555913718541e-01	1.077410025390735382e-01	2.851045021173299540e-02
7.098300000000000000e+12	4.035289999999999964e+03	4.035289999999999822e+00	2.864369900700000000e+11	1.210417062763201601e-01	1.071028108924746980e-01	2.845216693680352807e-02
7.123820000000000000e+12	4.065969999999999800e+03	4.065970000000000084e+00	2.896523840540000000e+11	1.239346024659505469e-01	1.061348492145764572e-01	2.840029644712041557e-02
7.148840000000000000e+12	4.088380000000000109e+03	4.088380000000001679e+00	2.922717447920000000e+11	1.270747020723570209e-01	1.076792727820638784e-01	2.847831654994207110e-02
7.173390000000000000e+12	4.116409999999999854e+03	4.116410000000001013e+00	2.952861432990000000e+11	1.311129494287388286e-01	1.062140944855134578e-01	2.854261610555405143e-02
7.197470000000000000e+12	4.143210000000000036e+03	4.143210000000000726e+00	2.982062967870000000e+11	1.343687878095829458e-01	1.074917130761364747e-01	2.845043186714354619e-02
7.221090000000000000e+12	4.156770000000000437e+03	4.156769999999998966e+00	3.001641027930000000e+11	1.365093589450180056e-01	1.056552016308374142e-01	2.838443891956935611e-02
7.244270000000000000e+12	4.195130000000000109e+03	4.195129999999998915e+00	3.039065440510000000e+11	1.406131786710932419e-01	1.064610090057076380e-01	2.841688347918093147e-02
7.267020000000000000e+12	4.225350000000000364e+03	4.225349999999998829e+00	3.070570295700000000e+11	1.421823377427324508e-01	1.068354946604146288e-01	2.857255172818676942e-02
7.289350000000000000e+12	4.253039999999999964e+03	4.253040000000000376e+00	3.100189712400000000e+11	1.470668676875777625e-01	1.064576116194269062e-01	2.846728428633043748e-02
7.311270000000000000e+12	4.270220000000000255e+03	4.270219999999999239e+00	3.122073137940000000e+11	1.492208029473181263e-01	1.059857465451569808e-01	2.848065550078993091e-02
7.332790000000000000e+12	4.301430000000000291e+03	4.301430000000000753e+00	3.154148288970000000e+11	1.535576290409619571e-01	1.069803230520524201e-01	2.841304833037414102e-02
7.353910000000000000e+12	4.323579999999999927e+03	4.323580000000000645e+00	3.179521819780000000e+11	1.566883198516313691e-01	1.074375128281680608e-01	2.842750483651024576e-02
7.374660000000000000e+12	4.344890000000000327e+03	4.344890000000000363e+00	3.204208648740000000e+11	1.585059194006237238e-01	1.064303649225051135e-01	2.846405335529867894e-02
7.395030000000000000e+12	4.360119999999999891e+03	4.360120000000000218e+00	3.224321820360000000e+11	1.624328176154108405e-01	1.058127430393206447e-01	2.848837791771377873e-02
7.415040000000000000e+12	4.400380000000000109e+03	4.400379999999999292e+00	3.262899371520000000e+11	1.647558387459696350e-01	1.066588631339641380e-01	2.849330937866233204e-02
7.434690000000000000e+12	4.416649999999999636e+03	4.416649999999998855e+00	3.283642358850000000e+11	1.685239813884163718e-01	1.074433804847980539e-01	2.845389640791567629e-02
7.454000000000000000e+12	4.423039999999999964e+03	4.423039999999999417e+00	3.296934016000000000e+11	1.732592026473423752e-01	1.067841627151483036e-01	2.853559173782514030e-02
7.472970000000000000e+12	4.469229999999999563e+03	4.469230000000000480e+00	3.339842171310000000e+11	1.761049709799931418e-01	1.071995483844487979e-01	2.841802378501609438e-02
7.491600000000000000e+12	4.487390000000000327e+03	4.487389999999998658e+00	3.361773092400000000e+11	1.822215315337916697e-01	1.076643535227640863e-01	2.849132101288065141e-02
7.509910000000000000e+12	4.520710000000000036e+03	4.520709999999999340e+00	3.395012523610000000e+11	1.834633281862477483e-01	1.059080912841029731e-01	2.844918184006343942e-02
7.527910000000000000e+12	4.521979999999999563e+03	4.521980000000000111e+00	3.404105846180000000e+11	1.881601390743105617e-01	1.081686884963073553e-01	2.847178316841946291e-02
7.545590000000000000e+12	4.559250000000000000e+03	4.559250000000000469e+00	3.440223120750000000e+11	1.900342086077057568e-01	1.063927147837114146e-01	2.841982200412973558e-02
7.562970000000000000e+12	4.595090000000000146e+03	4.595089999999999897e+00	3.475252781730000000e+11	1.946559283645274141e-01	1.075639854991755906e-01	2.845922671300799706e-02
7.580040000000000000e+12	4.612420000000000073e+03	4.612419999999999298e+00	3.496232809680000000e+11	1.973955072258956889e-01	1.073209024570422748e-01	2.852098408128850640e-02
7.596830000000000000e+12	4.634880000000000109e+03	4.634879999999999889e+00	3.521039543040000000e+11	2.016527431240490442e-01	1.075667081982679130e-01	2.852816681868933571e-02
7.613330000000000000e+12	4.650119999999999891e+03	4.650119999999997589e+00	3.540289809960000000e+11	2.053873034994376234e-01	1.080836134467182547e-01	2.845727917852231351e-02
7.629560000000000000e+12	4.670909999999999854e+03	4.670910000000001006e+00	3.563698809960000000e+11	2.097468168282227985e-01	1.058597242126942117e-01	2.839932672062150942e-02
7.645500000000000000e+12	4.696199999999999818e+03	4.696200000000001040e+00	3.590479710000000000e+11	2.114502471073967660e-01	1.062194884435033321e-01	2.843560428994378400e-02
7.661180000000000000e+12	4.733680000000000291e+03	4.733679999999997889e+00	3.626557454240000000e+11	2.167512491545676434e-01	1.070259741438802370e-01	2.848413435819049239e-02
7.676590000000000000e+12	4.750199999999999818e+03	4.750200000000001310e+00	3.646533781800000000e+11	2.207713399920964992e-01	1.083778260015526990e-01	2.848060524751758887e-02
7.691750000000000000e+12	4.774300000000000182e+03	4.774300000000000210e+00	3.672272202500000000e+11	2.242288066407388536e-01	1.077764352963076905e-01	2.848370142486039355e-02
7.706650000000000000e+12	4.787310000000000400e+03	4.787309999999999732e+00	3.689412261150000000e+11	2.280357005998985276e-01	1.067245293425791164e-01	2.848361266707192044e-02
7.721310000000000000e+12	4.793649999999999636e+03	4.793649999999999523e+00	3.701325768150000000e+11	2.312949899293630651e-01	1.068794156627936726e-01	2.854630198771601277e-02
7.735710000000000000e+12	4.836479999999999563e+03	4.836479999999999890e+00	3.741360670080000000e+11	2.365240468092724702e-01	1.083052827324363920e-01	2.849529502839847142e-02
7.749880000000000000e+12	4.849590000000000146e+03	4.849589999999999179e+00	3.758374054920000000e+11	2.372351229342370971e-01	1.080412069685450227e-01	2.844493389271414083e-02
7.763820000000000000e+12	4.877909999999999854e+03	4.877910000000000856e+00	3.787121521620000000e+11	2.423977800972443308e-01	1.070120851733172840e-01	2.851767274432663937e-02
7.777520000000000000e+12	4.891859999999999673e+03	4.891859999999999431e+00	3.804653898720000000e+11	2.445768172093630843e-01	1.070097910192077811e-01	2.851657440364206014e-02
7.790990000000000000e+12	4.917390000000000327e+03	4.917389999999999262e+00	3.831133631610000000e+11	2.498864809289943756e-01	1.082046516021880761e-01	2.850086585296178823e-02
7.804250000000000000e+12	4.936369999999999891e+03	4.936370000000001923e+00	3.852466557250000000e+11	2.538490985666373989e-01	1.057029046271129868e-01	2.850731383951572717e-02
7.817280000000000000e+12	4.954420000000000073e+03	4.954419999999998936e+00	3.873008837760000000e+11	2.572488039214806399e-01	1.077614556003986118e-01	2.852696972956416180e-02
7.830100000000000000e+12	4.993130000000000109e+03	4.993130000000000734e+00	3.909670721300000000e+11	2.597658872597582991e-01	1.067481361637296483e-01	2.841687393087257221e-02
7.842710000000000000e+12	4.996970000000000255e+03	4.996970000000001910e+00	3.918978658870000000e+11	2.655950108964941769e-01	1.063708388966646684e-01	2.846886647502380741e-02
7.855110000000000000e+12	5.028340000000000146e+03	5.028339999999997367e+00	3.949816381740000000e+11	2.722434417885085667e-01	1.083920725969014370e-01	2.846277070748511051e-02
7.867300000000000000e+12	5.054569999999999709e+03	5.054570000000000896e+00	3.976581856100000000e+11	2.742611914284020513e-01	1.060466736807110927e-01	2.851075182810474881e-02
7.879300000000000000e+12	5.060949999999999818e+03	5.060949999999998283e+00	3.987674333500000000e+11	2.756660275224908085e-01	1.062939326540601609e-01	2.844939315866974738e-02
7.891090000000000000e+12	5.093079999999999927e+03	5.093079999999997831e+00	4.018995265720000000e+11	2.837027241003079459e-01	1.073844013187967295e-01	2.843730998006207752e-02
7.902700000000000000e+12	5.117779999999999745e+03	5.117780000000000662e+00	4.044428000600000000e+11	2.864581484764971986e-01	1.074511301375413591e-01	2.854150812269876797e-02
7.914110000000000000e+12	5.122149999999999636e+03	5.122150000000000425e+00	4.053725853650000000e+11	2.893438686266767701e-01	1.078238020114112433e-01	2.847504943389453369e-02
7.925330000000000000e+12	5.147659999999999854e+03	5.147659999999998348e+00	4.079690422780000000e+11	2.933506477206879182e-01	1.070655764712940411e-01	2.853323489104710176e-02
7.936380000000000000e+12	5.177899999999999636e+03	5.177900000000001057e+00	4.109378200200000000e+11	2.968920502707055875e-01	1.071247538808335759e-01	2.855989567517392899e-02
7.947230000000000000e+12	5.191630000000000109e+03	5.191629999999998191e+00	4.125907768490000000e+11	3.040392986813503784e-01	1.066952357084690745e-01	2.855275843403575278e-02
7.957910000000000000e+12	5.212479999999999563e+03	5.212480000000000224e+00	4.148044671680000000e+11	3.098755852490830964e-01	1.087076118250658585e-01	2.851763600115271580e-02
7.968420000000000000e+12	5.233960000000000036e+03	5.233959999999999724e+00	4.170639154320000000e+11	3.120444818882811000e-01	1.081208224836970322e-01	2.847326871643575744e-02
7.978750000000000000e+12	5.251159999999999854e+03	5.251159999999999606e+00	4.189769285000000000e+11	3.147481521881104749e-01	1.073887193722555394e-01	2.841102150153103356e-02
7.988910000000000000e+12	5.277399999999999636e+03	5.277399999999999203e+00	4.216067363400000000e+11	3.192400977043871602e-01	1.071731020787143468e-01	2.851142078235424648e-02
7.998900000000000000e+12	5.298649999999999636e+03	5.298649999999998528e+00	4.238337148500000000e+11	3.251102141708224758e-01	1.078230621154395719e-01	2.852625581548704978e-02
8.008730000000000000e+12	5.305069999999999709e+03	5.305069999999999730e+00	4.248687326110000000e+11	3.274815107629319710e-01	1.052858072165352848e-01	2.844871779427949818e-02
8.018390000000000000e+12	5.342720000000000255e+03	5.342720000000000802e+00	4.284001262080000000e+11	3.318716875421569013e-01	1.070354414582940089e-01	2.841932726037791485e-02
8.027890000000000000e+12	5.354460000000000036e+03	5.354459999999999553e+00	4.298501588940000000e+11	3.361006376211275737e-01	1.083611529683881497e-01	2.856659129293340205e-02
8.037240000000000000e+12	5.361470000000000255e+03	5.361469999999997960e+00	4.309142114280000000e+11	3.406099179254920006e-01	1.078262379986977132e-01	2.847795020761922577e-02
8.046430000000000000e+12	5.399569999999999709e+03	5.399569999999999759e+00	4.344726203510000000e+11	3.444090086554251751e-01	1.056192551566997595e-01	2.847185136226261515e-02
8.055460000000000000e+12	5.411859999999999673e+03	5.411860000000001669e+00	4.359502175560000000e+11	3.528018272537383204e-01	1.073876702652376003e-01	2.847882163165665198e-02
8.064350000000000000e+12	5.427609999999999673e+03	5.427609999999998713e+00	4.377014670350000000e+11	3.563747725470648442e-01	1.072463520583324670e-01	2.856232638694413545e-02
8.073090000000000000e+12	5.448890000000000327e+03	5.448889999999998679e+00	4.398937937010000000e+11	3.568865293939847971e-01	1.078603034970962854e-01	2.848472185165275283e-02
8.081680000000000000e+12	5.474050000000000182e+03	5.474050000000000082e+00	4.423952040400000000e+11	3.613691872761433110e-01	1.062510489120549184e-01	2.843770421730497031e-02
8.090120000000000000e+12	5.495220000000000255e+03	5.495219999999997995e+00	4.445698922640000000e+11	3.676834174733380478e-01	1.071079599728162191e-01	2.847882103315233643e-02
8.098420000000000000e+12	5.504890000000000327e+03	5.504890000000001393e+00	4.458091127380000000e+11	3.704216551260242074e-01	1.071863321869483687e-01	2.846795941132805249e-02
8.106590000000000000e+12	5.533529999999999745e+03	5.533530000000000726e+00	4.485805896270000000e+11	3.772123283954579298e-01	1.077387804922213671e-01	2.852605615901191924e-02
8.114610000000000000e+12	5.540760000000000218e+03	5.540760000000002350e+00	4.496110650360000000e+11	3.806896133242662628e-01	1.070870576625565646e-01	2.846130336480667822e-02
8.122500000000000000e+12	5.574220000000000255e+03	5.574219999999995956e+00	4.527660195000000000e+11	3.854192260503396250e-01	1.054658914154646548e-01	2.852604950719910687e-02
8.130250000000000000e+12	5.577260000000000218e+03	5.577259999999998108e+00	4.534451811500000000e+11	3.887811647117450642e-01	1.087809840130891936e-01	2.841831182461851749e-02
8.137870000000000000e+12	5.594369999999999891e+03	5.594370000000001397e+00	4.552625579190000000e+11	3.927977187172859708e-01	1.077099438853958840e-01	2.848241433429185565e-02
8.145360000000000000e+12	5.614140000000000327e+03	5.614139999999996355e+00	4.572919139040000000e+11	3.999079541545256800e-01	1.079032204087422980e-01	2.852321317748784599e-02
8.152720000000000000e+12	5.635920000000000073e+03	5.635920000000001373e+00	4.594807770240000000e+11	4.043001845889807599e-01	1.069851994870257283e-01	2.853061362588794891e-02
8.159950000000000000e+12	5.652869999999999891e+03	5.652869999999999173e+00	4.612713655650000000e+11	4.072244796319296478e-01	1.057773953011672124e-01	2.851606320385279003e-02
8.167050000000000000e+12	5.664909999999999854e+03	5.664909999999999002e+00	4.626560321550000000e+11	4.129876552807763557e-01	1.083411296826321951e-01	2.845672850232998374e-02
8.174040000000000000e+12	5.691670000000000073e+03	5.691669999999998453e+00	4.652393824680000000e+11	4.156372302518411832e-01	1.073467824920909530e-01	2.848242498115198876e-02
8.180900000000000000e+12	5.720039999999999964e+03	5.720040000000000013e+00	4.679507523600000000e+11	4.246791077257239255e-01	1.071296809606589184e-01	2.850983024620347764e-02
8.187630000000000000e+12	5.736029999999999745e+03	5.736029999999998630e+00	4.696449130890000000e+11	4.251555903420375926e-01	1.075044413042783309e-01	2.853738774511423854e-02
8.194250000000000000e+12	5.755949999999999818e+03	5.755949999999999456e+00	4.716569328750000000e+11	4.305224143069335541e-01	1.076090737881135739e-01	2.837899497217456768e-02
8.200750000000000000e+12	5.777840000000000146e+03	5.777840000000000309e+00	4.738262138000000000e+11	4.366479318217239003e-01	1.076396813519813755e-01	2.850966030203816448e-02
8.207140000000000000e+12	5.774789999999999964e+03	5.774790000000000312e+00	4.739451000060000000e+11	4.367997422054327172e-01	1.069909340886179838e-01	2.851679758520987359e-02
8.213410000000000000e+12	5.798989999999999782e+03	5.798989999999998979e+00	4.762948245590000000e+11	4.452622423141906483e-01	1.077157747250064579e-01	2.842545380111957329e-02
8.219570000000000000e+12	5.825609999999999673e+03	5.825609999999999289e+00	4.788400918770000000e+11	4.491015081300042677e-01	1.073970755031739555e-01	2.850598194984911571e-02
8.225610000000000000e+12	5.847840000000000146e+03	5.847840000000001481e+00	4.810205118240000000e+11	4.524469679569301794e-01	1.079882168364964534e-01	2.852757317176395080e-02
8.231550000000000000e+12	5.859369999999999891e+03	5.859369999999999301e+00	4.823169712350000000e+11	4.602712380492153255e-01	1.072927189851265728e-01	2.849087672625641443e-02
8.237370000000000000e+12	5.871770000000000437e+03	5.871770000000001488e+00	4.836794204490000000e+11	4.619911561638014308e-01	1.088389889951604933e-01	2.849169714850623147e-02
8.243090000000000000e+12	5.895439999999999600e+03	5.895440000000002456e+00	4.859664250960000000e+11	4.714098846910473872e-01	1.068940331951921535e-01	2.854854017282625403e-02
8.248700000000000000e+12	5.920289999999999964e+03	5.920289999999998720e+00	4.883469612300000000e+11	4.719392022631223038e-01	1.069456412022323777e-01	2.850390626308484110e-02
8.254210000000000000e+12	5.922529999999999745e+03	5.922529999999999184e+00	4.888580635130000000e+11	4.765124782483940447e-01	1.073439659542530233e-01	2.849706738572297532e-02
8.259610000000000000e+12	5.941649999999999636e+03	5.941649999999998322e+00	4.907571175650000000e+11	4.817504434353190867e-01	1.060107814783061847e-01	2.854432188316109037e-02
8.264910000000000000e+12	5.968689999999999600e+03	5.968689999999997831e+00	4.933068566790000000e+11	4.897925105330432349e-01	1.061727130095814625e-01	2.846731307336858308e-02
8.270110000000000000e+12	5.991680000000000291e+03	5.991679999999997008e+00	4.955185268480000000e+11	4.921483820395269326e-01	1.062906073260546647e-01	2.855774028398652686e-02
8.275210000000000000e+12	6.004600000000000364e+03	6.004599999999999049e+00	4.968932596600000000e+11	4.997620318710210285e-01	1.071632740458073330e-01	2.849538566925986782e-02
8.280210000000000000e+12	6.032180000000000291e+03	6.032179999999998543e+00	4.994771715780000000e+11	5.000501946144231269e-01	1.082952981331777170e-01	2.848464883307196688e-02
8.285110000000000000e+12	6.045369999999999891e+03	6.045369999999999244e+00	5.008655544070000000e+11	5.057509308946328552e-01	1.080149017730061139e-01	2.857818812896528379e-02
8.289920000000000000e+12	6.061920000000000073e+03	6.061919999999998865e+00	5.025283184640000000e+11	5.135589068544891278e-01	1.071281792170601238e-01	2.848019370830102981e-02
8.294630000000000000e+12	6.067090000000000146e+03	6.067089999999999428e+00	5.032426672670000000e+11	5.176737113346712160e-01	1.077960327023417958e-01	2.847453264759703881e-02
8.299250000000000000e+12	6.089600000000000364e+03	6.089600000000000790e+00	5.053911280000000000e+11	5.247488615419593216e-01	1.065162281573246300e-01	2.854344417807326562e-02
8.303770000000000000e+12	6.102920000000000073e+03	6.102920000000000122e+00	5.067724400840000000e+11	5.249930823832278382e-01	1.076800260182268210e-01	2.855641376684382726e-02
8.308200000000000000e+12	6.118479999999999563e+03	6.118480000000001695e+00	5.083355553600000000e+11	5.343564966345456524e-01	1.088786099153688930e-01	2.851886655079736987e-02
8.312550000000000000e+12	6.137680000000000291e+03	6.137679999999999580e+00	5.101977188400000000e+11	5.379105334116911497e-01	1.068137567692522827e-01	2.845079158797539712e-02
8.316800000000000000e+12	6.160970000000000255e+03	6.160969999999996283e+00	5.123955529600000000e+11	5.448771777819024775e-01	1.071855290349619239e-01	2.849854561198029643e-02
8.320960000000000000e+12	6.183109999999999673e+03	6.183110000000001882e+00	5.144941098560000000e+11	5.451676212207848815e-01	1.077200935571035190e-01	2.854404298104962559e-02
8.325030000000000000e+12	6.134050000000000182e+03	6.134049999999997560e+00	5.106615027150000000e+11	5.520000552751230805e-01	1.077941155010472413e-01	2.855012735324273868e-02
8.329020000000000000e+12	6.051619999999999891e+03	6.051619999999998001e+00	5.040406401240000000e+11	5.617715252257926561e-01	1.077587908616147588e-01	2.841563227238621397e-02
8.332920000000000000e+12	5.966029999999999745e+03	5.966030000000002609e+00	4.971445070760000000e+11	5.645990960697691019e-01	1.074973123336479264e-01	2.843316190560358364e-02
8.336740000000000000e+12	5.885840000000000146e+03	5.885840000000001737e+00	4.906871776160000000e+11	5.672683393169336563e-01	1.067756800626174507e-01	2.845287478681230234e-02
8.340470000000000000e+12	5.786670000000000073e+03	5.786669999999998204e+00	4.826354753490000000e+11	5.714396363522223909e-01	1.072151276628458272e-01	2.834501840926594018e-02
8.344120000000000000e+12	5.710119999999999891e+03	5.710120000000000751e+00	4.764592649440000000e+11	5.845052392678121711e-01	1.070919578981904124e-01	2.837748148369166959e-02
8.347690000000000000e+12	5.616229999999999563e+03	5.616230000000000722e+00	4.688254700870000000e+11	5.806838665454552295e-01	1.082087879835636479e-01	2.838028087025403629e-02
8.351180000000000000e+12	5.531260000000000218e+03	5.531259999999997845e+00	4.619254788680000000e+11	5.867381325043151685e-01	1.072513321244474988e-01	2.836925423409477481e-02
8.354580000000000000e+12	5.437609999999999673e+03	5.437610000000001165e+00	4.542894775380000000e+11	5.958351132188022259e-01	1.080946907312962668e-01	2.839043738834530484e-02
8.357910000000000000e+12	5.343699999999999818e+03	5.343700000000000117e+00	4.466216366700000000e+11	5.988950858408634836e-01	1.079985876721074045e-01	2.831453676380918036e-02
8.361160000000000000e+12	5.268510000000000218e+03	5.268510000000000026e+00	4.405085507160000000e+11	6.031777837375830176e-01	1.071567537455682395e-01	2.836520567990738484e-02
8.364330000000000000e+12	5.168819999999999709e+03	5.168819999999998416e+00	4.323371619060000000e+11	6.103160428396995352e-01	1.068544455165989365e-01	2.840558489914652568e-02
8.367430000000000000e+12	5.082569999999999709e+03	5.082570000000003141e+00	4.252804869510000000e+11	6.093581640920979758e-01	1.071506390127422437e-01	2.834777441821691168e-02
8.370440000000000000e+12	4.987449999999999818e+03	4.987450000000000827e+00	4.174715097800000000e+11	6.179501070365381876e-01	1.067252219631185522e-01	2.823560474154218625e-02
8.373390000000000000e+12	4.897159999999999854e+03	4.897159999999997737e+00	4.100583057240000000e+11	6.261147838379770292e-01	1.062757110120444021e-01	2.834455301452861592e-02
8.376260000000000000e+12	4.807750000000000000e+03	4.807750000000001300e+00	4.027096401500000000e+11	6.248668580489038504e-01	1.069600275073048640e-01	2.830340614061870042e-02
8.379050000000000000e+12	4.729229999999999563e+03	4.729230000000000267e+00	3.962645463150000000e+11	6.337144010938118299e-01	1.059520281963502869e-01	2.831942672192672844e-02
8.381770000000000000e+12	4.635850000000000364e+03	4.635850000000000470e+00	3.885662845450000000e+11	6.433732011794223160e-01	1.076683477901358016e-01	2.827645122153188417e-02
8.384420000000000000e+12	4.552020000000000437e+03	4.552020000000001509e+00	3.816604752840000000e+11	6.450354999067622330e-01	1.080244730828282818e-01	2.821356823011825221e-02
8.387000000000000000e+12	4.450680000000000291e+03	4.450680000000001080e+00	3.732785316000000000e+11	6.452818055992156632e-01	1.061003923044700203e-01	2.824573751039832423e-02
8.389510000000000000e+12	4.362029999999999745e+03	4.362029999999998964e+00	3.659529430530000000e+11	6.498627207536855632e-01	1.075732758055168853e-01	2.827236266497931694e-02
8.391950000000000000e+12	4.259989999999999782e+03	4.259989999999999277e+00	3.574962308050000000e+11	6.560774340924240278e-01	1.078234694200963101e-01	2.826182926064896642e-02
8.394320000000000000e+12	4.180970000000000255e+03	4.180969999999998521e+00	3.509640009040000000e+11	6.591532241607729325e-01	1.083206487104262233e-01	2.814197778989727117e-02
8.396620000000000000e+12	4.086250000000000000e+03	4.086249999999999716e+00	3.431068847500000000e+11	6.683588957443885592e-01	1.073964056376445764e-01	2.817894084034293367e-02
8.398850000000000000e+12	3.988030000000000200e+03	3.988029999999999298e+00	3.349486576550000000e+11	6.714816838057163784e-01	1.073264197711023132e-01	2.825315759419310888e-02
8.401020000000000000e+12	3.907050000000000182e+03	3.907049999999998580e+00	3.282320519100000000e+11	6.801052819970618835e-01	1.064346863680599720e-01	2.820924884199531649e-02
8.403120000000000000e+12	3.803449999999999818e+03	3.803450000000000220e+00	3.196084676400000000e+11	6.856371787598027900e-01	1.078900931364947247e-01	2.824944905246327617e-02
8.405160000000000000e+12	3.710690000000000055e+03	3.710689999999999600e+00	3.118894316040000000e+11	6.843710330779094742e-01	1.060194865688563609e-01	2.810553175614571852e-02
8.407130000000000000e+12	3.628449999999999818e+03	3.628449999999997289e+00	3.050485084850000000e+11	6.948655676130102155e-01	1.057391923906835784e-01	2.822645201989888025e-02
8.409030000000000000e+12	3.533750000000000000e+03	3.533749999999999503e+00	2.971540976250000000e+11	7.007920859104705968e-01	1.058972787550874622e-01	2.809876030012338835e-02
8.410870000000000000e+12	3.428900000000000091e+03	3.428900000000000059e+00	2.884003214300000000e+11	7.042194538767444500e-01	1.055304623811453985e-01	2.819105607303609706e-02
8.412650000000000000e+12	3.330059999999999945e+03	3.330059999999999132e+00	2.801462925900000000e+11	7.047182879475758499e-01	1.060595621954493195e-01	2.811624287179789738e-02
8.414370000000000000e+12	3.257289999999999964e+03	3.257289999999997576e+00	2.740804325730000000e+11	7.113260415481249543e-01	1.075674923249178988e-01	2.816761451450844334e-02
8.416020000000000000e+12	3.150199999999999818e+03	3.150199999999998113e+00	2.651214620400000000e+11	7.228851214758696964e-01	1.043001550104008385e-01	2.814610752573106986e-02
8.417620000000000000e+12	3.058489999999999782e+03	3.058489999999999487e+00	2.574520659380000000e+11	7.271096470358293651e-01	1.075067771217850937e-01	2.811022180717373878e-02
8.419150000000000000e+12	2.971820000000000164e+03	2.971820000000000572e+00	2.502019835300000000e+11	7.258081213910895224e-01	1.043993088764593735e-01	2.804349379305164786e-02
8.420630000000000000e+12	2.864170000000000073e+03	2.864170000000000993e+00	2.411811582710000000e+11	7.321795392059107233e-01	1.060159959528577250e-01	2.803555951257836673e-02
