Simulation Number ExitSlit.totalHeight Dipole.photonEnergy PG.cFactor PG.orderDiffraction Dipole.numberRays
0                 0.1                  50                  2.25       1                   100000.0         
1                 0.1                  150                 2.25       1                   100000.0         
2                 0.1                  250                 2.25       1                   100000.0         
3                 0.1                  350                 2.25       1                   100000.0         
4                 0.1                  450                 2.25       1                   100000.0         
5                 0.1                  550                 2.25       1                   100000.0         
6                 0.1                  650                 2.25       1                   100000.0         
7                 0.1                  750                 2.25       1                   100000.0         
8                 0.1                  850                 2.25       1                   100000.0         
9                 0.1                  950                 2.25       1                   100000.0         
10                0.1                  1050                2.25       1                   100000.0         
11                0.1                  1150                2.25       1                   100000.0         
12                0.1                  1250                2.25       1                   100000.0         
13                0.1                  1350                2.25       1                   100000.0         
14                0.1                  1450                2.25       1                   100000.0         
15                0.1                  1550                2.25       1                   100000.0         
16                0.1                  1650                2.25       1                   100000.0         
17                0.1                  1750                2.25       1                   100000.0         
18                0.1                  1850                2.25       1                   100000.0         
19                0.1                  1950                2.25       1                   100000.0         
20                0.1                  2050                2.25       1                   100000.0         
21                0.1                  2150                2.25       1                   100000.0         
22                0.1                  2250                2.25       1                   100000.0         
23                0.1                  2350                2.25       1                   100000.0         
24                0.1                  2450                2.25       1                   100000.0         
25                0.1                  2550                2.25       1                   100000.0         
