Simulation Number PG.cFactor ExitSlit.openingHeight SU.photonEnergy PG.orderDiffraction SU.numberRays
0                 2.25       0.014                  100             1                   100000.0     
1                 2.25       0.014                  105             1                   100000.0     
2                 2.25       0.014                  110             1                   100000.0     
3                 2.25       0.014                  115             1                   100000.0     
4                 2.25       0.014                  120             1                   100000.0     
5                 2.25       0.014                  125             1                   100000.0     
6                 2.25       0.014                  130             1                   100000.0     
7                 2.25       0.014                  135             1                   100000.0     
8                 2.25       0.014                  140             1                   100000.0     
9                 2.25       0.014                  145             1                   100000.0     
10                2.25       0.014                  150             1                   100000.0     
11                2.25       0.014                  155             1                   100000.0     
12                2.25       0.014                  160             1                   100000.0     
13                2.25       0.014                  165             1                   100000.0     
14                2.25       0.014                  170             1                   100000.0     
15                2.25       0.014                  175             1                   100000.0     
16                2.25       0.014                  180             1                   100000.0     
17                2.25       0.014                  185             1                   100000.0     
18                2.25       0.014                  190             1                   100000.0     
19                2.25       0.014                  195             1                   100000.0     
20                2.25       0.014                  200             1                   100000.0     
21                2.25       0.014                  205             1                   100000.0     
22                2.25       0.014                  210             1                   100000.0     
23                2.25       0.014                  215             1                   100000.0     
24                2.25       0.014                  220             1                   100000.0     
25                2.25       0.014                  225             1                   100000.0     
26                2.25       0.014                  230             1                   100000.0     
27                2.25       0.014                  235             1                   100000.0     
28                2.25       0.014                  240             1                   100000.0     
29                2.25       0.014                  245             1                   100000.0     
30                2.25       0.014                  250             1                   100000.0     
31                2.25       0.014                  255             1                   100000.0     
32                2.25       0.014                  260             1                   100000.0     
33                2.25       0.014                  265             1                   100000.0     
34                2.25       0.014                  270             1                   100000.0     
35                2.25       0.014                  275             1                   100000.0     
36                2.25       0.014                  280             1                   100000.0     
37                2.25       0.014                  285             1                   100000.0     
38                2.25       0.014                  290             1                   100000.0     
39                2.25       0.014                  295             1                   100000.0     
40                2.25       0.014                  300             1                   100000.0     
41                2.25       0.014                  305             1                   100000.0     
42                2.25       0.014                  310             1                   100000.0     
43                2.25       0.014                  315             1                   100000.0     
44                2.25       0.014                  320             1                   100000.0     
45                2.25       0.014                  325             1                   100000.0     
46                2.25       0.014                  330             1                   100000.0     
47                2.25       0.014                  335             1                   100000.0     
48                2.25       0.014                  340             1                   100000.0     
49                2.25       0.014                  345             1                   100000.0     
50                2.25       0.014                  350             1                   100000.0     
51                2.25       0.014                  355             1                   100000.0     
52                2.25       0.014                  360             1                   100000.0     
53                2.25       0.014                  365             1                   100000.0     
54                2.25       0.014                  370             1                   100000.0     
55                2.25       0.014                  375             1                   100000.0     
56                2.25       0.014                  380             1                   100000.0     
57                2.25       0.014                  385             1                   100000.0     
58                2.25       0.014                  390             1                   100000.0     
59                2.25       0.014                  395             1                   100000.0     
60                2.25       0.014                  400             1                   100000.0     
61                2.25       0.014                  405             1                   100000.0     
62                2.25       0.014                  410             1                   100000.0     
63                2.25       0.014                  415             1                   100000.0     
64                2.25       0.014                  420             1                   100000.0     
65                2.25       0.014                  425             1                   100000.0     
66                2.25       0.014                  430             1                   100000.0     
67                2.25       0.014                  435             1                   100000.0     
68                2.25       0.014                  440             1                   100000.0     
69                2.25       0.014                  445             1                   100000.0     
70                2.25       0.014                  450             1                   100000.0     
71                2.25       0.014                  455             1                   100000.0     
72                2.25       0.014                  460             1                   100000.0     
73                2.25       0.014                  465             1                   100000.0     
74                2.25       0.014                  470             1                   100000.0     
75                2.25       0.014                  475             1                   100000.0     
76                2.25       0.014                  480             1                   100000.0     
77                2.25       0.014                  485             1                   100000.0     
78                2.25       0.014                  490             1                   100000.0     
79                2.25       0.014                  495             1                   100000.0     
80                2.25       0.014                  500             1                   100000.0     
81                2.25       0.014                  505             1                   100000.0     
82                2.25       0.014                  510             1                   100000.0     
83                2.25       0.014                  515             1                   100000.0     
84                2.25       0.014                  520             1                   100000.0     
85                2.25       0.014                  525             1                   100000.0     
86                2.25       0.014                  530             1                   100000.0     
87                2.25       0.014                  535             1                   100000.0     
88                2.25       0.014                  540             1                   100000.0     
89                2.25       0.014                  545             1                   100000.0     
90                2.25       0.014                  550             1                   100000.0     
91                2.25       0.014                  555             1                   100000.0     
92                2.25       0.014                  560             1                   100000.0     
93                2.25       0.014                  565             1                   100000.0     
94                2.25       0.014                  570             1                   100000.0     
95                2.25       0.014                  575             1                   100000.0     
96                2.25       0.014                  580             1                   100000.0     
97                2.25       0.014                  585             1                   100000.0     
98                2.25       0.014                  590             1                   100000.0     
99                2.25       0.014                  595             1                   100000.0     
100               2.25       0.014                  600             1                   100000.0     
101               2.25       0.014                  605             1                   100000.0     
102               2.25       0.014                  610             1                   100000.0     
103               2.25       0.014                  615             1                   100000.0     
104               2.25       0.014                  620             1                   100000.0     
105               2.25       0.014                  625             1                   100000.0     
106               2.25       0.014                  630             1                   100000.0     
107               2.25       0.014                  635             1                   100000.0     
108               2.25       0.014                  640             1                   100000.0     
109               2.25       0.014                  645             1                   100000.0     
110               2.25       0.014                  650             1                   100000.0     
111               2.25       0.014                  655             1                   100000.0     
112               2.25       0.014                  660             1                   100000.0     
113               2.25       0.014                  665             1                   100000.0     
114               2.25       0.014                  670             1                   100000.0     
115               2.25       0.014                  675             1                   100000.0     
116               2.25       0.014                  680             1                   100000.0     
117               2.25       0.014                  685             1                   100000.0     
118               2.25       0.014                  690             1                   100000.0     
119               2.25       0.014                  695             1                   100000.0     
120               2.25       0.014                  700             1                   100000.0     
121               2.25       0.014                  705             1                   100000.0     
122               2.25       0.014                  710             1                   100000.0     
123               2.25       0.014                  715             1                   100000.0     
124               2.25       0.014                  720             1                   100000.0     
125               2.25       0.014                  725             1                   100000.0     
126               2.25       0.014                  730             1                   100000.0     
127               2.25       0.014                  735             1                   100000.0     
128               2.25       0.014                  740             1                   100000.0     
129               2.25       0.014                  745             1                   100000.0     
130               2.25       0.014                  750             1                   100000.0     
131               2.25       0.014                  755             1                   100000.0     
132               2.25       0.014                  760             1                   100000.0     
133               2.25       0.014                  765             1                   100000.0     
134               2.25       0.014                  770             1                   100000.0     
135               2.25       0.014                  775             1                   100000.0     
136               2.25       0.014                  780             1                   100000.0     
137               2.25       0.014                  785             1                   100000.0     
138               2.25       0.014                  790             1                   100000.0     
139               2.25       0.014                  795             1                   100000.0     
140               2.25       0.014                  800             1                   100000.0     
141               2.25       0.014                  805             1                   100000.0     
142               2.25       0.014                  810             1                   100000.0     
143               2.25       0.014                  815             1                   100000.0     
144               2.25       0.014                  820             1                   100000.0     
145               2.25       0.014                  825             1                   100000.0     
146               2.25       0.014                  830             1                   100000.0     
147               2.25       0.014                  835             1                   100000.0     
148               2.25       0.014                  840             1                   100000.0     
149               2.25       0.014                  845             1                   100000.0     
150               2.25       0.014                  850             1                   100000.0     
151               2.25       0.014                  855             1                   100000.0     
152               2.25       0.014                  860             1                   100000.0     
153               2.25       0.014                  865             1                   100000.0     
154               2.25       0.014                  870             1                   100000.0     
155               2.25       0.014                  875             1                   100000.0     
156               2.25       0.014                  880             1                   100000.0     
157               2.25       0.014                  885             1                   100000.0     
158               2.25       0.014                  890             1                   100000.0     
159               2.25       0.014                  895             1                   100000.0     
160               2.25       0.014                  900             1                   100000.0     
161               2.25       0.014                  905             1                   100000.0     
162               2.25       0.014                  910             1                   100000.0     
163               2.25       0.014                  915             1                   100000.0     
164               2.25       0.014                  920             1                   100000.0     
165               2.25       0.014                  925             1                   100000.0     
166               2.25       0.014                  930             1                   100000.0     
167               2.25       0.014                  935             1                   100000.0     
168               2.25       0.014                  940             1                   100000.0     
169               2.25       0.014                  945             1                   100000.0     
170               2.25       0.014                  950             1                   100000.0     
171               2.25       0.014                  955             1                   100000.0     
172               2.25       0.014                  960             1                   100000.0     
173               2.25       0.014                  965             1                   100000.0     
174               2.25       0.014                  970             1                   100000.0     
175               2.25       0.014                  975             1                   100000.0     
176               2.25       0.014                  980             1                   100000.0     
177               2.25       0.014                  985             1                   100000.0     
178               2.25       0.014                  990             1                   100000.0     
179               2.25       0.014                  995             1                   100000.0     
180               2.25       0.014                  1000            1                   100000.0     
181               2.25       0.014                  1005            1                   100000.0     
182               2.25       0.014                  1010            1                   100000.0     
183               2.25       0.014                  1015            1                   100000.0     
184               2.25       0.014                  1020            1                   100000.0     
185               2.25       0.014                  1025            1                   100000.0     
186               2.25       0.014                  1030            1                   100000.0     
187               2.25       0.014                  1035            1                   100000.0     
188               2.25       0.014                  1040            1                   100000.0     
189               2.25       0.014                  1045            1                   100000.0     
190               2.25       0.014                  1050            1                   100000.0     
191               2.25       0.014                  1055            1                   100000.0     
192               2.25       0.014                  1060            1                   100000.0     
193               2.25       0.014                  1065            1                   100000.0     
194               2.25       0.014                  1070            1                   100000.0     
195               2.25       0.014                  1075            1                   100000.0     
196               2.25       0.014                  1080            1                   100000.0     
197               2.25       0.014                  1085            1                   100000.0     
198               2.25       0.014                  1090            1                   100000.0     
199               2.25       0.014                  1095            1                   100000.0     
200               2.25       0.014                  1100            1                   100000.0     
201               2.25       0.014                  1105            1                   100000.0     
202               2.25       0.014                  1110            1                   100000.0     
203               2.25       0.014                  1115            1                   100000.0     
204               2.25       0.014                  1120            1                   100000.0     
205               2.25       0.014                  1125            1                   100000.0     
206               2.25       0.014                  1130            1                   100000.0     
207               2.25       0.014                  1135            1                   100000.0     
208               2.25       0.014                  1140            1                   100000.0     
209               2.25       0.014                  1145            1                   100000.0     
210               2.25       0.014                  1150            1                   100000.0     
211               2.25       0.014                  1155            1                   100000.0     
212               2.25       0.014                  1160            1                   100000.0     
213               2.25       0.014                  1165            1                   100000.0     
214               2.25       0.014                  1170            1                   100000.0     
215               2.25       0.014                  1175            1                   100000.0     
216               2.25       0.014                  1180            1                   100000.0     
217               2.25       0.014                  1185            1                   100000.0     
218               2.25       0.014                  1190            1                   100000.0     
219               2.25       0.014                  1195            1                   100000.0     
220               2.25       0.014                  1200            1                   100000.0     
221               2.25       0.014                  1205            1                   100000.0     
222               2.25       0.014                  1210            1                   100000.0     
223               2.25       0.014                  1215            1                   100000.0     
224               2.25       0.014                  1220            1                   100000.0     
225               2.25       0.014                  1225            1                   100000.0     
226               2.25       0.014                  1230            1                   100000.0     
227               2.25       0.014                  1235            1                   100000.0     
228               2.25       0.014                  1240            1                   100000.0     
229               2.25       0.014                  1245            1                   100000.0     
230               2.25       0.014                  1250            1                   100000.0     
231               2.25       0.014                  1255            1                   100000.0     
232               2.25       0.014                  1260            1                   100000.0     
233               2.25       0.014                  1265            1                   100000.0     
234               2.25       0.014                  1270            1                   100000.0     
235               2.25       0.014                  1275            1                   100000.0     
236               2.25       0.014                  1280            1                   100000.0     
237               2.25       0.014                  1285            1                   100000.0     
238               2.25       0.014                  1290            1                   100000.0     
239               2.25       0.014                  1295            1                   100000.0     
240               2.25       0.014                  1300            1                   100000.0     
241               2.25       0.014                  1305            1                   100000.0     
242               2.25       0.014                  1310            1                   100000.0     
243               2.25       0.014                  1315            1                   100000.0     
244               2.25       0.014                  1320            1                   100000.0     
245               2.25       0.014                  1325            1                   100000.0     
246               2.25       0.014                  1330            1                   100000.0     
247               2.25       0.014                  1335            1                   100000.0     
248               2.25       0.014                  1340            1                   100000.0     
249               2.25       0.014                  1345            1                   100000.0     
250               2.25       0.014                  1350            1                   100000.0     
251               2.25       0.014                  1355            1                   100000.0     
252               2.25       0.014                  1360            1                   100000.0     
253               2.25       0.014                  1365            1                   100000.0     
254               2.25       0.014                  1370            1                   100000.0     
255               2.25       0.014                  1375            1                   100000.0     
256               2.25       0.014                  1380            1                   100000.0     
257               2.25       0.014                  1385            1                   100000.0     
258               2.25       0.014                  1390            1                   100000.0     
259               2.25       0.014                  1395            1                   100000.0     
260               2.25       0.014                  1400            1                   100000.0     
261               2.25       0.014                  1405            1                   100000.0     
262               2.25       0.014                  1410            1                   100000.0     
263               2.25       0.014                  1415            1                   100000.0     
264               2.25       0.014                  1420            1                   100000.0     
265               2.25       0.014                  1425            1                   100000.0     
266               2.25       0.014                  1430            1                   100000.0     
267               2.25       0.014                  1435            1                   100000.0     
268               2.25       0.014                  1440            1                   100000.0     
269               2.25       0.014                  1445            1                   100000.0     
270               2.25       0.014                  1450            1                   100000.0     
271               2.25       0.014                  1455            1                   100000.0     
272               2.25       0.014                  1460            1                   100000.0     
273               2.25       0.014                  1465            1                   100000.0     
274               2.25       0.014                  1470            1                   100000.0     
275               2.25       0.014                  1475            1                   100000.0     
276               2.25       0.014                  1480            1                   100000.0     
277               2.25       0.014                  1485            1                   100000.0     
278               2.25       0.014                  1490            1                   100000.0     
279               2.25       0.014                  1495            1                   100000.0     
280               2.25       0.014                  1500            1                   100000.0     
281               2.25       0.014                  1505            1                   100000.0     
282               2.25       0.014                  1510            1                   100000.0     
283               2.25       0.014                  1515            1                   100000.0     
284               2.25       0.014                  1520            1                   100000.0     
285               2.25       0.014                  1525            1                   100000.0     
286               2.25       0.014                  1530            1                   100000.0     
287               2.25       0.014                  1535            1                   100000.0     
288               2.25       0.014                  1540            1                   100000.0     
289               2.25       0.014                  1545            1                   100000.0     
290               2.25       0.014                  1550            1                   100000.0     
291               2.25       0.014                  1555            1                   100000.0     
292               2.25       0.014                  1560            1                   100000.0     
293               2.25       0.014                  1565            1                   100000.0     
294               2.25       0.014                  1570            1                   100000.0     
295               2.25       0.014                  1575            1                   100000.0     
296               2.25       0.014                  1580            1                   100000.0     
297               2.25       0.014                  1585            1                   100000.0     
298               2.25       0.014                  1590            1                   100000.0     
299               2.25       0.014                  1595            1                   100000.0     
300               2.25       0.014                  1600            1                   100000.0     
301               2.25       0.014                  1605            1                   100000.0     
302               2.25       0.014                  1610            1                   100000.0     
303               2.25       0.014                  1615            1                   100000.0     
304               2.25       0.014                  1620            1                   100000.0     
305               2.25       0.014                  1625            1                   100000.0     
306               2.25       0.014                  1630            1                   100000.0     
307               2.25       0.014                  1635            1                   100000.0     
308               2.25       0.014                  1640            1                   100000.0     
309               2.25       0.014                  1645            1                   100000.0     
310               2.25       0.014                  1650            1                   100000.0     
311               2.25       0.014                  1655            1                   100000.0     
312               2.25       0.014                  1660            1                   100000.0     
313               2.25       0.014                  1665            1                   100000.0     
314               2.25       0.014                  1670            1                   100000.0     
315               2.25       0.014                  1675            1                   100000.0     
316               2.25       0.014                  1680            1                   100000.0     
317               2.25       0.014                  1685            1                   100000.0     
318               2.25       0.014                  1690            1                   100000.0     
319               2.25       0.014                  1695            1                   100000.0     
320               2.25       0.014                  1700            1                   100000.0     
321               2.25       0.014                  1705            1                   100000.0     
322               2.25       0.014                  1710            1                   100000.0     
323               2.25       0.014                  1715            1                   100000.0     
324               2.25       0.014                  1720            1                   100000.0     
325               2.25       0.014                  1725            1                   100000.0     
326               2.25       0.014                  1730            1                   100000.0     
327               2.25       0.014                  1735            1                   100000.0     
328               2.25       0.014                  1740            1                   100000.0     
329               2.25       0.014                  1745            1                   100000.0     
330               2.25       0.014                  1750            1                   100000.0     
331               2.25       0.014                  1755            1                   100000.0     
332               2.25       0.014                  1760            1                   100000.0     
333               2.25       0.014                  1765            1                   100000.0     
334               2.25       0.014                  1770            1                   100000.0     
335               2.25       0.014                  1775            1                   100000.0     
336               2.25       0.014                  1780            1                   100000.0     
337               2.25       0.014                  1785            1                   100000.0     
338               2.25       0.014                  1790            1                   100000.0     
339               2.25       0.014                  1795            1                   100000.0     
340               2.25       0.014                  1800            1                   100000.0     
341               2.25       0.014                  1805            1                   100000.0     
342               2.25       0.014                  1810            1                   100000.0     
343               2.25       0.014                  1815            1                   100000.0     
344               2.25       0.014                  1820            1                   100000.0     
345               2.25       0.014                  1825            1                   100000.0     
346               2.25       0.014                  1830            1                   100000.0     
347               2.25       0.014                  1835            1                   100000.0     
348               2.25       0.014                  1840            1                   100000.0     
349               2.25       0.014                  1845            1                   100000.0     
350               2.25       0.014                  1850            1                   100000.0     
351               2.25       0.014                  1855            1                   100000.0     
352               2.25       0.014                  1860            1                   100000.0     
353               2.25       0.014                  1865            1                   100000.0     
354               2.25       0.014                  1870            1                   100000.0     
355               2.25       0.014                  1875            1                   100000.0     
356               2.25       0.014                  1880            1                   100000.0     
357               2.25       0.014                  1885            1                   100000.0     
358               2.25       0.014                  1890            1                   100000.0     
359               2.25       0.014                  1895            1                   100000.0     
360               2.25       0.014                  1900            1                   100000.0     
361               2.25       0.014                  1905            1                   100000.0     
362               2.25       0.014                  1910            1                   100000.0     
363               2.25       0.014                  1915            1                   100000.0     
364               2.25       0.014                  1920            1                   100000.0     
365               2.25       0.014                  1925            1                   100000.0     
366               2.25       0.014                  1930            1                   100000.0     
367               2.25       0.014                  1935            1                   100000.0     
368               2.25       0.014                  1940            1                   100000.0     
369               2.25       0.014                  1945            1                   100000.0     
370               2.25       0.014                  1950            1                   100000.0     
371               2.25       0.014                  1955            1                   100000.0     
372               2.25       0.014                  1960            1                   100000.0     
373               2.25       0.014                  1965            1                   100000.0     
374               2.25       0.014                  1970            1                   100000.0     
375               2.25       0.014                  1975            1                   100000.0     
376               2.25       0.014                  1980            1                   100000.0     
377               2.25       0.014                  1985            1                   100000.0     
378               2.25       0.014                  1990            1                   100000.0     
379               2.25       0.014                  1995            1                   100000.0     
380               2.25       0.014                  2000            1                   100000.0     
381               2.25       0.014                  2005            1                   100000.0     
382               2.25       0.014                  2010            1                   100000.0     
383               2.25       0.014                  2015            1                   100000.0     
384               2.25       0.014                  2020            1                   100000.0     
385               2.25       0.014                  2025            1                   100000.0     
386               2.25       0.014                  2030            1                   100000.0     
387               2.25       0.014                  2035            1                   100000.0     
388               2.25       0.014                  2040            1                   100000.0     
389               2.25       0.014                  2045            1                   100000.0     
390               2.25       0.014                  2050            1                   100000.0     
391               2.25       0.014                  2055            1                   100000.0     
392               2.25       0.014                  2060            1                   100000.0     
393               2.25       0.014                  2065            1                   100000.0     
394               2.25       0.014                  2070            1                   100000.0     
395               2.25       0.014                  2075            1                   100000.0     
396               2.25       0.014                  2080            1                   100000.0     
397               2.25       0.014                  2085            1                   100000.0     
398               2.25       0.014                  2090            1                   100000.0     
399               2.25       0.014                  2095            1                   100000.0     
400               2.25       0.014                  2100            1                   100000.0     
