# SourcePhotonFlux	NumberRaysSurvived	PercentageRaysSurvived	PhotonFlux	Bandwidth	HorizontalFocusFWHM	VerticalFocusFWHM
nan	0.000000000000000000e+00	0.000000000000000000e+00	0.000000000000000000e+00	0.000000000000000000e+00	0.000000000000000000e+00	0.000000000000000000e+00
nan	1.590000000000000000e+02	1.589999999999999747e-01	nan	2.637949947114748284e-03	3.604751477070086696e-02	2.391006921987852592e-03
nan	5.925000000000000000e+02	5.925000000000000266e-01	nan	5.038553801497869244e-03	3.452528508047313094e-02	2.809296392476823799e-03
nan	9.012500000000000000e+02	9.012499999999999956e-01	nan	6.853847515330357965e-03	3.026791971099775103e-02	2.824656883155047399e-03
nan	1.052250000000000000e+03	1.052249999999999908e+00	nan	7.963110036826037685e-03	2.756753119198581889e-02	2.814289927821324745e-03
nan	1.204250000000000000e+03	1.204250000000000043e+00	nan	8.856073707889322577e-03	2.464629142365234657e-02	2.801654258349140468e-03
nan	1.282000000000000000e+03	1.282000000000000028e+00	nan	9.882150785756493860e-03	2.340555455789201239e-02	2.801275266958307229e-03
nan	1.421750000000000000e+03	1.421750000000000069e+00	nan	1.114514928264043192e-02	2.161372922501548707e-02	2.815179213928979251e-03
nan	1.513500000000000000e+03	1.513499999999999845e+00	nan	1.307015461696892089e-02	2.419311527424897190e-02	2.829134975738737713e-03
nan	1.595000000000000000e+03	1.594999999999999973e+00	nan	1.528833893070213890e-02	2.295163462516549083e-02	2.853410531380544402e-03
nan	1.701500000000000000e+03	1.701499999999999790e+00	nan	1.769398480072936763e-02	2.106135713082446861e-02	2.857109277842987370e-03
nan	1.759250000000000000e+03	1.759249999999999980e+00	nan	1.868735738634086374e-02	2.080232750441922407e-02	2.852144660757693385e-03
nan	1.841750000000000000e+03	1.841749999999999998e+00	nan	1.978643024833104391e-02	1.872290018305622014e-02	2.884403451506145633e-03
nan	1.910250000000000000e+03	1.910250000000000004e+00	nan	2.200505528040253012e-02	1.933432671340082343e-02	2.849600597605052126e-03
nan	1.991500000000000000e+03	1.991499999999999826e+00	nan	2.309608476295466062e-02	2.083206636582109195e-02	2.838677993112040908e-03
nan	2.034250000000000000e+03	2.034249999999999670e+00	nan	2.566379463135604055e-02	1.879822920668499514e-02	2.837264732516958481e-03
nan	2.126000000000000000e+03	2.126000000000000334e+00	nan	2.882741241555208944e-02	1.756291788437455703e-02	2.874178762948097730e-03
nan	2.177750000000000000e+03	2.177750000000000075e+00	nan	3.013133411877788603e-02	1.695103197660262004e-02	2.815634930122658600e-03
nan	2.230250000000000000e+03	2.230249999999999844e+00	nan	3.142613765726309794e-02	1.815715806080922534e-02	2.807127113238839285e-03
nan	2.299750000000000000e+03	2.299750000000000405e+00	nan	3.428374850631144000e-02	1.791975841165355243e-02	2.844738036453087811e-03
nan	2.356000000000000000e+03	2.355999999999999872e+00	nan	3.592332836069545010e-02	1.540300912867654214e-02	2.883363947364460649e-03
nan	2.401000000000000000e+03	2.401000000000000245e+00	nan	3.673282280396961141e-02	1.625856530300016575e-02	2.828867072124025168e-03
nan	2.440000000000000000e+03	2.440000000000000391e+00	nan	3.935193635925315903e-02	1.648922708798768177e-02	2.838250112505112926e-03
nan	2.501250000000000000e+03	2.501249999999999751e+00	nan	4.289363998185535820e-02	1.534785222275187461e-02	2.866282006810164790e-03
nan	2.589750000000000000e+03	2.589749999999999996e+00	nan	4.366617572622999432e-02	1.611038256969155383e-02	2.881196168252590176e-03
nan	2.637750000000000000e+03	2.637750000000000039e+00	nan	4.975260583393037450e-02	1.484230904152469485e-02	2.895921169036537457e-03
nan	2.684000000000000000e+03	2.684000000000000163e+00	nan	5.185319847220171141e-02	1.521520543444459563e-02	2.864206972727548900e-03
nan	2.688500000000000000e+03	2.688500000000000334e+00	nan	5.278795586269779960e-02	1.427033162099568438e-02	2.853020627508205502e-03
nan	2.747750000000000000e+03	2.747750000000000359e+00	nan	5.366198818092016154e-02	1.577999327808749311e-02	2.893281990296217143e-03
nan	2.795250000000000000e+03	2.795250000000000234e+00	nan	5.675245738689227437e-02	1.461004006296095191e-02	2.846234416660152998e-03
nan	2.846000000000000000e+03	2.846000000000000085e+00	nan	5.315886271711178779e-02	1.520926775671268237e-02	2.850562866496917248e-03
nan	2.918000000000000000e+03	2.918000000000000149e+00	nan	6.342971547167053359e-02	1.520055269663374113e-02	2.823313119133347322e-03
nan	2.943500000000000000e+03	2.943499999999999783e+00	nan	6.145252832675396348e-02	1.493495660875019011e-02	2.808152730832894160e-03
nan	3.050500000000000000e+03	3.050499999999999989e+00	nan	6.602566467267934058e-02	1.445224808335490718e-02	2.887481304369714230e-03
nan	3.043750000000000000e+03	3.043750000000000178e+00	nan	6.707352564211532808e-02	1.389828714073887243e-02	2.817867637874482342e-03
nan	3.096250000000000000e+03	3.096250000000000391e+00	nan	7.093215679316244859e-02	1.394956849696826068e-02	2.843440349111289386e-03
nan	3.144250000000000000e+03	3.144249999999999989e+00	nan	7.519454296664207504e-02	1.346096052756172445e-02	2.847893388828822651e-03
nan	3.181000000000000000e+03	3.181000000000000050e+00	nan	7.490199288287158197e-02	1.371064443836515767e-02	2.912577647683793711e-03
nan	3.229750000000000000e+03	3.229750000000000121e+00	nan	7.455936702183407760e-02	1.403220786013069377e-02	2.823523605706326767e-03
nan	0.000000000000000000e+00	0.000000000000000000e+00	0.000000000000000000e+00	0.000000000000000000e+00	0.000000000000000000e+00	0.000000000000000000e+00
nan	0.000000000000000000e+00	0.000000000000000000e+00	0.000000000000000000e+00	0.000000000000000000e+00	0.000000000000000000e+00	0.000000000000000000e+00
nan	0.000000000000000000e+00	0.000000000000000000e+00	0.000000000000000000e+00	0.000000000000000000e+00	0.000000000000000000e+00	0.000000000000000000e+00
nan	1.875000000000000000e+01	1.875000000000000278e-02	nan	6.061161535678460596e-03	3.461955465380494451e-02	1.886644365619701653e-03
nan	1.687500000000000000e+02	1.687500000000000111e-01	nan	4.435941925493125382e-03	2.264950403366451301e-02	2.552836774789043420e-03
nan	5.482500000000000000e+02	5.482499999999999041e-01	nan	5.641878792360444095e-03	2.507070253420033007e-02	2.713999648882679718e-03
nan	8.402500000000000000e+02	8.402499999999999414e-01	nan	6.713172946192003110e-03	2.228400977054395202e-02	2.753582018947855949e-03
nan	1.005250000000000000e+03	1.005249999999999977e+00	nan	7.793378133428063848e-03	2.313328089544903349e-02	2.829967168073152257e-03
nan	1.046250000000000000e+03	1.046250000000000124e+00	nan	9.551298532699092902e-03	2.152030742422142082e-02	2.848055488562451290e-03
nan	1.080250000000000000e+03	1.080249999999999932e+00	nan	9.202956417908580988e-03	2.130426438261844371e-02	2.842895653388377922e-03
nan	1.183000000000000000e+03	1.182999999999999829e+00	nan	1.192541008202852026e-02	2.109869972140702293e-02	2.797664109055791794e-03
nan	1.232750000000000000e+03	1.232750000000000012e+00	nan	1.308013034264376984e-02	2.103929159617443090e-02	2.829873153906108021e-03
nan	1.305500000000000000e+03	1.305500000000000105e+00	nan	1.404584797296593024e-02	1.833022830014689047e-02	2.883522891089276927e-03
nan	1.334750000000000000e+03	1.334750000000000103e+00	nan	1.630549836770001093e-02	1.778899114872974432e-02	2.845487341924982962e-03
nan	1.380500000000000000e+03	1.380500000000000060e+00	nan	1.576205633233485059e-02	1.598325088678830691e-02	2.881335846161734056e-03
nan	1.457750000000000000e+03	1.457749999999999879e+00	nan	1.751544913429370354e-02	1.787080484987609713e-02	2.784588989104162891e-03
nan	1.472500000000000000e+03	1.472499999999999920e+00	nan	2.082459500138611475e-02	1.817900955053609879e-02	2.829750868433585694e-03
nan	1.550250000000000000e+03	1.550249999999999906e+00	nan	1.999991965683989292e-02	1.774275682797432641e-02	2.846669540427028671e-03
nan	1.548750000000000000e+03	1.548749999999999849e+00	nan	2.008816112706313106e-02	1.615527307505160853e-02	2.844462271466587349e-03
nan	1.580750000000000000e+03	1.580750000000000099e+00	nan	2.453989606920004007e-02	1.672120383273564825e-02	2.884411823934038971e-03
nan	1.665000000000000000e+03	1.665000000000000036e+00	nan	2.368233323750246200e-02	1.595806277175161950e-02	2.808299549487732003e-03
nan	1.724500000000000000e+03	1.724500000000000144e+00	nan	2.681614254612441073e-02	1.695614662164448769e-02	2.835081093665580212e-03
nan	1.795000000000000000e+03	1.794999999999999929e+00	nan	2.923769270091725048e-02	1.573829888682398356e-02	2.880200677384135190e-03
nan	1.776500000000000000e+03	1.776499999999999968e+00	nan	3.061626178572396384e-02	1.520164238186299220e-02	2.842159575041093220e-03
nan	1.836250000000000000e+03	1.836250000000000160e+00	nan	3.266811584063589180e-02	1.477502194656774709e-02	2.807957090693788231e-03
nan	1.817500000000000000e+03	1.817499999999999893e+00	nan	3.295226604194567699e-02	1.571625267454079822e-02	2.863455664828022489e-03
nan	1.881000000000000000e+03	1.881000000000000005e+00	nan	3.143186020730581731e-02	1.587653408835447422e-02	2.849037203736447862e-03
nan	1.904750000000000000e+03	1.904749999999999943e+00	nan	3.443210514251404675e-02	1.428939086940834817e-02	2.825442071548062671e-03
nan	1.909750000000000000e+03	1.909749999999999837e+00	nan	3.963123582485650331e-02	1.629126571060629525e-02	2.841267122395381775e-03
nan	1.996500000000000000e+03	1.996500000000000163e+00	nan	3.803898074130529494e-02	1.408592823480506184e-02	2.937999194323687082e-03
nan	2.017250000000000000e+03	2.017249999999999766e+00	nan	3.954510826093837750e-02	1.433941347774633952e-02	2.862415291682677242e-03
nan	2.079500000000000000e+03	2.079499999999999904e+00	nan	4.114534651205303817e-02	1.403092692808191773e-02	2.881984765087579423e-03
nan	2.084250000000000000e+03	2.084249999999999936e+00	nan	4.530865497196145952e-02	1.258872701684295332e-02	2.875458061242213998e-03
nan	2.112000000000000000e+03	2.112000000000000099e+00	nan	4.711316472520366005e-02	1.540030214742810558e-02	2.817572552965635045e-03
nan	2.111750000000000000e+03	2.111749999999999794e+00	nan	4.597329817045192613e-02	1.385341844997698552e-02	2.913945122769007016e-03
nan	2.191750000000000000e+03	2.191749999999999865e+00	nan	4.654482352555078251e-02	1.430349596575391201e-02	2.869400442933468798e-03
nan	2.222500000000000000e+03	2.222499999999999698e+00	nan	5.077401633951694748e-02	1.332496142871086690e-02	2.900366857023428495e-03
nan	2.239750000000000000e+03	2.239750000000000352e+00	nan	4.937844896318210886e-02	1.272300351748433499e-02	2.839595296197490893e-03
nan	2.301750000000000000e+03	2.301749999999999741e+00	nan	5.723749464181082658e-02	1.374163609066697718e-02	2.844756402575538377e-03
nan	0.000000000000000000e+00	0.000000000000000000e+00	0.000000000000000000e+00	0.000000000000000000e+00	0.000000000000000000e+00	0.000000000000000000e+00
nan	1.065000000000000000e+02	1.064999999999999974e-01	nan	4.109458735433269699e-03	3.521014704293785880e-02	1.886108866497064260e-03
nan	4.332500000000000000e+02	4.332500000000000240e-01	nan	4.012817979244687194e-03	2.560311084899857120e-02	2.192132513656781453e-03
nan	7.010000000000000000e+02	7.009999999999999565e-01	nan	5.340191930116588992e-03	2.839056119693895291e-02	2.294488206565071815e-03
nan	8.552500000000000000e+02	8.552500000000000657e-01	nan	6.890328009419022237e-03	2.731104785911640104e-02	2.351425147971169475e-03
nan	9.717500000000000000e+02	9.717499999999998916e-01	nan	8.453260810767915245e-03	2.619257188544325821e-02	2.337599538934274045e-03
nan	1.054000000000000000e+03	1.054000000000000048e+00	nan	1.025948433203893728e-02	2.357064386095112860e-02	2.290672520314566713e-03
nan	1.163250000000000000e+03	1.163249999999999895e+00	nan	1.051963276377421153e-02	2.491712021369649893e-02	2.347111248845241104e-03
nan	1.247500000000000000e+03	1.247499999999999831e+00	nan	1.258244926769691574e-02	2.290234987671890821e-02	2.395864434971039809e-03
nan	1.289750000000000000e+03	1.289749999999999952e+00	nan	1.442606486347131067e-02	2.172927155854210979e-02	2.358022020968234510e-03
nan	1.367500000000000000e+03	1.367499999999999938e+00	nan	1.587171348111837688e-02	2.179605908960941321e-02	2.364639578670417117e-03
nan	1.400750000000000000e+03	1.400749999999999940e+00	nan	1.680394522202277585e-02	2.061843064482760807e-02	2.387130221933866144e-03
nan	1.512500000000000000e+03	1.512499999999999734e+00	nan	1.717185187041536665e-02	2.157529205176131337e-02	2.367439604009424770e-03
nan	1.538500000000000000e+03	1.538499999999999979e+00	nan	1.950059074192722619e-02	1.878853346402178590e-02	2.377303859729115038e-03
nan	1.655500000000000000e+03	1.655500000000000194e+00	nan	2.416925555024818095e-02	1.832133224213398220e-02	2.348863541988009673e-03
nan	1.686750000000000000e+03	1.686749999999999972e+00	nan	2.435952310909783591e-02	1.777704092825530685e-02	2.364108590905258933e-03
nan	1.726500000000000000e+03	1.726499999999999702e+00	nan	2.556880220637935963e-02	1.822958211198601880e-02	2.396288849264376162e-03
nan	1.788250000000000000e+03	1.788250000000000117e+00	nan	2.830159146373034673e-02	1.590881947101267097e-02	2.365285888707496873e-03
nan	1.818000000000000000e+03	1.818000000000000060e+00	nan	2.920228394498280977e-02	1.767027039377950387e-02	2.355333756389723678e-03
nan	1.910500000000000000e+03	1.910499999999999865e+00	nan	3.120111647746171002e-02	1.673011525342928130e-02	2.385782890740171212e-03
nan	1.896000000000000000e+03	1.895999999999999686e+00	nan	3.417984031869991668e-02	1.680876408947075754e-02	2.394408364662200389e-03
nan	2.028250000000000000e+03	2.028249999999999886e+00	nan	3.683812388305796048e-02	1.633887504955153919e-02	2.387247488190706503e-03
nan	2.027750000000000000e+03	2.027749999999999719e+00	nan	3.937709589757787398e-02	1.684076270528597763e-02	2.403085238556349271e-03
nan	2.103500000000000000e+03	2.103499999999999925e+00	nan	3.783063766871919142e-02	1.556028923729074406e-02	2.349449269408026252e-03
nan	2.151500000000000000e+03	2.151499999999999968e+00	nan	4.212405605619551352e-02	1.468465211097579395e-02	2.382295814488585503e-03
nan	2.158750000000000000e+03	2.158749999999999947e+00	nan	4.651978595870787103e-02	1.569610942613250404e-02	2.379091024180029351e-03
nan	2.207500000000000000e+03	2.207500000000000018e+00	nan	4.406659724770634057e-02	1.547814132455354978e-02	2.376330045040925265e-03
nan	2.235000000000000000e+03	2.235000000000000320e+00	nan	4.972632220000150483e-02	1.456724281812801260e-02	2.369006675789162367e-03
nan	2.279750000000000000e+03	2.279749999999999943e+00	nan	4.987362835925068794e-02	1.570913936050345391e-02	2.354783474197171163e-03
nan	2.362500000000000000e+03	2.362499999999999822e+00	nan	5.279904189353601396e-02	1.493816042701377918e-02	2.380756322355750965e-03
nan	2.394500000000000000e+03	2.394499999999999851e+00	nan	5.790086733236421423e-02	1.390643211221072664e-02	2.379455810362158391e-03
nan	2.392750000000000000e+03	2.392749999999999932e+00	nan	5.354224376208094327e-02	1.494110343382326275e-02	2.378692311263279867e-03
nan	2.427000000000000000e+03	2.427000000000000046e+00	nan	5.948698405308050496e-02	1.435695692827760293e-02	2.355213975121896522e-03
nan	2.511250000000000000e+03	2.511249999999999982e+00	nan	6.196124269212077706e-02	1.424523473198650858e-02	2.337431250729341860e-03
nan	2.505250000000000000e+03	2.505250000000000199e+00	nan	6.065628627243313531e-02	1.467794768481694642e-02	2.438183481869755486e-03
nan	2.544250000000000000e+03	2.544249999999999901e+00	nan	6.830022268297852861e-02	1.431021185443109335e-02	2.414864629214955385e-03
nan	2.599000000000000000e+03	2.599000000000000199e+00	nan	7.108987382667919519e-02	1.391526509729072367e-02	2.384219921229558704e-03
nan	2.631750000000000000e+03	2.631749999999999812e+00	nan	6.832998033695503182e-02	1.329900673795557722e-02	2.373461371067567618e-03
nan	2.704250000000000000e+03	2.704250000000000043e+00	nan	7.119414355236131087e-02	1.396687405444516084e-02	2.402617821107143337e-03
nan	0.000000000000000000e+00	0.000000000000000000e+00	0.000000000000000000e+00	0.000000000000000000e+00	0.000000000000000000e+00	0.000000000000000000e+00
nan	0.000000000000000000e+00	0.000000000000000000e+00	0.000000000000000000e+00	0.000000000000000000e+00	0.000000000000000000e+00	0.000000000000000000e+00
nan	0.000000000000000000e+00	0.000000000000000000e+00	0.000000000000000000e+00	0.000000000000000000e+00	0.000000000000000000e+00	0.000000000000000000e+00
nan	1.150000000000000000e+01	1.149999999999999981e-02	nan	5.864861613688967558e-03	3.004086822298979165e-02	1.533589779263074774e-03
nan	1.375000000000000000e+02	1.375000000000000111e-01	nan	5.823091371539135253e-03	1.870326257729674341e-02	1.886912998956198932e-03
nan	4.300000000000000000e+02	4.300000000000000488e-01	nan	5.997329425483144405e-03	2.214088396107607645e-02	2.255327465940666371e-03
nan	6.922500000000000000e+02	6.922500000000000320e-01	nan	7.027190165842966962e-03	2.486794805925864743e-02	2.335528491799653428e-03
nan	8.007500000000000000e+02	8.007499999999998508e-01	nan	8.024057339611090356e-03	2.250127784969516848e-02	2.275842318145258978e-03
nan	8.672500000000000000e+02	8.672500000000000764e-01	nan	9.101742471770535303e-03	2.286588341045027450e-02	2.366150331928254004e-03
nan	8.990000000000000000e+02	8.990000000000000213e-01	nan	1.044515745741136925e-02	1.962678787027077876e-02	2.362731229328523912e-03
nan	9.265000000000000000e+02	9.264999999999999902e-01	nan	1.179045369426034995e-02	1.945438269479578264e-02	2.321955319409984685e-03
nan	1.045500000000000000e+03	1.045499999999999874e+00	nan	1.227975067470765680e-02	2.096695717998715500e-02	2.403058889305640863e-03
nan	1.063750000000000000e+03	1.063749999999999751e+00	nan	1.418502466714244292e-02	1.929875831726244120e-02	2.349044583578281838e-03
nan	1.089250000000000000e+03	1.089249999999999829e+00	nan	1.461753408884192140e-02	1.804553047756246587e-02	2.332473403847423223e-03
nan	1.136000000000000000e+03	1.136000000000000121e+00	nan	1.568512035348135214e-02	1.909018504786747991e-02	2.349880691484470749e-03
nan	1.212000000000000000e+03	1.211999999999999966e+00	nan	1.663857326710171947e-02	1.907925567940054606e-02	2.367257885464262891e-03
nan	1.218750000000000000e+03	1.218750000000000000e+00	nan	2.015277546021820854e-02	1.700597769996632994e-02	2.315951629765972564e-03
nan	1.274750000000000000e+03	1.274750000000000050e+00	nan	2.111959935373874941e-02	1.601814074107579464e-02	2.380596108743450456e-03
nan	1.328250000000000000e+03	1.328250000000000153e+00	nan	1.908742773304084039e-02	1.642833456160411321e-02	2.412160283677223203e-03
nan	1.345000000000000000e+03	1.344999999999999973e+00	nan	2.175251876531092421e-02	1.700307620749315352e-02	2.360162330502678894e-03
nan	1.359500000000000000e+03	1.359500000000000153e+00	nan	2.378661723929553773e-02	1.489639471119443004e-02	2.372051277824242799e-03
nan	1.408750000000000000e+03	1.408749999999999947e+00	nan	2.604202492136664659e-02	1.632936564709302346e-02	2.416394845363157174e-03
nan	1.398000000000000000e+03	1.398000000000000131e+00	nan	2.904982637016928493e-02	1.567234280507731267e-02	2.359019559662565817e-03
nan	1.471250000000000000e+03	1.471249999999999947e+00	nan	2.912511021605723727e-02	1.563756205688012976e-02	2.349600536357907606e-03
nan	1.495250000000000000e+03	1.495250000000000190e+00	nan	2.905083267739883013e-02	1.631202837771175002e-02	2.394291962833020558e-03
nan	1.533000000000000000e+03	1.533000000000000140e+00	nan	2.836109458286273366e-02	1.642883085765173973e-02	2.380483504373614133e-03
nan	1.582250000000000000e+03	1.582249999999999934e+00	nan	3.255857175741994070e-02	1.606519871225676327e-02	2.326013833545049429e-03
nan	1.569000000000000000e+03	1.568999999999999950e+00	nan	3.550776264654587067e-02	1.570932635606920105e-02	2.365929330018657056e-03
nan	1.619250000000000000e+03	1.619250000000000078e+00	nan	3.511752522121014408e-02	1.404269565130878729e-02	2.347030237897627328e-03
nan	1.653750000000000000e+03	1.653750000000000053e+00	nan	3.724946437523612985e-02	1.418214902508902614e-02	2.372596713764133555e-03
nan	1.686500000000000000e+03	1.686499999999999666e+00	nan	3.947475852032766852e-02	1.380323054860406115e-02	2.383605477977923312e-03
nan	1.708500000000000000e+03	1.708499999999999908e+00	nan	3.665187112284229443e-02	1.392834513609855079e-02	2.383206240520024163e-03
nan	1.697500000000000000e+03	1.697500000000000009e+00	nan	4.285965510331379846e-02	1.393897381554600780e-02	2.385396051501450371e-03
nan	1.772000000000000000e+03	1.771999999999999797e+00	nan	4.421682508376534315e-02	1.443903619135630464e-02	2.403576304133288148e-03
nan	1.794500000000000000e+03	1.794499999999999984e+00	nan	4.775621891286618848e-02	1.380646571057458048e-02	2.420481187326312816e-03
nan	1.814500000000000000e+03	1.814500000000000002e+00	nan	4.725042401656764923e-02	1.283014480954570123e-02	2.352875345695899789e-03
nan	1.843500000000000000e+03	1.843499999999999917e+00	nan	4.860336524296826610e-02	1.324443633569948042e-02	2.396453444203652805e-03
nan	1.838250000000000000e+03	1.838249999999999940e+00	nan	4.676869144464035344e-02	1.379588713160366173e-02	2.343172031087741459e-03
nan	1.900750000000000000e+03	1.900749999999999940e+00	nan	4.998161704202175315e-02	1.338301209314151849e-02	2.410123752587813809e-03
