# SourcePhotonFlux	NumberRaysSurvived	PercentageRaysSurvived	PhotonFlux	Bandwidth	HorizontalFocusFWHM	VerticalFocusFWHM
nan	0.000000000000000000e+00	0.000000000000000000e+00	0.000000000000000000e+00	0.000000000000000000e+00	0.000000000000000000e+00	0.000000000000000000e+00
nan	3.975000000000000000e+01	3.974999999999999367e-02	nan	6.594874867786870709e-04	9.011878692675216740e-03	5.977517304969631479e-04
nan	1.481250000000000000e+02	1.481250000000000067e-01	nan	1.259638450374467311e-03	8.631321270118282735e-03	7.023240981192059498e-04
nan	2.253125000000000000e+02	2.253124999999999989e-01	nan	1.713461878832589491e-03	7.566979927749437757e-03	7.061642207887618497e-04
nan	2.630625000000000000e+02	2.630624999999999769e-01	nan	1.990777509206509421e-03	6.891882797996454722e-03	7.035724819553311861e-04
nan	3.010625000000000000e+02	3.010625000000000107e-01	nan	2.214018426972330644e-03	6.161572855913086642e-03	7.004135645872851170e-04
nan	3.205000000000000000e+02	3.205000000000000071e-01	nan	2.470537696439123465e-03	5.851388639473003098e-03	7.003188167395768072e-04
nan	3.554375000000000000e+02	3.554375000000000173e-01	nan	2.786287320660107980e-03	5.403432306253871768e-03	7.037948034822448127e-04
nan	3.783750000000000000e+02	3.783749999999999614e-01	nan	3.267538654242230223e-03	6.048278818562242976e-03	7.072837439346844283e-04
nan	3.987500000000000000e+02	3.987499999999999933e-01	nan	3.822084732675534724e-03	5.737908656291372707e-03	7.133526328451361004e-04
nan	4.253750000000000000e+02	4.253749999999999476e-01	nan	4.423496200182341909e-03	5.265339282706117154e-03	7.142773194607468425e-04
nan	4.398125000000000000e+02	4.398124999999999951e-01	nan	4.671839346585215935e-03	5.200581876104806017e-03	7.130361651894233464e-04
nan	4.604375000000000000e+02	4.604374999999999996e-01	nan	4.946607562082760978e-03	4.680725045764055035e-03	7.211008628765364081e-04
nan	4.775625000000000000e+02	4.775625000000000009e-01	nan	5.501263820100632529e-03	4.833581678350205857e-03	7.124001494012630314e-04
nan	4.978750000000000000e+02	4.978749999999999565e-01	nan	5.774021190738665155e-03	5.208016591455272987e-03	7.096694982780102270e-04
nan	5.085625000000000000e+02	5.085624999999999174e-01	nan	6.415948657839010139e-03	4.699557301671248785e-03	7.093161831292396202e-04
nan	5.315000000000000000e+02	5.315000000000000835e-01	nan	7.206853103888022360e-03	4.390729471093639258e-03	7.185446907370244326e-04
nan	5.444375000000000000e+02	5.444375000000000187e-01	nan	7.532833529694471508e-03	4.237757994150655010e-03	7.039087325306646499e-04
nan	5.575625000000000000e+02	5.575624999999999609e-01	nan	7.856534414315774484e-03	4.539289515202306335e-03	7.017817783097098213e-04
nan	5.749375000000000000e+02	5.749375000000001013e-01	nan	8.570937126577859999e-03	4.479939602913388108e-03	7.111845091132719529e-04
nan	5.890000000000000000e+02	5.889999999999999680e-01	nan	8.980832090173862525e-03	3.850752282169135534e-03	7.208409868411151623e-04
nan	6.002500000000000000e+02	6.002500000000000613e-01	nan	9.183205700992402853e-03	4.064641325750041438e-03	7.072167680310062921e-04
nan	6.100000000000000000e+02	6.100000000000000977e-01	nan	9.837984089813289756e-03	4.122306771996920444e-03	7.095625281262782314e-04
nan	6.253125000000000000e+02	6.253124999999999378e-01	nan	1.072340999546383955e-02	3.836963055687968652e-03	7.165705017025411974e-04
nan	6.474375000000000000e+02	6.474374999999999991e-01	nan	1.091654393155749858e-02	4.027595642422888457e-03	7.202990420631475441e-04
nan	6.594375000000000000e+02	6.594375000000000098e-01	nan	1.243815145848259363e-02	3.710577260381173713e-03	7.239802922591343642e-04
nan	6.710000000000000000e+02	6.710000000000000409e-01	nan	1.296329961805042785e-02	3.803801358611148906e-03	7.160517431818872250e-04
nan	6.721250000000000000e+02	6.721250000000000835e-01	nan	1.319698896567444990e-02	3.567582905248921094e-03	7.132551568770513755e-04
nan	6.869375000000000000e+02	6.869375000000000897e-01	nan	1.341549704523004038e-02	3.944998319521873277e-03	7.233204975740542856e-04
nan	6.988125000000000000e+02	6.988125000000000586e-01	nan	1.418811434672306859e-02	3.652510015740237977e-03	7.115586041650382495e-04
nan	7.115000000000000000e+02	7.115000000000000213e-01	nan	1.328971567927794695e-02	3.802316939178170593e-03	7.126407166242293119e-04
nan	7.295000000000000000e+02	7.295000000000000373e-01	nan	1.585742886791763340e-02	3.800138174158435283e-03	7.058282797833368306e-04
nan	7.358750000000000000e+02	7.358749999999999458e-01	nan	1.536313208168849087e-02	3.733739152187547528e-03	7.020381827082235399e-04
nan	7.626250000000000000e+02	7.626249999999999973e-01	nan	1.650641616816983515e-02	3.613062020838726796e-03	7.218703260924285575e-04
nan	7.609375000000000000e+02	7.609375000000000444e-01	nan	1.676838141052883202e-02	3.474571785184718108e-03	7.044669094686205855e-04
nan	7.740625000000000000e+02	7.740625000000000977e-01	nan	1.773303919829061215e-02	3.487392124242065169e-03	7.108600872778223466e-04
nan	7.860625000000000000e+02	7.860624999999999973e-01	nan	1.879863574166051876e-02	3.365240131890431113e-03	7.119733472072056627e-04
nan	7.952500000000000000e+02	7.952500000000000124e-01	nan	1.872549822071789549e-02	3.427661109591289418e-03	7.281444119209484278e-04
nan	8.074375000000000000e+02	8.074375000000000302e-01	nan	1.863984175545851940e-02	3.508051965032673442e-03	7.058809014265816917e-04
nan	0.000000000000000000e+00	0.000000000000000000e+00	0.000000000000000000e+00	0.000000000000000000e+00	0.000000000000000000e+00	0.000000000000000000e+00
nan	0.000000000000000000e+00	0.000000000000000000e+00	0.000000000000000000e+00	0.000000000000000000e+00	0.000000000000000000e+00	0.000000000000000000e+00
nan	0.000000000000000000e+00	0.000000000000000000e+00	0.000000000000000000e+00	0.000000000000000000e+00	0.000000000000000000e+00	0.000000000000000000e+00
nan	4.687500000000000000e+00	4.687500000000000694e-03	nan	1.515290383919615149e-03	8.654888663451236128e-03	4.716610914049254133e-04
nan	4.218750000000000000e+01	4.218750000000000278e-02	nan	1.108985481373281345e-03	5.662376008416128252e-03	6.382091936972608551e-04
nan	1.370625000000000000e+02	1.370624999999999760e-01	nan	1.410469698090111024e-03	6.267675633550082517e-03	6.784999122206699295e-04
nan	2.100625000000000000e+02	2.100624999999999853e-01	nan	1.678293236548000777e-03	5.571002442635988004e-03	6.883955047369639873e-04
nan	2.513125000000000000e+02	2.513124999999999942e-01	nan	1.948344533357015962e-03	5.783320223862258372e-03	7.074917920182880642e-04
nan	2.615625000000000000e+02	2.615625000000000311e-01	nan	2.387824633174773226e-03	5.380076856055355204e-03	7.120138721406128225e-04
nan	2.700625000000000000e+02	2.700624999999999831e-01	nan	2.300739104477145247e-03	5.326066095654610928e-03	7.107239133470944804e-04
nan	2.957500000000000000e+02	2.957499999999999574e-01	nan	2.981352520507130066e-03	5.274674930351755733e-03	6.994160272639479486e-04
nan	3.081875000000000000e+02	3.081875000000000031e-01	nan	3.270032585660942459e-03	5.259822899043607725e-03	7.074682884765270052e-04
nan	3.263750000000000000e+02	3.263750000000000262e-01	nan	3.511461993241482560e-03	4.582557075036722619e-03	7.208807227723192318e-04
nan	3.336875000000000000e+02	3.336875000000000258e-01	nan	4.076374591925002733e-03	4.447247787182436081e-03	7.113718354812457404e-04
nan	3.451250000000000000e+02	3.451250000000000151e-01	nan	3.940514083083712649e-03	3.995812721697076728e-03	7.203339615404335140e-04
nan	3.644375000000000000e+02	3.644374999999999698e-01	nan	4.378862283573425884e-03	4.467701212469024283e-03	6.961472472760407227e-04
nan	3.681250000000000000e+02	3.681249999999999800e-01	nan	5.206148750346528686e-03	4.544752387634024698e-03	7.074377171083964235e-04
nan	3.875625000000000000e+02	3.875624999999999765e-01	nan	4.999979914209973231e-03	4.435689206993581601e-03	7.116673851067571678e-04
nan	3.871875000000000000e+02	3.871874999999999623e-01	nan	5.022040281765782765e-03	4.038818268762902133e-03	7.111155678666468373e-04
nan	3.951875000000000000e+02	3.951875000000000249e-01	nan	6.134974017300010019e-03	4.180300958183912063e-03	7.211029559835097427e-04
nan	4.162500000000000000e+02	4.162500000000000089e-01	nan	5.920583309375615499e-03	3.989515692937904874e-03	7.020748873719330008e-04
nan	4.311250000000000000e+02	4.311250000000000360e-01	nan	6.704035636531102682e-03	4.239036655411121922e-03	7.087702734163950531e-04
nan	4.487500000000000000e+02	4.487499999999999822e-01	nan	7.309423175229312619e-03	3.934574721705995891e-03	7.200501693460337974e-04
nan	4.441250000000000000e+02	4.441249999999999920e-01	nan	7.654065446430990960e-03	3.800410595465748050e-03	7.105398937602733049e-04
nan	4.590625000000000000e+02	4.590625000000000400e-01	nan	8.167028960158972950e-03	3.693755486641936772e-03	7.019892726734470578e-04
nan	4.543750000000000000e+02	4.543749999999999734e-01	nan	8.238066510486419247e-03	3.929063168635199554e-03	7.158639162070056221e-04
nan	4.702500000000000000e+02	4.702500000000000013e-01	nan	7.857965051826454328e-03	3.969133522088618554e-03	7.122593009341119654e-04
nan	4.761875000000000000e+02	4.761874999999999858e-01	nan	8.608026285628511687e-03	3.572347717352087042e-03	7.063605178870156678e-04
nan	4.774375000000000000e+02	4.774374999999999591e-01	nan	9.907808956214125828e-03	4.072816427651573812e-03	7.103167805988454438e-04
nan	4.991250000000000000e+02	4.991250000000000409e-01	nan	9.509745185326323735e-03	3.521482058701265461e-03	7.344997985809217705e-04
nan	5.043125000000000000e+02	5.043124999999999414e-01	nan	9.886277065234594374e-03	3.584853369436584881e-03	7.156038229206693104e-04
nan	5.198750000000000000e+02	5.198749999999999760e-01	nan	1.028633662801325954e-02	3.507731732020479432e-03	7.204961912718948558e-04
nan	5.210625000000000000e+02	5.210624999999999840e-01	nan	1.132716374299036488e-02	3.147181754210738331e-03	7.188645153105534995e-04
nan	5.280000000000000000e+02	5.280000000000000249e-01	nan	1.177829118130091501e-02	3.850075536857026394e-03	7.043931382414087613e-04
nan	5.279375000000000000e+02	5.279374999999999485e-01	nan	1.149332454261298153e-02	3.463354612494246379e-03	7.284862806922517541e-04
nan	5.479375000000000000e+02	5.479374999999999662e-01	nan	1.163620588138769563e-02	3.575873991438478002e-03	7.173501107333671994e-04
nan	5.556250000000000000e+02	5.556249999999999245e-01	nan	1.269350408487923687e-02	3.331240357177716726e-03	7.250917142558571237e-04
nan	5.599375000000000000e+02	5.599375000000000879e-01	nan	1.234461224079552721e-02	3.180750879371083747e-03	7.098988240493727233e-04
nan	5.754375000000000000e+02	5.754374999999999352e-01	nan	1.430937366045270664e-02	3.435409022666744295e-03	7.111891006438845943e-04
nan	0.000000000000000000e+00	0.000000000000000000e+00	0.000000000000000000e+00	0.000000000000000000e+00	0.000000000000000000e+00	0.000000000000000000e+00
nan	2.662500000000000000e+01	2.662499999999999936e-02	nan	1.027364683858317425e-03	8.802536760734464699e-03	4.715272166242660649e-04
nan	1.083125000000000000e+02	1.083125000000000060e-01	nan	1.003204494811171799e-03	6.400777712249642801e-03	5.480331284141953634e-04
nan	1.752500000000000000e+02	1.752499999999999891e-01	nan	1.335047982529147248e-03	7.097640299234738229e-03	5.736220516412679537e-04
nan	2.138125000000000000e+02	2.138125000000000164e-01	nan	1.722582002354755559e-03	6.827761964779100259e-03	5.878562869927923687e-04
nan	2.429375000000000000e+02	2.429374999999999729e-01	nan	2.113315202691978811e-03	6.548142971360814552e-03	5.843998847335685112e-04
nan	2.635000000000000000e+02	2.635000000000000120e-01	nan	2.564871083009734321e-03	5.892660965237782149e-03	5.726681300786416783e-04
nan	2.908125000000000000e+02	2.908124999999999738e-01	nan	2.629908190943552881e-03	6.229280053424124733e-03	5.867778122113102759e-04
nan	3.118750000000000000e+02	3.118749999999999578e-01	nan	3.145612316924228935e-03	5.725587469179727051e-03	5.989661087427599522e-04
nan	3.224375000000000000e+02	3.224374999999999880e-01	nan	3.606516215867827668e-03	5.432317889635527447e-03	5.895055052420586274e-04
nan	3.418750000000000000e+02	3.418749999999999845e-01	nan	3.967928370279594219e-03	5.449014772402353303e-03	5.911598946676042791e-04
nan	3.501875000000000000e+02	3.501874999999999849e-01	nan	4.200986305505693963e-03	5.154607661206902017e-03	5.967825554834665360e-04
nan	3.781250000000000000e+02	3.781249999999999334e-01	nan	4.292962967603841662e-03	5.393823012940328343e-03	5.918599010023561924e-04
nan	3.846250000000000000e+02	3.846249999999999947e-01	nan	4.875147685481806548e-03	4.697133366005446474e-03	5.943259649322787594e-04
nan	4.138750000000000000e+02	4.138750000000000484e-01	nan	6.042313887562045238e-03	4.580333060533495551e-03	5.872158854970024183e-04
nan	4.216875000000000000e+02	4.216874999999999929e-01	nan	6.089880777274458978e-03	4.444260232063826713e-03	5.910271477263147333e-04
nan	4.316250000000000000e+02	4.316249999999999254e-01	nan	6.392200551594839908e-03	4.557395527996504700e-03	5.990722123160940405e-04
nan	4.470625000000000000e+02	4.470625000000000293e-01	nan	7.075397865932586683e-03	3.977204867753167741e-03	5.913214721768742183e-04
nan	4.545000000000000000e+02	4.545000000000000151e-01	nan	7.300570986245702443e-03	4.417567598444875968e-03	5.888334390974309194e-04
nan	4.776250000000000000e+02	4.776249999999999662e-01	nan	7.800279119365427505e-03	4.182528813357320324e-03	5.964457226850428031e-04
nan	4.740000000000000000e+02	4.739999999999999214e-01	nan	8.544960079674979170e-03	4.202191022367689384e-03	5.986020911655500973e-04
nan	5.070625000000000000e+02	5.070624999999999716e-01	nan	9.209530970764490121e-03	4.084718762387884797e-03	5.968118720476766259e-04
nan	5.069375000000000000e+02	5.069374999999999298e-01	nan	9.844273974394468496e-03	4.210190676321494407e-03	6.007713096390873177e-04
nan	5.258750000000000000e+02	5.258749999999999813e-01	nan	9.457659417179797856e-03	3.890072309322686016e-03	5.873623173520065629e-04
nan	5.378750000000000000e+02	5.378749999999999920e-01	nan	1.053101401404887838e-02	3.671163027743948488e-03	5.955739536221463758e-04
nan	5.396875000000000000e+02	5.396874999999999867e-01	nan	1.162994648967696776e-02	3.924027356533126010e-03	5.947727560450073378e-04
nan	5.518750000000000000e+02	5.518750000000000044e-01	nan	1.101664931192658514e-02	3.869535331138387445e-03	5.940825112602313163e-04
nan	5.587500000000000000e+02	5.587500000000000799e-01	nan	1.243158055000037621e-02	3.641810704532003149e-03	5.922516689472905917e-04
nan	5.699375000000000000e+02	5.699374999999999858e-01	nan	1.246840708981267198e-02	3.927284840125863478e-03	5.886958685492927907e-04
nan	5.906250000000000000e+02	5.906249999999999556e-01	nan	1.319976047338400349e-02	3.734540106753444794e-03	5.951890805889377412e-04
nan	5.986250000000000000e+02	5.986249999999999627e-01	nan	1.447521683309105356e-02	3.476608028052681661e-03	5.948639525905395978e-04
nan	5.981875000000000000e+02	5.981874999999999831e-01	nan	1.338556094052023582e-02	3.735275858455815688e-03	5.946730778158199667e-04
nan	6.067500000000000000e+02	6.067500000000000115e-01	nan	1.487174601327012624e-02	3.589239232069400733e-03	5.888034937804741305e-04
nan	6.278125000000000000e+02	6.278124999999999956e-01	nan	1.549031067303019427e-02	3.561308682996627145e-03	5.843578126823354649e-04
nan	6.263125000000000000e+02	6.263125000000000497e-01	nan	1.516407156810828383e-02	3.669486921204236606e-03	6.095458704674388715e-04
nan	6.360625000000000000e+02	6.360624999999999751e-01	nan	1.707505567074463215e-02	3.577552963607773338e-03	6.037161573037388464e-04
nan	6.497500000000000000e+02	6.497500000000000497e-01	nan	1.777246845666979880e-02	3.478816274322680917e-03	5.960549803073896761e-04
nan	6.579375000000000000e+02	6.579374999999999529e-01	nan	1.708249508423875795e-02	3.324751684488894306e-03	5.933653427668919046e-04
nan	6.760625000000000000e+02	6.760625000000000107e-01	nan	1.779853588809032772e-02	3.491718513611290209e-03	6.006544552767858342e-04
nan	0.000000000000000000e+00	0.000000000000000000e+00	0.000000000000000000e+00	0.000000000000000000e+00	0.000000000000000000e+00	0.000000000000000000e+00
nan	0.000000000000000000e+00	0.000000000000000000e+00	0.000000000000000000e+00	0.000000000000000000e+00	0.000000000000000000e+00	0.000000000000000000e+00
nan	0.000000000000000000e+00	0.000000000000000000e+00	0.000000000000000000e+00	0.000000000000000000e+00	0.000000000000000000e+00	0.000000000000000000e+00
nan	2.875000000000000000e+00	2.874999999999999951e-03	nan	1.466215403422241889e-03	7.510217055747447912e-03	3.833974448157686935e-04
nan	3.437500000000000000e+01	3.437500000000000278e-02	nan	1.455772842884783813e-03	4.675815644324185852e-03	4.717282497390497330e-04
nan	1.075000000000000000e+02	1.075000000000000122e-01	nan	1.499332356370786101e-03	5.535220990269019113e-03	5.638318664851665928e-04
nan	1.730625000000000000e+02	1.730625000000000080e-01	nan	1.756797541460741741e-03	6.216987014814661858e-03	5.838821229499133571e-04
nan	2.001875000000000000e+02	2.001874999999999627e-01	nan	2.006014334902772589e-03	5.625319462423792119e-03	5.689605795363147445e-04
nan	2.168125000000000000e+02	2.168125000000000191e-01	nan	2.275435617942633826e-03	5.716470852612568626e-03	5.915375829820635010e-04
nan	2.247500000000000000e+02	2.247500000000000053e-01	nan	2.611289364352842313e-03	4.906696967567694689e-03	5.906828073321309779e-04
nan	2.316250000000000000e+02	2.316249999999999976e-01	nan	2.947613423565087487e-03	4.863595673698945659e-03	5.804888298524961713e-04
nan	2.613750000000000000e+02	2.613749999999999685e-01	nan	3.069937668676914200e-03	5.241739294996788749e-03	6.007647223264102158e-04
nan	2.659375000000000000e+02	2.659374999999999378e-01	nan	3.546256166785610731e-03	4.824689579315610301e-03	5.872611458945704594e-04
nan	2.723125000000000000e+02	2.723124999999999574e-01	nan	3.654383522210480351e-03	4.511382619390616466e-03	5.831183509618558056e-04
nan	2.840000000000000000e+02	2.840000000000000302e-01	nan	3.921280088370338035e-03	4.772546261966869978e-03	5.874701728711176872e-04
nan	3.030000000000000000e+02	3.029999999999999916e-01	nan	4.159643316775429867e-03	4.769813919850136516e-03	5.918144713660657228e-04
nan	3.046875000000000000e+02	3.046875000000000000e-01	nan	5.038193865054552134e-03	4.251494424991582484e-03	5.789879074414931411e-04
nan	3.186875000000000000e+02	3.186875000000000124e-01	nan	5.279899838434687354e-03	4.004535185268948659e-03	5.951490271858626141e-04
nan	3.320625000000000000e+02	3.320625000000000382e-01	nan	4.771856933260210099e-03	4.107083640401028302e-03	6.030400709193058009e-04
nan	3.362500000000000000e+02	3.362499999999999933e-01	nan	5.438129691327731052e-03	4.250769051873288379e-03	5.900405826256697236e-04
nan	3.398750000000000000e+02	3.398750000000000382e-01	nan	5.946654309823884432e-03	3.724098677798607510e-03	5.930128194560606997e-04
nan	3.521875000000000000e+02	3.521874999999999867e-01	nan	6.510506230341661649e-03	4.082341411773255865e-03	6.040987113407892935e-04
nan	3.495000000000000000e+02	3.495000000000000329e-01	nan	7.262456592542321232e-03	3.918085701269328168e-03	5.897548899156414542e-04
nan	3.678125000000000000e+02	3.678124999999999867e-01	nan	7.281277554014309317e-03	3.909390514220032441e-03	5.874001340894769016e-04
nan	3.738125000000000000e+02	3.738125000000000475e-01	nan	7.262708169349707532e-03	4.078007094427937504e-03	5.985729907082551395e-04
nan	3.832500000000000000e+02	3.832500000000000351e-01	nan	7.090273645715683415e-03	4.107207714412934932e-03	5.951208760934035332e-04
nan	3.955625000000000000e+02	3.955624999999999836e-01	nan	8.139642939354985174e-03	4.016299678064190817e-03	5.815034583862623572e-04
nan	3.922500000000000000e+02	3.922499999999999876e-01	nan	8.876940661636467667e-03	3.927331589017300263e-03	5.914823325046642639e-04
nan	4.048125000000000000e+02	4.048125000000000195e-01	nan	8.779381305302536020e-03	3.510673912827196822e-03	5.867575594744068321e-04
nan	4.134375000000000000e+02	4.134375000000000133e-01	nan	9.312366093809032463e-03	3.545537256272256535e-03	5.931491784410333886e-04
nan	4.216250000000000000e+02	4.216249999999999165e-01	nan	9.868689630081917130e-03	3.450807637151015288e-03	5.959013694944808280e-04
nan	4.271250000000000000e+02	4.271249999999999769e-01	nan	9.162967780710573606e-03	3.482086284024637698e-03	5.958015601300060407e-04
nan	4.243750000000000000e+02	4.243750000000000022e-01	nan	1.071491377582844962e-02	3.484743453886501949e-03	5.963490128753625927e-04
nan	4.430000000000000000e+02	4.429999999999999494e-01	nan	1.105420627094133579e-02	3.609759047839076161e-03	6.008940760333220370e-04
nan	4.486250000000000000e+02	4.486249999999999960e-01	nan	1.193905472821654712e-02	3.451616427643645121e-03	6.051202968315782041e-04
nan	4.536250000000000000e+02	4.536250000000000004e-01	nan	1.181260600414191231e-02	3.207536202386425308e-03	5.882188364239749473e-04
nan	4.608750000000000000e+02	4.608749999999999791e-01	nan	1.215084131074206653e-02	3.311109083924870106e-03	5.991133610509132013e-04
nan	4.595625000000000000e+02	4.595624999999999849e-01	nan	1.169217286116008836e-02	3.448971782900915432e-03	5.857930077719353647e-04
nan	4.751875000000000000e+02	4.751874999999999849e-01	nan	1.249540426050543829e-02	3.345753023285379622e-03	6.025309381469534523e-04
