# SourcePhotonFlux	NumberRaysSurvived	PercentageRaysSurvived	PhotonFlux	Bandwidth	HorizontalFocusFWHM	VerticalFocusFWHM
1.362500000000000000e+12	3.616000000000000369e+01	3.616000000000000464e-02	2.463400000000000000e+09	2.223513195045825203e-02	1.953340797568916057e-02	5.657870245203111244e-04
1.362500000000000000e+12	3.635999999999999943e+01	3.636000000000000343e-02	2.477025000000000000e+09	2.348217127489306277e-02	1.685423544419064473e-02	4.901182465462341651e-04
1.362500000000000000e+12	3.623999999999999488e+01	3.623999999999999444e-02	2.468850000000000000e+09	2.447338549638516242e-02	1.859599398460971137e-02	4.878323618377381583e-04
1.362500000000000000e+12	3.743999999999999773e+01	3.744000000000000106e-02	2.550600000000000000e+09	1.838661009788666173e-02	1.462800027318231569e-02	5.449868340914631234e-04
1.362500000000000000e+12	3.792000000000000171e+01	3.791999999999999538e-02	2.583300000000000000e+09	2.475834461235990741e-02	1.883953190874835398e-02	5.143320125526467963e-04
1.362500000000000000e+12	4.292000000000000171e+01	4.291999999999999982e-02	2.923925000000000000e+09	4.413850863718380216e-03	2.155218433235977019e-02	4.233089470016732124e-04
1.362500000000000000e+12	4.407999999999999829e+01	4.408000000000000113e-02	3.002950000000000000e+09	6.857116573467010763e-03	1.606230062749788162e-02	4.957279341223503862e-04
1.362500000000000000e+12	4.467999999999999972e+01	4.467999999999999750e-02	3.043825000000000000e+09	6.281860148860687887e-03	2.099953838488239841e-02	5.008375362292745957e-04
1.362500000000000000e+12	4.756000000000000227e+01	4.756000000000000505e-02	3.240025000000000000e+09	6.389361335682223857e-03	2.143521154646035182e-02	4.957352610631636774e-04
1.362500000000000000e+12	4.432000000000000028e+01	4.432000000000000522e-02	3.019300000000000000e+09	7.170694463300150874e-03	2.119032693094791142e-02	5.565254159903084861e-04
1.362500000000000000e+12	4.316000000000000369e+01	4.315999999999999698e-02	2.940275000000000000e+09	5.437188545363369832e-03	1.950377630276396365e-02	5.098692562994612890e-04
1.362500000000000000e+12	4.476000000000000512e+01	4.476000000000000117e-02	3.049275000000000000e+09	4.522068018989102572e-03	2.039809856417728468e-02	5.618999176356951133e-04
1.362500000000000000e+12	4.611999999999999744e+01	4.612000000000000127e-02	3.141925000000000000e+09	4.506977166661272141e-03	2.149783064592470511e-02	5.345914181850320180e-04
1.362500000000000000e+12	4.632000000000000028e+01	4.631999999999999312e-02	3.155550000000000000e+09	4.827665862042067151e-03	1.987901994527271204e-02	4.888380435929582475e-04
1.362500000000000000e+12	4.400000000000000000e+01	4.400000000000000439e-02	2.997500000000000000e+09	5.178763206315580361e-03	1.881517176543386766e-02	5.824584011547672812e-04
1.362500000000000000e+12	4.307999999999999829e+01	4.307999999999999330e-02	2.934825000000000000e+09	3.954707785715072879e-03	1.718998604796611457e-02	5.384085264877062817e-04
1.362500000000000000e+12	4.256000000000000227e+01	4.256000000000000061e-02	2.899400000000000000e+09	4.161218631754763468e-03	1.740191672160630240e-02	5.423998417139102093e-04
1.362500000000000000e+12	4.167999999999999972e+01	4.168000000000000177e-02	2.839450000000000000e+09	3.138856978901003424e-03	1.578668518586476971e-02	5.341326932686611077e-04
1.362500000000000000e+12	4.388000000000000256e+01	4.387999999999999540e-02	2.989325000000000000e+09	3.055085965982016517e-03	2.047560194919635299e-02	6.030853247746042946e-04
1.362500000000000000e+12	4.507999999999999829e+01	4.507999999999999508e-02	3.071075000000000000e+09	3.675773044126344306e-03	1.884488743499419458e-02	5.552213155200524160e-04
1.362500000000000000e+12	3.892000000000000171e+01	3.891999999999999627e-02	2.651425000000000000e+09	3.001792895063317389e-03	2.121974165539422877e-02	7.121900810885194947e-04
1.362500000000000000e+12	3.635999999999999943e+01	3.636000000000000343e-02	2.477025000000000000e+09	2.953694450618513621e-03	1.839550090141320315e-02	7.292337971568224608e-04
1.362500000000000000e+12	3.903999999999999915e+01	3.903999999999999831e-02	2.659600000000000000e+09	3.157951956377473730e-03	2.022961838643331373e-02	6.686092132246095401e-04
1.362500000000000000e+12	3.935999999999999943e+01	3.935999999999999915e-02	2.681400000000000000e+09	3.059986600462707117e-03	2.084713437869033931e-02	5.465933548488325581e-04
1.362500000000000000e+12	3.732000000000000028e+01	3.732000000000000595e-02	2.542425000000000000e+09	2.639448738227656490e-03	2.004164798474527415e-02	5.080837850368021599e-04
1.362500000000000000e+12	3.276000000000000512e+01	3.275999999999999746e-02	2.231775000000000000e+09	1.922814966112582850e-03	2.157967917083936787e-02	5.794337622780281003e-04
1.362500000000000000e+12	3.288000000000000256e+01	3.288000000000000644e-02	2.239950000000000000e+09	1.751691617014330352e-03	2.140195121399776634e-02	7.092385604798008645e-04
1.362500000000000000e+12	3.332000000000000028e+01	3.332000000000000239e-02	2.269925000000000000e+09	2.916881154594648355e-03	1.697228529819606174e-02	6.762383761340242218e-04
1.362500000000000000e+12	3.248000000000000398e+01	3.248000000000000193e-02	2.212700000000000000e+09	2.375497810719480116e-03	1.964258565896150749e-02	6.161946832450584336e-04
1.362500000000000000e+12	3.367999999999999972e+01	3.368000000000000160e-02	2.294450000000000000e+09	2.355277607091465879e-03	1.942189099449913650e-02	5.905377523299662566e-04
1.362500000000000000e+12	2.503999999999999915e+01	2.503999999999999976e-02	1.705849999999999523e+09	1.424950590089792916e-03	1.490753385948577481e-02	7.845107478444653722e-04
1.362500000000000000e+12	2.435999999999999943e+01	2.435999999999999971e-02	1.659525000000000000e+09	1.639456953057560895e-03	1.613845022098741450e-02	5.705497448138546366e-04
1.362500000000000000e+12	2.603999999999999915e+01	2.604000000000000065e-02	1.773975000000000000e+09	1.964465691235091176e-03	1.821509683108444438e-02	8.263440786418201761e-04
1.362500000000000000e+12	2.551999999999999957e+01	2.551999999999999755e-02	1.738550000000000000e+09	1.904344214424327124e-03	1.378965417334249675e-02	5.953858871836308466e-04
1.362500000000000000e+12	2.496000000000000085e+01	2.495999999999999955e-02	1.700400000000000000e+09	1.932337958971857119e-03	2.032373069447887190e-02	7.105380140482564066e-04
1.362500000000000000e+12	2.096000000000000085e+01	2.095999999999999946e-02	1.427900000000000000e+09	1.378483594306230105e-03	2.093838083437129030e-02	8.159133356754374577e-04
1.362500000000000000e+12	1.948000000000000043e+01	1.948000000000000079e-02	1.327075000000000000e+09	1.722561738754656031e-03	2.025168416184649697e-02	8.453813036797935268e-04
1.362500000000000000e+12	1.911999999999999744e+01	1.911999999999999811e-02	1.302550000000000000e+09	1.947356920634357724e-03	2.263198286771623408e-02	7.119852081270025513e-04
1.362500000000000000e+12	1.780000000000000071e+01	1.779999999999999985e-02	1.212625000000000000e+09	1.851547007391859522e-03	2.481929764911867259e-02	7.843415338103815627e-04
1.362500000000000000e+12	1.767999999999999972e+01	1.768000000000000127e-02	1.204450000000000000e+09	2.147121019381546380e-03	2.515508909761680206e-02	8.415008566745497834e-04
1.362500000000000000e+12	1.583999999999999986e+01	1.583999999999999991e-02	1.079100000000000000e+09	1.827297590832980493e-03	2.519169909512769534e-02	8.496812587779255460e-04
1.362500000000000000e+12	1.603999999999999915e+01	1.604000000000000217e-02	1.092725000000000000e+09	1.932655814293007509e-03	2.482596063921585841e-02	8.733324929278785207e-04
1.362500000000000000e+12	1.559999999999999964e+01	1.559999999999999928e-02	1.062750000000000000e+09	1.804501032792333757e-03	2.394379548453318823e-02	8.696530055752887825e-04
1.362500000000000000e+12	1.504000000000000092e+01	1.504000000000000128e-02	1.024600000000000000e+09	1.935380869443378187e-03	2.570254342849966414e-02	8.597606131199664672e-04
1.362500000000000000e+12	1.535999999999999943e+01	1.536000000000000212e-02	1.046400000000000000e+09	1.772020120271050950e-03	2.404747100209294469e-02	8.571887120257337764e-04
1.362500000000000000e+12	1.500000000000000000e+01	1.499999999999999944e-02	1.021875000000000000e+09	1.636133487443848207e-03	2.701221114999521195e-02	8.746691851496537573e-04
1.362500000000000000e+12	1.368000000000000149e+01	1.368000000000000119e-02	9.319500000000000000e+08	1.746752387926862144e-03	2.518946568804953864e-02	8.200529833016877287e-04
1.362500000000000000e+12	1.267999999999999972e+01	1.268000000000000030e-02	8.638250000000000000e+08	1.657244761357765019e-03	2.566287309398903455e-02	8.495025022244254848e-04
1.362500000000000000e+12	1.259999999999999964e+01	1.260000000000000009e-02	8.583750000000000000e+08	1.849013520066390606e-03	2.481310908739866455e-02	8.361926990850171220e-04
1.362500000000000000e+12	1.255999999999999872e+01	1.255999999999999825e-02	8.556500000000000000e+08	1.815006525307175881e-03	2.620508400888178421e-02	8.660591293629870888e-04
1.566020000000000000e+12	8.143999999999999773e+01	8.143999999999999850e-02	6.376833440000000000e+09	2.130604806723567640e-02	1.825591842765664219e-02	5.784080355588193259e-04
1.566020000000000000e+12	8.340000000000000568e+01	8.340000000000001579e-02	6.530303400000000000e+09	2.266685237359070126e-02	2.042020528014686087e-02	5.416724810912031032e-04
1.566020000000000000e+12	8.415999999999999659e+01	8.415999999999999870e-02	6.589812160000000000e+09	2.079073412154684719e-02	1.875736611659616776e-02	5.250081533997025393e-04
1.566020000000000000e+12	8.235999999999999943e+01	8.236000000000001653e-02	6.448870360000000000e+09	2.020684450224052853e-02	2.047322160536545199e-02	5.316534188635069083e-04
1.566020000000000000e+12	8.447999999999998977e+01	8.447999999999999954e-02	6.614868480000000000e+09	2.534665428676362645e-02	2.075925113011436313e-02	6.048260209012630735e-04
1.566020000000000000e+12	8.535999999999999943e+01	8.535999999999999144e-02	6.683773360000000000e+09	1.735608214379226466e-02	2.120594802149749353e-02	5.646261711853880604e-04
1.566020000000000000e+12	8.643999999999999773e+01	8.644000000000000294e-02	6.768338440000000000e+09	1.674864467869610976e-02	2.071857323598845502e-02	5.637126188719014924e-04
1.566020000000000000e+12	8.884000000000000341e+01	8.884000000000000230e-02	6.956260840000000000e+09	1.802411079447210907e-02	1.921541956917965227e-02	5.680491452360684470e-04
1.566020000000000000e+12	8.723999999999999488e+01	8.724000000000001198e-02	6.830979240000000000e+09	1.548814131365816062e-02	1.780622468670653782e-02	5.647727295231520176e-04
1.566020000000000000e+12	8.635999999999999943e+01	8.636000000000002008e-02	6.762074360000000000e+09	2.095177085705927228e-02	2.091485553216367380e-02	5.765432671408620563e-04
1.566020000000000000e+12	7.887999999999999545e+01	7.888000000000000567e-02	6.176382880000000000e+09	1.183680673563230687e-02	2.046179707098962769e-02	5.560912261068436287e-04
1.566020000000000000e+12	7.912000000000000455e+01	7.912000000000000977e-02	6.195175120000000000e+09	1.499333399549868627e-02	1.715043866903888728e-02	6.103769251422164546e-04
1.566020000000000000e+12	8.140000000000000568e+01	8.140000000000000013e-02	6.373701400000000000e+09	1.098033581927666119e-02	1.898445958600315092e-02	6.871963355971491896e-04
1.566020000000000000e+12	8.076000000000000512e+01	8.076000000000001233e-02	6.323588760000000000e+09	1.508916333278193488e-02	1.877788991335980692e-02	6.083651476472799616e-04
1.566020000000000000e+12	7.807999999999999829e+01	7.808000000000001051e-02	6.113742080000000000e+09	1.467907936503706767e-02	1.943473751366293564e-02	6.049328736109930906e-04
1.566020000000000000e+12	7.003999999999999204e+01	7.003999999999999115e-02	5.484202040000000000e+09	1.124847639258859909e-02	1.812212405194196102e-02	5.556485830385127092e-04
1.566020000000000000e+12	6.276000000000000512e+01	6.275999999999999635e-02	4.914170760000000000e+09	1.039313002487233552e-02	1.813587942701867101e-02	5.900078604142294791e-04
1.566020000000000000e+12	6.564000000000000057e+01	6.564000000000000390e-02	5.139677640000000000e+09	1.108257761031382002e-02	2.107231749829366688e-02	6.905731784578079827e-04
1.566020000000000000e+12	6.779999999999999716e+01	6.779999999999999916e-02	5.308807800000000000e+09	9.873181315165310487e-03	1.903088968718076590e-02	6.743777205770427885e-04
1.566020000000000000e+12	6.635999999999999943e+01	6.636000000000000232e-02	5.196054360000000000e+09	1.217552785052248600e-02	1.979516182166171992e-02	6.246041152689984057e-04
1.566020000000000000e+12	5.192000000000000171e+01	5.192000000000000087e-02	4.065387920000000000e+09	7.509701620647320566e-03	1.793167968935410056e-02	6.013705125777976408e-04
1.566020000000000000e+12	5.135999999999999943e+01	5.135999999999999593e-02	4.021539360000000000e+09	8.298150546488613707e-03	2.130462559567928779e-02	6.600952482875431689e-04
1.566020000000000000e+12	5.120000000000000284e+01	5.120000000000000245e-02	4.009011200000000000e+09	7.114497215648043701e-03	1.981866377395037626e-02	6.229542603584266574e-04
1.566020000000000000e+12	5.107999999999999829e+01	5.108000000000000040e-02	3.999615080000000000e+09	7.521113122370479478e-03	1.882621949733750619e-02	6.305951068416363030e-04
1.566020000000000000e+12	5.011999999999999744e+01	5.012000000000001176e-02	3.924446120000000000e+09	7.116527715484152923e-03	1.633717410516353011e-02	6.605836813653747806e-04
1.566020000000000000e+12	4.051999999999999602e+01	4.052000000000000740e-02	3.172756520000000000e+09	5.847643833244546736e-03	1.911188967619871851e-02	5.568041130254686947e-04
1.566020000000000000e+12	4.020000000000000284e+01	4.019999999999999962e-02	3.147700200000000000e+09	6.016069708398390052e-03	1.987945422054481631e-02	5.839260466783578133e-04
1.566020000000000000e+12	3.835999999999999943e+01	3.836000000000000520e-02	3.003626360000000000e+09	6.440606759879301604e-03	1.831821769358418089e-02	5.481242573097058627e-04
1.566020000000000000e+12	3.820000000000000284e+01	3.819999999999999785e-02	2.991098200000000000e+09	6.194175936425381362e-03	2.164717679766398756e-02	4.500164641019459700e-04
1.566020000000000000e+12	4.032000000000000028e+01	4.032000000000000167e-02	3.157096320000000000e+09	7.342964312042568435e-03	1.817308104594527601e-02	6.006155412616739171e-04
1.566020000000000000e+12	3.071999999999999886e+01	3.072000000000000425e-02	2.405406720000000000e+09	4.484149041345517929e-03	1.748801095468740380e-02	5.821875719747000941e-04
1.566020000000000000e+12	2.863999999999999702e+01	2.864000000000000573e-02	2.242540640000000000e+09	4.377225156536042154e-03	1.503487783323489459e-02	6.468822781410720141e-04
1.566020000000000000e+12	3.051999999999999957e+01	3.052000000000000199e-02	2.389746520000000000e+09	5.038263879860096529e-03	1.844259974086136233e-02	5.201273151687771466e-04
1.566020000000000000e+12	3.080000000000000071e+01	3.080000000000000446e-02	2.411670800000000000e+09	3.933828691979215572e-03	2.107551451819953542e-02	6.245732572864017224e-04
1.566020000000000000e+12	2.943999999999999773e+01	2.944000000000000089e-02	2.305181440000000000e+09	4.843467843279540552e-03	1.453651284927818567e-02	6.473995135649102161e-04
1.566020000000000000e+12	2.544000000000000128e+01	2.544000000000000081e-02	1.991977440000000000e+09	2.979167095741104294e-03	1.667842563716937648e-02	4.197788928858125872e-04
1.566020000000000000e+12	2.303999999999999915e+01	2.303999999999999798e-02	1.804055040000000000e+09	3.939953309586598923e-03	2.197467294089117812e-02	6.365104576707888160e-04
1.566020000000000000e+12	2.519999999999999929e+01	2.520000000000000018e-02	1.973185200000000000e+09	4.261683087156598396e-03	1.705650643192720833e-02	5.596567339303704265e-04
1.566020000000000000e+12	2.311999999999999744e+01	2.311999999999999819e-02	1.810319120000000000e+09	3.639609033430133474e-03	2.062029221460716377e-02	5.216104901410639543e-04
1.566020000000000000e+12	2.400000000000000000e+01	2.400000000000000050e-02	1.879224000000000000e+09	3.435741029215933027e-03	2.144655051762912185e-02	5.927188138654724105e-04
1.566020000000000000e+12	2.024000000000000199e+01	2.024000000000000105e-02	1.584812240000000000e+09	4.757419286427348563e-03	1.910831457088641577e-02	6.717724892577358383e-04
1.566020000000000000e+12	1.975999999999999801e+01	1.975999999999999979e-02	1.547227760000000000e+09	4.743468517412417415e-03	2.245900374556200965e-02	7.033913367904519060e-04
1.566020000000000000e+12	1.888000000000000256e+01	1.888000000000000095e-02	1.478322880000000000e+09	4.466880716760620804e-03	1.995846635123725218e-02	6.655702972907741235e-04
1.566020000000000000e+12	2.032000000000000028e+01	2.031999999999999779e-02	1.591076320000000000e+09	4.275366149875629330e-03	2.289060567607981850e-02	6.222593952397379715e-04
1.566020000000000000e+12	2.051999999999999957e+01	2.052000000000000005e-02	1.606736520000000000e+09	4.357358345995278846e-03	1.958290930924613815e-02	5.152965771983807194e-04
1.566020000000000000e+12	1.744000000000000128e+01	1.744000000000000411e-02	1.365569440000000000e+09	4.106777734460389032e-03	2.442458431022131310e-02	6.262375274746915035e-04
1.566020000000000000e+12	1.708000000000000185e+01	1.708000000000000143e-02	1.337381080000000000e+09	4.596985496219552041e-03	2.327830178669847497e-02	7.046376105626958163e-04
1.566020000000000000e+12	1.751999999999999957e+01	1.752000000000000085e-02	1.371833520000000000e+09	4.644115448269486510e-03	2.453385829270154223e-02	7.001166810828406009e-04
1.566020000000000000e+12	1.700000000000000000e+01	1.699999999999999775e-02	1.331117000000000000e+09	4.771900221462341447e-03	2.334917405496466855e-02	6.681683478235280263e-04
1.566020000000000000e+12	1.788000000000000256e+01	1.788000000000000006e-02	1.400021880000000000e+09	5.041376288523637464e-03	2.302688226002965258e-02	7.160309886799088707e-04
1.651922000000000000e+12	1.391200000000000045e+02	1.391199999999999937e-01	1.149076943200000000e+10	4.135338677766412646e-02	1.951425095460138787e-02	5.550303429670703018e-04
1.651922000000000000e+12	1.389599999999999795e+02	1.389600000000000002e-01	1.147755405600000000e+10	3.984039868374565641e-02	1.974112632664690864e-02	5.465378162656903908e-04
1.651922000000000000e+12	1.387199999999999989e+02	1.387200000000000100e-01	1.145773099200000000e+10	4.402416930988693050e-02	1.870978866406481159e-02	5.109566784407984594e-04
1.651922000000000000e+12	1.321200000000000045e+02	1.321199999999999875e-01	1.091259673200000000e+10	4.789704471857476192e-02	1.877136263417147899e-02	4.801954174551705218e-04
1.651922000000000000e+12	1.342800000000000011e+02	1.342800000000000105e-01	1.109100430800000000e+10	4.649810904486002816e-02	1.952187959459326591e-02	5.075536421136996653e-04
1.651922000000000000e+12	1.252400000000000091e+02	1.252400000000000180e-01	1.034433556400000000e+10	2.955321561911660247e-02	2.011304069950808210e-02	5.622061807776050071e-04
1.651922000000000000e+12	1.268400000000000034e+02	1.268400000000000083e-01	1.047648932400000000e+10	2.977850033018512518e-02	1.967685061921330136e-02	5.353015658921045144e-04
1.651922000000000000e+12	1.274799999999999898e+02	1.274799999999999822e-01	1.052935082800000000e+10	3.461877748130064159e-02	2.097694714578848818e-02	6.158227747040300121e-04
1.651922000000000000e+12	1.283199999999999932e+02	1.283200000000000174e-01	1.059873155200000000e+10	3.417338577181908837e-02	1.883257065246889475e-02	5.979561199457178195e-04
1.651922000000000000e+12	1.278400000000000034e+02	1.278400000000000092e-01	1.055908542400000000e+10	3.029950386991913519e-02	1.997314674272718596e-02	5.193433574568544989e-04
1.651922000000000000e+12	1.035200000000000102e+02	1.035200000000000148e-01	8.550348272000000000e+09	2.325778320308017830e-02	1.963286544242086665e-02	5.584936875461614641e-04
1.651922000000000000e+12	1.034799999999999898e+02	1.034799999999999887e-01	8.547044428000000000e+09	2.113873998901908552e-02	2.047693315360198107e-02	5.630159481126459451e-04
1.651922000000000000e+12	1.057999999999999972e+02	1.058000000000000052e-01	8.738667380000000000e+09	2.405456347666586406e-02	1.889905600614648351e-02	6.089562607970361091e-04
1.651922000000000000e+12	1.080000000000000000e+02	1.079999999999999849e-01	8.920378800000000000e+09	2.567472546526914853e-02	1.858526041228058048e-02	5.943016436337235624e-04
1.651922000000000000e+12	1.017999999999999972e+02	1.018000000000000016e-01	8.408282980000000000e+09	2.489671215844282276e-02	1.824997836241317242e-02	5.767370721146161628e-04
1.651922000000000000e+12	8.015999999999999659e+01	8.015999999999999515e-02	6.620903376000000000e+09	1.632157393280067592e-02	2.011363722088332917e-02	5.994455909154673733e-04
1.651922000000000000e+12	8.156000000000000227e+01	8.156000000000000749e-02	6.736537916000000000e+09	1.693927780852391013e-02	2.045024393489523751e-02	6.251505988408010469e-04
1.651922000000000000e+12	8.152000000000001023e+01	8.152000000000000912e-02	6.733234072000000000e+09	1.619174510278753587e-02	2.137166908891178704e-02	5.884578070823136536e-04
1.651922000000000000e+12	7.703999999999999204e+01	7.704000000000001125e-02	6.363203544000000000e+09	1.327391526895553217e-02	1.860127889640287441e-02	5.656999446352617422e-04
1.651922000000000000e+12	8.271999999999999886e+01	8.272000000000000186e-02	6.832349392000000000e+09	2.001193226181385149e-02	1.884393028303892742e-02	5.343650319297432163e-04
1.651922000000000000e+12	6.307999999999999829e+01	6.307999999999999718e-02	5.210161988000000000e+09	9.557996541752799766e-03	1.944379797609634489e-02	5.056629031662503767e-04
1.651922000000000000e+12	6.283999999999999631e+01	6.283999999999999309e-02	5.190338924000000000e+09	1.157841439208823556e-02	2.176857482918031356e-02	6.452499516475741943e-04
1.651922000000000000e+12	6.372000000000000597e+01	6.371999999999999886e-02	5.263023492000000000e+09	1.460417579136446750e-02	1.955542985750434101e-02	6.596013850015086492e-04
1.651922000000000000e+12	5.943999999999999773e+01	5.944000000000000672e-02	4.909512184000000000e+09	1.573479920778481783e-02	2.152542849148260037e-02	4.873918614677010984e-04
1.651922000000000000e+12	6.060000000000000142e+01	6.060000000000000803e-02	5.005323660000000000e+09	1.351149529544272768e-02	1.758176916483950719e-02	6.488038449349251826e-04
1.651922000000000000e+12	4.651999999999999602e+01	4.651999999999999885e-02	3.842370572000000000e+09	9.010870293195694103e-03	1.966020819401901459e-02	5.793086149283535212e-04
1.651922000000000000e+12	4.900000000000000000e+01	4.900000000000000189e-02	4.047208900000000000e+09	1.104320929379355200e-02	2.128448858416293749e-02	5.866153796735926618e-04
1.651922000000000000e+12	4.923999999999999488e+01	4.923999999999999211e-02	4.067031964000000000e+09	1.218390955576069239e-02	1.836261339816006033e-02	5.735812711122779007e-04
1.651922000000000000e+12	4.856000000000000227e+01	4.855999999999999900e-02	4.010866616000000000e+09	1.308066860618055036e-02	2.127978474794904942e-02	5.493526490937116358e-04
1.651922000000000000e+12	4.751999999999999602e+01	4.751999999999999280e-02	3.924966672000000000e+09	9.084933602534876057e-03	1.756580621908418113e-02	5.358541372799940092e-04
1.651922000000000000e+12	3.876000000000000512e+01	3.875999999999999585e-02	3.201424836000000000e+09	8.312989969035696966e-03	1.815844136794367292e-02	5.587652528538653626e-04
1.651922000000000000e+12	3.792000000000000171e+01	3.791999999999999538e-02	3.132044112000000000e+09	8.367389019331313710e-03	1.932816907762555797e-02	4.998007148553784565e-04
1.651922000000000000e+12	3.839999999999999858e+01	3.840000000000000357e-02	3.171690240000000000e+09	9.516801809922981192e-03	1.733071672459373519e-02	5.860686054389706865e-04
1.651922000000000000e+12	3.879999999999999716e+01	3.880000000000000115e-02	3.204728680000000000e+09	8.632210885289167898e-03	2.004828623980928898e-02	5.943828308536784621e-04
1.651922000000000000e+12	3.896000000000000085e+01	3.896000000000000157e-02	3.217944056000000000e+09	8.057614542858573467e-03	1.766257571926414457e-02	5.741988850949495283e-04
1.651922000000000000e+12	3.000000000000000000e+01	2.999999999999999889e-02	2.477883000000000000e+09	6.291502007979943127e-03	1.830702899532995337e-02	4.326512003137642079e-04
1.651922000000000000e+12	2.891999999999999815e+01	2.892000000000000126e-02	2.388679212000000000e+09	6.644604623061241624e-03	1.643023778858776485e-02	4.548427968054325680e-04
1.651922000000000000e+12	2.943999999999999773e+01	2.944000000000000089e-02	2.431629184000000000e+09	6.216804500245416525e-03	1.611681664216813720e-02	6.557499451561467742e-04
1.651922000000000000e+12	2.848000000000000043e+01	2.848000000000000531e-02	2.352336928000000000e+09	7.195588710073934705e-03	1.929282320069071813e-02	4.665240104145809349e-04
1.651922000000000000e+12	2.960000000000000142e+01	2.959999999999999784e-02	2.444844560000000000e+09	6.960027868744873489e-03	2.096276318350424189e-02	6.189596925185631999e-04
1.651922000000000000e+12	2.467999999999999972e+01	2.468000000000000055e-02	2.038471748000000000e+09	6.877594203488116009e-03	1.583622964360870827e-02	4.591325533333329915e-04
1.651922000000000000e+12	2.375999999999999801e+01	2.375999999999999640e-02	1.962483336000000000e+09	7.479793599950426350e-03	2.106807688672559728e-02	6.663268244458938954e-04
1.651922000000000000e+12	2.383999999999999986e+01	2.384000000000000008e-02	1.969091024000000000e+09	6.061780216959959666e-03	2.265954310716860459e-02	5.346104170247037565e-04
1.651922000000000000e+12	2.351999999999999957e+01	2.351999999999999924e-02	1.942660272000000000e+09	6.686253740253960201e-03	2.068407350214614832e-02	4.323222682772180528e-04
1.651922000000000000e+12	2.471999999999999886e+01	2.471999999999999892e-02	2.041775592000000000e+09	8.176456552610034470e-03	1.768307276013799181e-02	4.904596495557820473e-04
1.651922000000000000e+12	2.200000000000000000e+01	2.200000000000000219e-02	1.817114200000000000e+09	6.499219315710433147e-03	1.587109304377699176e-02	5.851743345392337089e-04
1.651922000000000000e+12	2.200000000000000000e+01	2.200000000000000219e-02	1.817114200000000000e+09	5.121896110652124530e-03	2.035479486485198067e-02	5.956214606512960337e-04
1.651922000000000000e+12	2.271999999999999886e+01	2.271999999999999714e-02	1.876583392000000000e+09	7.897961719955277904e-03	1.876386087834921654e-02	5.425429466875267889e-04
1.651922000000000000e+12	2.064000000000000057e+01	2.063999999999999863e-02	1.704783504000000000e+09	5.742807901320328215e-03	2.007673083604926897e-02	5.951266011935493370e-04
1.651922000000000000e+12	2.116000000000000014e+01	2.115999999999999479e-02	1.747733476000000000e+09	8.080720751937390395e-03	1.896123611795532890e-02	4.272495304818419272e-04
1.684126000000000000e+12	1.536400000000000148e+02	1.536399999999999988e-01	1.293745593200000000e+10	5.847660236920091542e-02	1.918068179260255107e-02	5.753131330841196106e-04
1.684126000000000000e+12	1.504799999999999898e+02	1.504800000000000026e-01	1.267136402400000000e+10	6.969316505327696754e-02	1.966960232812467804e-02	5.519697142873025101e-04
1.684126000000000000e+12	1.501599999999999966e+02	1.501599999999999879e-01	1.264441800800000000e+10	6.921046684482462519e-02	1.922009816308094601e-02	5.782625282533130143e-04
1.684126000000000000e+12	1.502800000000000011e+02	1.502800000000000247e-01	1.265452276400000000e+10	6.454879133401845992e-02	1.987797279016155147e-02	5.644630783375529899e-04
1.684126000000000000e+12	1.513599999999999852e+02	1.513599999999999945e-01	1.274546556800000000e+10	7.918382087958888982e-02	1.878603837602422361e-02	5.727838964955196330e-04
1.684126000000000000e+12	1.250799999999999983e+02	1.250800000000000245e-01	1.053252400400000000e+10	4.012069079460161419e-02	1.967456129715094981e-02	5.433782554818197960e-04
1.684126000000000000e+12	1.192000000000000028e+02	1.192000000000000004e-01	1.003739096000000000e+10	4.270691020693447720e-02	1.951429951945187272e-02	6.410927584717491731e-04
1.684126000000000000e+12	1.202000000000000028e+02	1.202000000000000013e-01	1.012159726000000000e+10	5.614390721666495665e-02	1.729024683613494817e-02	5.751892693161216345e-04
1.684126000000000000e+12	1.273200000000000074e+02	1.273199999999999887e-01	1.072114611600000000e+10	4.853604946305495327e-02	2.026969230363160832e-02	5.988125066750536914e-04
1.684126000000000000e+12	1.243599999999999852e+02	1.243599999999999844e-01	1.047189546800000000e+10	5.048372488356107912e-02	1.978721416126732330e-02	4.681892420787562778e-04
1.684126000000000000e+12	1.033599999999999852e+02	1.033600000000000352e-01	8.703563168000000000e+09	3.370881522336276193e-02	1.854557297854414130e-02	5.967163944321483577e-04
1.684126000000000000e+12	1.017999999999999972e+02	1.018000000000000294e-01	8.572201340000000000e+09	3.212871929659740639e-02	2.063683743737179666e-02	6.444301901731441405e-04
1.684126000000000000e+12	9.815999999999999659e+01	9.815999999999999726e-02	8.265690408000000000e+09	3.763941231552962730e-02	1.905113106961139197e-02	5.982157759606286825e-04
1.684126000000000000e+12	9.967999999999999261e+01	9.968000000000000471e-02	8.393683984000000000e+09	3.504365794541627194e-02	1.992912932362274001e-02	5.520498667482607149e-04
1.684126000000000000e+12	9.779999999999999716e+01	9.780000000000001192e-02	8.235376140000000000e+09	3.494802711827105918e-02	2.021417856732447491e-02	6.129726943114551570e-04
1.684126000000000000e+12	7.223999999999999488e+01	7.223999999999999866e-02	6.083063112000000000e+09	2.985014155811768072e-02	1.944317091935171896e-02	6.268192649548171231e-04
1.684126000000000000e+12	7.492000000000000171e+01	7.492000000000000048e-02	6.308735996000000000e+09	2.279585990621853936e-02	1.982201752996221727e-02	5.066840666503593608e-04
1.684126000000000000e+12	7.576000000000000512e+01	7.576000000000000789e-02	6.379469288000000000e+09	2.336115040304321405e-02	1.827951271026600696e-02	5.623832102466398263e-04
1.684126000000000000e+12	7.415999999999999659e+01	7.416000000000000369e-02	6.244739208000000000e+09	2.611445947529318981e-02	1.664070840274280497e-02	5.270007432213076473e-04
1.684126000000000000e+12	7.756000000000000227e+01	7.755999999999999006e-02	6.531040628000000000e+09	2.939636334984243107e-02	1.922165400211978820e-02	5.894288163905386357e-04
1.684126000000000000e+12	5.427999999999999403e+01	5.427999999999999492e-02	4.570717964000000000e+09	1.571100660977208657e-02	1.939880390841111635e-02	5.188114527981317701e-04
1.684126000000000000e+12	5.972000000000000597e+01	5.971999999999999531e-02	5.028800236000000000e+09	1.811445241668479741e-02	1.722140310904343372e-02	5.403524240157291233e-04
1.684126000000000000e+12	5.723999999999999488e+01	5.723999999999999921e-02	4.819968612000000000e+09	2.139804341593844542e-02	1.668106370956275869e-02	5.247157357402402501e-04
1.684126000000000000e+12	6.032000000000000739e+01	6.031999999999999862e-02	5.079324016000000000e+09	1.789039706673975147e-02	1.853981320572619176e-02	6.175931595231222990e-04
1.684126000000000000e+12	5.716000000000000369e+01	5.715999999999998860e-02	4.813232108000000000e+09	2.041617101261181122e-02	1.876578449996012948e-02	5.071629086609172549e-04
1.684126000000000000e+12	4.356000000000000227e+01	4.356000000000000844e-02	3.668026428000000000e+09	1.609677610734252043e-02	1.567787791060366864e-02	5.720532197257069146e-04
1.684126000000000000e+12	4.407999999999999829e+01	4.407999999999999419e-02	3.711813704000000000e+09	1.409189630302535093e-02	2.026020274895793880e-02	4.875639936230393638e-04
1.684126000000000000e+12	4.239999999999999858e+01	4.240000000000000713e-02	3.570347120000000000e+09	1.682940198503274712e-02	1.694376435671035921e-02	5.762725646522251109e-04
1.684126000000000000e+12	4.532000000000000028e+01	4.531999999999999917e-02	3.816229516000000000e+09	1.651186451328612997e-02	2.045813448246968508e-02	6.211312512862535509e-04
1.684126000000000000e+12	4.476000000000000512e+01	4.476000000000000117e-02	3.769073988000000000e+09	1.896985095822856238e-02	2.127318588255874832e-02	5.178012287643867992e-04
1.684126000000000000e+12	3.592000000000000171e+01	3.592000000000000054e-02	3.024690296000000000e+09	1.346693584219792704e-02	1.891594979026799822e-02	5.839517540512757180e-04
1.684126000000000000e+12	3.656000000000000227e+01	3.655999999999999528e-02	3.078582328000000000e+09	1.264637330174082398e-02	2.222435078096029332e-02	5.521340404069057092e-04
1.684126000000000000e+12	3.664000000000000057e+01	3.663999999999999202e-02	3.085318832000000000e+09	1.347734820732512072e-02	1.677818518967236563e-02	5.141404478999243507e-04
1.684126000000000000e+12	3.592000000000000171e+01	3.592000000000000054e-02	3.024690296000000000e+09	1.321845724311970262e-02	1.738243469693408205e-02	5.739015818563578336e-04
1.684126000000000000e+12	3.520000000000000284e+01	3.520000000000000212e-02	2.964061760000000000e+09	1.220094966271062856e-02	1.878095338143206949e-02	5.035119091725563569e-04
1.684126000000000000e+12	2.803999999999999915e+01	2.803999999999999895e-02	2.361144652000000000e+09	1.268235633493532133e-02	1.800428260559880367e-02	5.760423096175042949e-04
1.684126000000000000e+12	2.811999999999999744e+01	2.811999999999999916e-02	2.367881156000000000e+09	9.616739520697591831e-03	1.964659048715654971e-02	4.717819493463154827e-04
1.684126000000000000e+12	2.776000000000000156e+01	2.775999999999999995e-02	2.337566888000000000e+09	1.064836818134608579e-02	1.888138402182069908e-02	6.089745283925156964e-04
1.684126000000000000e+12	2.911999999999999744e+01	2.912000000000000005e-02	2.452087456000000000e+09	1.344140796639294380e-02	1.627164845999480233e-02	4.723320874846866535e-04
1.684126000000000000e+12	3.048000000000000043e+01	3.048000000000000015e-02	2.566608024000000000e+09	1.075247904405841892e-02	1.829584531531412012e-02	5.338557328958404421e-04
1.684126000000000000e+12	2.371999999999999886e+01	2.371999999999999803e-02	1.997373436000000000e+09	1.158584931028418599e-02	1.716159066849095791e-02	5.870903240535647622e-04
1.684126000000000000e+12	2.291999999999999815e+01	2.291999999999999940e-02	1.930008396000000000e+09	9.936798082944734573e-03	1.851730497135917891e-02	4.768301904204819272e-04
1.684126000000000000e+12	2.371999999999999886e+01	2.371999999999999803e-02	1.997373436000000000e+09	1.153923027414748524e-02	1.240646937115899399e-02	5.528675324320112038e-04
1.684126000000000000e+12	2.388000000000000256e+01	2.387999999999999845e-02	2.010846444000000000e+09	9.221700163707283182e-03	1.810225708791024513e-02	5.709896288968682211e-04
1.684126000000000000e+12	2.119999999999999929e+01	2.120000000000000356e-02	1.785173560000000000e+09	1.142851630864583426e-02	1.980592513140132238e-02	6.865620315170126772e-04
1.684126000000000000e+12	2.024000000000000199e+01	2.024000000000000105e-02	1.704335512000000000e+09	9.849871984028020153e-03	2.033324444969356048e-02	6.626109697424861821e-04
1.684126000000000000e+12	2.111999999999999744e+01	2.111999999999999988e-02	1.778437056000000000e+09	1.178575195661341404e-02	2.002731790967063330e-02	5.049560252668146634e-04
1.684126000000000000e+12	2.044000000000000128e+01	2.043999999999999984e-02	1.721176772000000000e+09	1.053797135458623899e-02	1.988641023489707074e-02	6.358480482573422967e-04
1.684126000000000000e+12	2.135999999999999943e+01	2.135999999999999704e-02	1.798646568000000000e+09	1.132966599367078546e-02	2.119724343517081361e-02	4.914113499386093143e-04
1.684126000000000000e+12	2.064000000000000057e+01	2.063999999999999863e-02	1.738018032000000000e+09	8.197741963772242277e-03	1.909928261688768197e-02	4.955503687935474419e-04
1.685824000000000000e+12	1.242000000000000028e+02	1.242000000000000048e-01	1.046896704000000000e+10	8.630810658032714300e-02	1.991564023844698272e-02	5.519987378814629041e-04
1.685824000000000000e+12	1.237199999999999989e+02	1.237200000000000105e-01	1.042850726400000000e+10	9.135602578255201667e-02	1.981670002363354263e-02	6.402404050189933150e-04
1.685824000000000000e+12	1.241599999999999966e+02	1.241600000000000203e-01	1.046559539200000000e+10	1.044606960615783453e-01	2.045449631631426901e-02	5.154368595978525095e-04
1.685824000000000000e+12	1.237199999999999989e+02	1.237200000000000105e-01	1.042850726400000000e+10	1.004610237168890308e-01	1.934642768041290942e-02	5.302724949519499031e-04
1.685824000000000000e+12	1.262800000000000011e+02	1.262800000000000034e-01	1.064429273600000000e+10	1.151519874355108330e-01	2.049894413852747926e-02	5.810586493760474744e-04
1.685824000000000000e+12	9.579999999999999716e+01	9.579999999999999627e-02	8.075096960000000000e+09	5.954769706719161698e-02	1.790975468703191048e-02	5.773776153315857184e-04
1.685824000000000000e+12	9.807999999999999829e+01	9.808000000000000052e-02	8.267280896000000000e+09	6.109436154907597893e-02	1.807812249302345048e-02	5.456382968413607190e-04
1.685824000000000000e+12	9.407999999999999829e+01	9.407999999999999696e-02	7.930116096000000000e+09	6.827394684312822204e-02	2.079311830573980779e-02	5.676906802747292693e-04
1.685824000000000000e+12	9.659999999999999432e+01	9.659999999999999143e-02	8.142529920000000000e+09	5.964330148457520908e-02	1.878318209794503299e-02	5.464357245366492730e-04
1.685824000000000000e+12	9.143999999999999773e+01	9.143999999999999351e-02	7.707587328000000000e+09	6.091512761304329615e-02	1.873078543186563333e-02	6.555541881767912391e-04
1.685824000000000000e+12	7.520000000000000284e+01	7.520000000000000295e-02	6.338698240000000000e+09	4.144571642949813894e-02	1.954418920168903354e-02	5.346005790524751156e-04
1.685824000000000000e+12	7.559999999999999432e+01	7.560000000000000053e-02	6.372414720000000000e+09	4.314663527557058981e-02	2.113533454435909120e-02	5.487280625452910579e-04
1.685824000000000000e+12	7.300000000000000000e+01	7.299999999999999545e-02	6.153257600000000000e+09	4.776915294218270214e-02	1.950622902508282810e-02	5.387465700181344680e-04
1.685824000000000000e+12	7.640000000000000568e+01	7.639999999999999569e-02	6.439847680000000000e+09	4.518773693249385909e-02	2.096222561071328996e-02	6.230458227800054994e-04
1.685824000000000000e+12	7.456000000000000227e+01	7.456000000000000127e-02	6.284751872000000000e+09	4.387178783204944560e-02	1.632946118720585496e-02	4.513030605263551533e-04
1.685824000000000000e+12	5.852000000000000313e+01	5.851999999999999563e-02	4.932721024000000000e+09	3.436476774919355881e-02	1.833330300081223441e-02	4.894710061876912047e-04
1.685824000000000000e+12	5.979999999999999716e+01	5.980000000000000593e-02	5.040613760000000000e+09	3.521026229176641570e-02	2.183694728036160784e-02	5.598735153065371442e-04
1.685824000000000000e+12	5.683999999999999631e+01	5.684000000000000163e-02	4.791111808000000000e+09	3.540861389545170435e-02	2.074406375047822132e-02	5.837147475300316244e-04
1.685824000000000000e+12	5.523999999999999488e+01	5.523999999999999744e-02	4.656245888000000000e+09	3.725020133508223641e-02	1.899574939613849281e-02	4.254260550081278430e-04
1.685824000000000000e+12	5.676000000000000512e+01	5.675999999999999795e-02	4.784368512000000000e+09	3.365334602183793489e-02	1.840680197933134907e-02	4.601120573189036267e-04
1.685824000000000000e+12	4.360000000000000142e+01	4.360000000000000681e-02	3.675096320000000000e+09	2.839656002941410434e-02	1.836007776161183158e-02	6.802268038186198764e-04
1.685824000000000000e+12	4.592000000000000171e+01	4.591999999999999554e-02	3.870651904000000000e+09	2.577095948368878300e-02	1.674892070197625191e-02	5.329576146080942630e-04
1.685824000000000000e+12	4.343999999999999773e+01	4.343999999999999945e-02	3.661609728000000000e+09	2.488007816635217501e-02	1.722890745830971820e-02	5.834523226458070274e-04
1.685824000000000000e+12	4.339999999999999858e+01	4.340000000000000108e-02	3.658238080000000000e+09	2.477527867362368935e-02	1.620161165086077618e-02	5.793684812212350878e-04
1.685824000000000000e+12	4.376000000000000512e+01	4.376000000000000723e-02	3.688582912000000000e+09	3.532402314715000352e-02	2.016705930626612117e-02	5.858978062410417475e-04
1.685824000000000000e+12	3.396000000000000085e+01	3.396000000000000407e-02	2.862529152000000000e+09	1.248018647489516388e-02	1.420250277341213174e-02	5.237028262178808086e-04
1.685824000000000000e+12	3.500000000000000000e+01	3.499999999999998945e-02	2.950192000000000000e+09	1.913008157103831750e-02	1.787125406662201307e-02	5.071243514194248830e-04
1.685824000000000000e+12	3.548000000000000398e+01	3.548000000000000459e-02	2.990651776000000000e+09	2.210511437733657727e-02	1.769864618655071428e-02	5.951628720267678439e-04
1.685824000000000000e+12	3.320000000000000284e+01	3.320000000000000034e-02	2.798467840000000000e+09	1.143368679429841023e-02	1.847767571119579566e-02	5.437265081028471413e-04
1.685824000000000000e+12	3.743999999999999773e+01	3.744000000000000800e-02	3.155862528000000000e+09	1.829582151780414362e-02	1.888481820705888853e-02	4.686109601632451366e-04
1.685824000000000000e+12	2.760000000000000142e+01	2.760000000000000300e-02	2.326437120000000000e+09	2.050980489177163871e-02	1.912480841614419558e-02	4.966831940292862780e-04
1.685824000000000000e+12	2.728000000000000114e+01	2.728000000000000563e-02	2.299463936000000000e+09	1.713624976331629829e-02	1.869451064506073151e-02	3.892463512784638839e-04
1.685824000000000000e+12	2.611999999999999744e+01	2.611999999999999739e-02	2.201686144000000000e+09	1.691158086212453740e-02	1.669731231967261365e-02	6.377214007274119214e-04
1.685824000000000000e+12	2.823999999999999844e+01	2.824000000000000468e-02	2.380383488000000000e+09	1.662220448042717180e-02	1.743690079830251607e-02	5.263280766971760146e-04
1.685824000000000000e+12	2.491999999999999815e+01	2.492000000000000118e-02	2.100536704000000000e+09	1.422395584926562130e-02	1.988741461567711602e-02	6.120651551776956330e-04
1.685824000000000000e+12	2.119999999999999929e+01	2.119999999999999662e-02	1.786973440000000000e+09	1.511778162700501416e-02	1.742978354029884464e-02	5.803480948297322362e-04
1.685824000000000000e+12	2.160000000000000142e+01	2.160000000000000114e-02	1.820689920000000000e+09	1.623404983161666829e-02	1.878933661991172635e-02	4.309864763839708554e-04
1.685824000000000000e+12	1.975999999999999801e+01	1.975999999999999979e-02	1.665594112000000000e+09	1.698916711463906160e-02	2.364099498572837590e-02	5.558257730156662604e-04
1.685824000000000000e+12	2.100000000000000000e+01	2.100000000000000130e-02	1.770115200000000000e+09	1.665630495904360520e-02	2.278804386144333075e-02	5.799749427643198724e-04
1.685824000000000000e+12	2.024000000000000199e+01	2.024000000000000105e-02	1.706053888000000000e+09	1.815236177691935751e-02	2.368659301678237641e-02	5.976403638028235637e-04
1.685824000000000000e+12	1.639999999999999858e+01	1.640000000000000138e-02	1.382375680000000000e+09	1.736477364942936447e-02	2.508747169054444809e-02	6.503634116326697297e-04
1.685824000000000000e+12	1.700000000000000000e+01	1.699999999999999775e-02	1.432950400000000000e+09	1.741561699097019661e-02	2.623739131172352773e-02	6.212555805777719752e-04
1.685824000000000000e+12	1.735999999999999943e+01	1.736000000000000043e-02	1.463295232000000000e+09	1.764360310100100693e-02	2.328931573512619396e-02	6.624806553939749983e-04
1.685824000000000000e+12	1.724000000000000199e+01	1.723999999999999838e-02	1.453180288000000000e+09	1.613106980693478770e-02	2.241300647340743052e-02	6.556965678749885609e-04
1.685824000000000000e+12	1.644000000000000128e+01	1.643999999999999975e-02	1.385747328000000000e+09	1.808163957411176165e-02	2.558385231713021860e-02	6.056391432663519540e-04
1.685824000000000000e+12	1.616000000000000014e+01	1.616000000000000075e-02	1.362145792000000000e+09	1.737191059732487441e-02	2.427312401194626351e-02	5.948069246138128381e-04
1.685824000000000000e+12	1.724000000000000199e+01	1.723999999999999838e-02	1.453180288000000000e+09	1.545725212706785569e-02	2.244345480338844415e-02	6.053658924180740789e-04
1.685824000000000000e+12	1.855999999999999872e+01	1.856000000000000011e-02	1.564444672000000000e+09	1.765615928071816165e-02	2.289250472454153196e-02	6.363415824683260787e-04
1.685824000000000000e+12	1.624000000000000199e+01	1.623999999999999749e-02	1.368889088000000000e+09	1.677682820791528279e-02	2.406788925932713125e-02	6.377907021229520679e-04
1.685824000000000000e+12	1.711999999999999744e+01	1.711999999999999980e-02	1.443065344000000000e+09	1.713906190827003614e-02	2.596250790272993519e-02	6.153971501075940556e-04
1.668398000000000000e+12	8.579999999999999716e+01	8.580000000000000127e-02	7.157427420000000000e+09	1.021615110936363591e-01	1.921636764455624674e-02	5.596432400265029814e-04
1.668398000000000000e+12	8.676000000000000512e+01	8.676000000000000378e-02	7.237510524000000000e+09	1.145555842393696511e-01	2.022247113892846476e-02	5.680079828086148034e-04
1.668398000000000000e+12	8.676000000000000512e+01	8.676000000000000378e-02	7.237510524000000000e+09	1.196975630881752239e-01	1.966650630566706484e-02	5.231990518471897524e-04
1.668398000000000000e+12	8.564000000000000057e+01	8.564000000000000778e-02	7.144080236000000000e+09	1.282720050449461247e-01	1.951721549049913879e-02	5.208179586892571281e-04
1.668398000000000000e+12	8.787999999999999545e+01	8.787999999999999978e-02	7.330940812000000000e+09	1.129396414837356144e-01	1.680574813637396650e-02	5.545708725781616335e-04
1.668398000000000000e+12	6.476000000000000512e+01	6.475999999999999812e-02	5.402272724000000000e+09	7.477741148104541380e-02	1.698343317140043815e-02	4.369952590477817330e-04
1.668398000000000000e+12	6.615999999999999659e+01	6.615999999999999659e-02	5.519060584000000000e+09	7.985562363150165710e-02	1.857563235443923655e-02	5.269280530260003325e-04
1.668398000000000000e+12	6.735999999999999943e+01	6.736000000000000321e-02	5.619164464000000000e+09	7.727283633217665870e-02	2.224568969349506944e-02	5.481561727762432378e-04
1.668398000000000000e+12	6.235999999999999943e+01	6.235999999999999183e-02	5.202064964000000000e+09	8.717991319837892217e-02	2.137343418178621127e-02	5.059704783403990921e-04
1.668398000000000000e+12	6.287999999999999545e+01	6.288000000000000533e-02	5.245443312000000000e+09	7.304473558038807046e-02	2.187955179612443429e-02	5.342456762490057189e-04
1.668398000000000000e+12	5.172000000000000597e+01	5.172000000000000208e-02	4.314477228000000000e+09	5.139464807038166688e-02	1.926950906246303538e-02	4.575959568016356276e-04
1.668398000000000000e+12	4.576000000000000512e+01	4.575999999999999512e-02	3.817294624000000000e+09	6.155389188985281590e-02	1.794453065447475584e-02	4.390604292224402111e-04
1.668398000000000000e+12	5.160000000000000142e+01	5.159999999999999309e-02	4.304466840000000000e+09	5.275234225502571650e-02	2.099971922833961807e-02	5.329771533190655764e-04
1.668398000000000000e+12	5.043999999999999773e+01	5.044000000000000566e-02	4.207699756000000000e+09	7.012171051841506464e-02	2.027222903599405421e-02	6.013113080759078730e-04
1.668398000000000000e+12	5.035999999999999943e+01	5.035999999999999505e-02	4.201026164000000000e+09	5.719183515580879978e-02	1.988885358819020635e-02	4.715992827776654961e-04
1.668398000000000000e+12	3.816000000000000369e+01	3.815999999999999948e-02	3.183303384000000000e+09	4.517678152444205147e-02	2.027810546358265603e-02	6.018407774402397600e-04
1.668398000000000000e+12	3.748000000000000398e+01	3.747999999999999943e-02	3.126577852000000000e+09	5.049133837303088068e-02	2.117087330103705617e-02	4.818594824105411562e-04
1.668398000000000000e+12	3.864000000000000057e+01	3.863999999999999380e-02	3.223344936000000000e+09	4.388060758032225062e-02	2.244519262207558125e-02	5.331786798164632512e-04
1.668398000000000000e+12	3.696000000000000085e+01	3.696000000000000674e-02	3.083199504000000000e+09	4.657008301253881544e-02	2.218268367261872279e-02	5.714698827406076206e-04
1.668398000000000000e+12	3.756000000000000227e+01	3.755999999999999617e-02	3.133251444000000000e+09	3.441181336749650488e-02	1.904666082871073543e-02	4.393893374752710261e-04
1.668398000000000000e+12	2.843999999999999773e+01	2.844000000000000347e-02	2.372461956000000000e+09	3.018286541482666577e-02	1.807062884810304443e-02	5.245150865613885114e-04
1.668398000000000000e+12	2.811999999999999744e+01	2.811999999999999916e-02	2.345767588000000000e+09	2.892914599182404636e-02	1.744314498828458682e-02	5.501265709177461955e-04
1.668398000000000000e+12	2.848000000000000043e+01	2.848000000000000531e-02	2.375798752000000000e+09	3.154877336617573774e-02	2.275209757866693966e-02	4.648948264928742867e-04
1.668398000000000000e+12	2.780000000000000071e+01	2.780000000000000179e-02	2.319073220000000000e+09	2.740910296413858263e-02	1.717096712574196424e-02	4.390270954106294124e-04
1.668398000000000000e+12	3.167999999999999972e+01	3.167999999999999983e-02	2.642742432000000000e+09	3.266038444460718504e-02	1.658936096547818789e-02	4.806618855607581444e-04
1.668398000000000000e+12	2.324000000000000199e+01	2.324000000000000024e-02	1.938678476000000000e+09	2.834271661717139429e-02	1.985174396095464727e-02	5.218879430348076455e-04
1.668398000000000000e+12	2.467999999999999972e+01	2.468000000000000055e-02	2.058803132000000000e+09	2.581923636127612595e-02	1.394005971249099793e-02	4.897007749206966527e-04
1.668398000000000000e+12	2.239999999999999858e+01	2.239999999999999630e-02	1.868605760000000000e+09	2.760718602350607440e-02	2.373394115810082208e-02	5.195460607742145073e-04
1.668398000000000000e+12	2.364000000000000057e+01	2.364000000000000129e-02	1.972046436000000000e+09	2.439671807149352417e-02	1.526315896668955542e-02	4.063423327148684263e-04
1.668398000000000000e+12	2.432000000000000028e+01	2.432000000000000134e-02	2.028771968000000000e+09	2.350368237894144910e-02	1.631189670573280834e-02	5.536793222535600547e-04
1.668398000000000000e+12	1.808000000000000185e+01	1.808000000000000232e-02	1.508231792000000000e+09	2.648654188403052820e-02	2.162427744800275720e-02	5.183777441767374724e-04
1.668398000000000000e+12	1.724000000000000199e+01	1.723999999999999838e-02	1.438159076000000000e+09	2.340035272557394047e-02	2.317878147086556775e-02	6.039783102175478539e-04
1.668398000000000000e+12	1.896000000000000085e+01	1.895999999999999769e-02	1.581641304000000000e+09	2.901928456855709659e-02	2.452145371190190409e-02	5.643463504037131732e-04
1.668398000000000000e+12	1.871999999999999886e+01	1.871999999999999706e-02	1.561620528000000000e+09	2.882475380658933162e-02	2.051609401592742118e-02	5.568464034279524497e-04
1.668398000000000000e+12	1.803999999999999915e+01	1.804000000000000048e-02	1.504894996000000000e+09	2.876706353847513498e-02	2.593022036335871500e-02	5.004897916607388203e-04
1.668398000000000000e+12	1.440000000000000036e+01	1.440000000000000134e-02	1.201246560000000000e+09	2.274500375847475150e-02	2.596094271693278471e-02	6.212979234314496176e-04
1.668398000000000000e+12	1.395999999999999908e+01	1.396000000000000019e-02	1.164541804000000000e+09	2.452210921576680747e-02	2.423332401966449973e-02	5.799573537956020583e-04
1.668398000000000000e+12	1.391999999999999815e+01	1.391999999999999835e-02	1.161205008000000000e+09	2.701692701145970085e-02	2.631334865554891753e-02	6.207912300341327872e-04
1.668398000000000000e+12	1.275999999999999979e+01	1.275999999999999877e-02	1.064437924000000000e+09	2.589467177831423356e-02	2.625398414910121159e-02	5.879485359068698002e-04
1.668398000000000000e+12	1.371999999999999886e+01	1.372000000000000129e-02	1.144521028000000000e+09	2.790691240299708609e-02	2.503099102388164909e-02	6.138691813037771812e-04
1.668398000000000000e+12	1.191999999999999993e+01	1.192000000000000004e-02	9.943652080000000000e+08	2.314510671116368212e-02	2.344575953763315332e-02	5.828942926899378582e-04
1.668398000000000000e+12	1.227999999999999936e+01	1.227999999999999925e-02	1.024396372000000000e+09	2.242823502832110363e-02	2.557487144856730385e-02	5.644318249417060954e-04
1.668398000000000000e+12	1.227999999999999936e+01	1.227999999999999925e-02	1.024396372000000000e+09	2.444942344096365239e-02	2.377489989245832117e-02	6.283499963717032941e-04
1.668398000000000000e+12	9.640000000000000568e+00	9.639999999999999264e-03	8.041678360000000000e+08	2.509323045046102374e-02	2.742465219686809202e-02	6.188991123440660278e-04
1.668398000000000000e+12	1.187999999999999901e+01	1.187999999999999820e-02	9.910284120000000000e+08	2.408833286403580867e-02	2.401950796073532707e-02	6.517998997107824367e-04
1.668398000000000000e+12	1.008000000000000007e+01	1.008000000000000042e-02	8.408725920000000000e+08	2.309042680397431491e-02	2.284206793189800730e-02	6.261119423846423773e-04
1.668398000000000000e+12	1.008000000000000007e+01	1.008000000000000042e-02	8.408725920000000000e+08	2.135548240752704191e-02	2.528552815830164072e-02	5.721595103109817669e-04
1.668398000000000000e+12	1.195999999999999908e+01	1.196000000000000014e-02	9.977020040000000000e+08	2.213886515163598911e-02	2.435103482819481538e-02	5.551182042832763369e-04
1.668398000000000000e+12	1.119999999999999929e+01	1.120000000000000162e-02	9.343028800000000000e+08	2.412079023023362689e-02	2.390645694405576019e-02	6.028374260232000634e-04
1.668398000000000000e+12	1.095999999999999908e+01	1.096000000000000099e-02	9.142821040000000000e+08	2.245246970332404751e-02	2.301328686105358692e-02	6.069943466411315122e-04
1.638356000000000000e+12	3.811999999999999744e+01	3.812000000000000111e-02	3.122706536000000000e+09	1.379152225094731066e-01	1.384173208207517547e-02	4.707712526910942143e-04
1.638356000000000000e+12	3.764000000000000057e+01	3.763999999999999985e-02	3.083385992000000000e+09	1.346122279672818112e-01	1.847700467244255823e-02	5.578754404378917725e-04
1.638356000000000000e+12	3.848000000000000398e+01	3.848000000000000032e-02	3.152196944000000000e+09	1.360757083813405044e-01	1.818156265679610889e-02	5.241181569637404659e-04
1.638356000000000000e+12	3.507999999999999829e+01	3.508000000000000007e-02	2.873676424000000000e+09	1.515099691052819164e-01	1.357241398647535992e-02	3.844165817584271308e-04
1.638356000000000000e+12	3.623999999999999488e+01	3.623999999999999444e-02	2.968701072000000000e+09	1.630823296587004534e-01	1.856247369509667067e-02	5.106935255744774914e-04
1.638356000000000000e+12	2.676000000000000156e+01	2.675999999999999907e-02	2.192120328000000000e+09	8.390098155099622035e-02	2.096207353040303173e-02	6.051118885852775978e-04
1.638356000000000000e+12	2.723999999999999844e+01	2.724000000000000379e-02	2.231440872000000000e+09	7.350122364065100888e-02	1.537088254635814166e-02	4.547098839740288767e-04
1.638356000000000000e+12	2.739999999999999858e+01	2.740000000000000074e-02	2.244547720000000000e+09	9.694026481145556762e-02	1.582479948365527606e-02	4.604490690491770568e-04
1.638356000000000000e+12	2.832000000000000028e+01	2.832000000000000142e-02	2.319912096000000000e+09	9.772163156863825084e-02	1.918872887218889267e-02	4.221179304575260879e-04
1.638356000000000000e+12	2.911999999999999744e+01	2.912000000000000005e-02	2.385446336000000000e+09	1.080839737609494422e-01	2.126975404402475789e-02	5.731568306499906437e-04
1.638356000000000000e+12	2.151999999999999957e+01	2.152000000000000093e-02	1.762871056000000000e+09	7.343248619179845726e-02	1.760221096178072459e-02	5.698538799299755027e-04
1.638356000000000000e+12	2.239999999999999858e+01	2.239999999999999630e-02	1.834958720000000000e+09	6.554525127558008535e-02	1.812969244959575232e-02	4.232415096207306883e-04
1.638356000000000000e+12	2.116000000000000014e+01	2.116000000000000172e-02	1.733380648000000000e+09	8.941576508035183057e-02	2.115103018241002927e-02	5.630653704687578476e-04
1.638356000000000000e+12	2.171999999999999886e+01	2.171999999999999625e-02	1.779254616000000000e+09	6.693385591381315058e-02	2.418030031005638861e-02	4.982900873898746079e-04
1.638356000000000000e+12	2.200000000000000000e+01	2.199999999999999872e-02	1.802191600000000000e+09	5.991707550792876175e-02	2.111987918612863099e-02	5.464279178637469672e-04
1.638356000000000000e+12	1.688000000000000256e+01	1.687999999999999917e-02	1.382772464000000000e+09	6.079416550844123079e-02	2.166717404507204417e-02	5.554496534477197222e-04
1.638356000000000000e+12	1.728000000000000114e+01	1.728000000000000022e-02	1.415539584000000000e+09	6.629209574385537540e-02	2.193150696513088832e-02	5.744789010862373212e-04
1.638356000000000000e+12	1.548000000000000043e+01	1.547999999999999897e-02	1.268087544000000000e+09	6.827260135120161166e-02	2.469493692007275823e-02	6.275368297082204675e-04
1.638356000000000000e+12	1.664000000000000057e+01	1.663999999999999854e-02	1.363112192000000000e+09	7.398526936999158532e-02	2.695095287252248159e-02	6.020177768917780612e-04
1.638356000000000000e+12	1.624000000000000199e+01	1.623999999999999749e-02	1.330345072000000000e+09	7.131797291404769201e-02	2.591476217146785471e-02	6.164224017486109831e-04
1.638356000000000000e+12	1.291999999999999815e+01	1.292000000000000093e-02	1.058377976000000000e+09	5.106175774922774163e-02	2.500916260895857945e-02	6.226823439565732374e-04
1.638356000000000000e+12	1.283999999999999986e+01	1.284000000000000072e-02	1.051824552000000000e+09	4.907531295101692781e-02	2.598854408502530161e-02	6.489939280274437897e-04
1.638356000000000000e+12	1.291999999999999815e+01	1.292000000000000093e-02	1.058377976000000000e+09	5.087707738206044550e-02	2.436430583966389674e-02	6.198040117509956339e-04
1.638356000000000000e+12	1.235999999999999943e+01	1.235999999999999946e-02	1.012504008000000000e+09	5.492973097429363488e-02	2.715717672131584548e-02	5.884023773839741362e-04
1.638356000000000000e+12	1.183999999999999986e+01	1.183999999999999983e-02	9.699067520000000000e+08	5.664796522806821860e-02	2.651082905303610987e-02	6.320944999726329930e-04
1.638356000000000000e+12	9.440000000000001279e+00	9.440000000000000474e-03	7.733040320000000000e+08	3.974255554703230719e-02	2.463359323323987410e-02	6.206269964801533739e-04
1.638356000000000000e+12	1.012000000000000099e+01	1.012000000000000052e-02	8.290081360000000000e+08	4.180797366145860144e-02	2.326862559604142219e-02	6.490253193961260979e-04
1.638356000000000000e+12	1.027999999999999936e+01	1.028000000000000094e-02	8.421149840000000000e+08	4.270188495829582015e-02	2.321341053444573102e-02	6.134582140707084191e-04
1.638356000000000000e+12	9.519999999999999574e+00	9.520000000000000684e-03	7.798574560000000000e+08	4.473715201196624969e-02	2.536944456568263756e-02	5.763180463981568353e-04
1.638356000000000000e+12	9.559999999999998721e+00	9.559999999999999054e-03	7.831341680000000000e+08	4.584674454855065806e-02	2.504669367740065475e-02	6.206049272003460928e-04
1.638356000000000000e+12	8.359999999999999432e+00	8.359999999999997641e-03	6.848328080000000000e+08	3.104509409381948568e-02	2.513872902449428709e-02	5.908913258318706715e-04
1.638356000000000000e+12	7.400000000000000355e+00	7.399999999999999460e-03	6.061917200000000000e+08	3.253712467076067677e-02	2.591341797364902361e-02	5.911479741861219456e-04
1.638356000000000000e+12	8.120000000000000995e+00	8.120000000000000481e-03	6.651725360000000000e+08	3.462013187477202408e-02	2.413972544465090020e-02	6.039649692222328736e-04
1.638356000000000000e+12	7.040000000000000924e+00	7.040000000000000251e-03	5.767013120000000000e+08	3.621483797991737613e-02	2.443006979687908919e-02	5.869175455800849667e-04
1.638356000000000000e+12	7.919999999999999929e+00	7.919999999999999957e-03	6.487889760000000000e+08	3.495866803651456051e-02	2.474309443688830004e-02	5.687327703272507338e-04
1.638356000000000000e+12	6.080000000000000071e+00	6.080000000000000335e-03	4.980602240000000000e+08	3.279750620114953857e-02	2.475571670692267717e-02	6.203707505403136804e-04
1.638356000000000000e+12	6.360000000000000320e+00	6.360000000000000202e-03	5.209972080000000000e+08	3.015627072445311446e-02	2.617209759153362250e-02	5.373040713506052786e-04
1.638356000000000000e+12	6.080000000000000071e+00	6.080000000000000335e-03	4.980602240000000000e+08	3.146432300395540782e-02	2.382096378753578367e-02	5.389573339358743513e-04
1.638356000000000000e+12	6.080000000000000071e+00	6.080000000000000335e-03	4.980602240000000000e+08	3.398438964553018860e-02	2.585839349408643878e-02	5.715767384705018345e-04
1.638356000000000000e+12	6.720000000000000639e+00	6.720000000000001146e-03	5.504876160000000000e+08	3.034381242407507839e-02	2.484009593232442206e-02	5.572739183503548025e-04
1.638356000000000000e+12	4.879999999999999893e+00	4.879999999999999789e-03	3.997588640000000000e+08	2.550380913712495951e-02	2.383513489423178672e-02	5.778219043479366612e-04
1.638356000000000000e+12	4.879999999999999893e+00	4.880000000000000657e-03	3.997588640000000000e+08	2.659086221935532540e-02	2.408084530316103450e-02	5.872739742710634831e-04
1.638356000000000000e+12	4.959999999999999964e+00	4.960000000000000867e-03	4.063122880000000000e+08	3.097078532285876123e-02	2.844129675735333068e-02	5.330254885028687037e-04
1.638356000000000000e+12	4.879999999999999893e+00	4.879999999999999789e-03	3.997588640000000000e+08	2.906084254938524555e-02	2.388727949017070348e-02	5.817298839092741296e-04
1.638356000000000000e+12	5.240000000000000213e+00	5.239999999999999866e-03	4.292492720000000000e+08	3.099126453170946219e-02	2.416735178815929835e-02	5.840681535796636136e-04
1.638356000000000000e+12	4.400000000000000355e+00	4.399999999999999398e-03	3.604383200000000000e+08	2.549538493420571220e-02	2.202226698611429306e-02	5.886354699637821961e-04
1.638356000000000000e+12	5.080000000000000071e+00	5.079999999999999447e-03	4.161424240000000000e+08	2.821358300986840512e-02	2.565580078121582064e-02	6.145336448511421086e-04
1.638356000000000000e+12	4.320000000000000284e+00	4.320000000000000055e-03	3.538848960000000000e+08	2.944548543737799881e-02	2.566062959911315916e-02	5.460699564323291070e-04
1.638356000000000000e+12	4.759999999999999787e+00	4.760000000000000342e-03	3.899287280000000000e+08	3.185495611432577479e-02	2.764712977694964297e-02	6.283513242597961804e-04
1.638356000000000000e+12	4.320000000000000284e+00	4.320000000000000055e-03	3.538848960000000000e+08	2.793574127070496196e-02	2.488978799328935704e-02	5.954657723359647057e-04
1.599798000000000000e+12	9.919999999999999929e+00	9.919999999999999998e-03	7.934998080000000000e+08	2.792056269332000018e-01	2.500893325288926564e-02	5.552019759348466752e-04
1.599798000000000000e+12	9.959999999999999076e+00	9.960000000000000103e-03	7.966994040000000000e+08	2.699360108234750699e-01	2.352369692657175354e-02	6.192258979651600690e-04
1.599798000000000000e+12	1.024000000000000021e+01	1.024000000000000084e-02	8.190965760000000000e+08	2.840937582453751387e-01	2.384409739695128941e-02	6.168941857907094158e-04
1.599798000000000000e+12	9.400000000000000355e+00	9.400000000000000369e-03	7.519050600000000000e+08	2.732468791458010915e-01	2.477051122557630269e-02	5.997560819680305706e-04
1.599798000000000000e+12	1.008000000000000007e+01	1.008000000000000042e-02	8.062981920000000000e+08	2.618587737231837798e-01	2.526569790583020961e-02	5.995589094238020335e-04
1.599798000000000000e+12	8.519999999999999574e+00	8.519999999999999796e-03	6.815139480000000000e+08	1.526550168536330854e-01	2.580784476326223459e-02	6.219715905775311318e-04
1.599798000000000000e+12	7.120000000000000107e+00	7.119999999999999593e-03	5.695280880000000000e+08	1.734320767015415654e-01	2.635241707237744729e-02	6.444756934285164694e-04
1.599798000000000000e+12	8.640000000000000568e+00	8.640000000000000110e-03	6.911127360000000000e+08	1.776660597498819216e-01	2.495998304197667023e-02	6.236784676435375152e-04
1.599798000000000000e+12	8.240000000000000213e+00	8.240000000000000796e-03	6.591167760000000000e+08	1.784604923394383369e-01	2.683709470742135644e-02	6.185551344556836908e-04
1.599798000000000000e+12	6.440000000000000391e+00	6.439999999999999544e-03	5.151349560000000000e+08	1.576331393983200491e-01	2.456064363915742149e-02	5.718572974407100254e-04
1.599798000000000000e+12	6.360000000000000320e+00	6.360000000000000202e-03	5.087357640000000000e+08	1.074792905641878404e-01	2.543856563260454839e-02	5.705794331238658607e-04
1.599798000000000000e+12	6.080000000000000071e+00	6.080000000000000335e-03	4.863385920000000000e+08	1.080203819345572358e-01	2.432976450949191419e-02	6.010234273902060253e-04
1.599798000000000000e+12	5.400000000000000355e+00	5.400000000000000286e-03	4.319454600000000000e+08	1.232879795016111196e-01	2.389716304260455781e-02	6.178042485825554824e-04
1.599798000000000000e+12	5.200000000000000178e+00	5.200000000000000629e-03	4.159474800000000000e+08	1.054806049547054869e-01	2.452887073653916769e-02	6.392977315598383573e-04
1.599798000000000000e+12	6.040000000000000036e+00	6.039999999999999362e-03	4.831389960000000000e+08	1.141876569192914054e-01	2.489850888256397304e-02	6.552027018828069944e-04
1.599798000000000000e+12	4.720000000000000639e+00	4.720000000000000237e-03	3.775523280000000000e+08	7.047953660899020090e-02	2.558971607974095883e-02	6.082240154853904048e-04
1.599798000000000000e+12	4.479999999999999538e+00	4.479999999999999608e-03	3.583547520000000000e+08	7.773436710186076848e-02	2.649024731054069881e-02	6.326160790302607587e-04
1.599798000000000000e+12	4.279999999999999361e+00	4.279999999999999950e-03	3.423567720000000000e+08	8.694362140764295976e-02	2.644272681420916163e-02	5.645413997371810742e-04
1.599798000000000000e+12	4.000000000000000000e+00	4.000000000000000083e-03	3.199596000000000000e+08	7.889613845799936520e-02	2.325295362211627151e-02	5.650392275131338026e-04
1.599798000000000000e+12	5.040000000000000036e+00	5.040000000000000209e-03	4.031490960000000000e+08	8.563776062941767797e-02	2.433342605973682141e-02	6.263779686224801944e-04
1.599798000000000000e+12	3.600000000000000089e+00	3.600000000000000335e-03	2.879636400000000000e+08	5.141028775525284533e-02	2.379374353125058780e-02	5.917580555320104763e-04
1.599798000000000000e+12	3.360000000000000320e+00	3.360000000000000573e-03	2.687660640000000000e+08	6.399632816234135380e-02	2.787483843956541432e-02	5.836004849655914307e-04
1.599798000000000000e+12	3.760000000000000231e+00	3.760000000000000321e-03	3.007620240000000000e+08	5.594458927584690378e-02	2.814790523321436533e-02	6.088071716273390230e-04
1.599798000000000000e+12	4.000000000000000000e+00	3.999999999999999216e-03	3.199596000000000000e+08	5.463483986865415309e-02	2.382995917496976562e-02	5.942878571829424486e-04
1.599798000000000000e+12	3.239999999999999769e+00	3.239999999999999825e-03	2.591672760000000000e+08	5.076528829885070676e-02	3.051864697074917546e-02	5.632700223470672772e-04
1.599798000000000000e+12	2.879999999999999893e+00	2.880000000000000181e-03	2.303709120000000000e+08	5.092700225113942769e-02	2.490610039211790458e-02	6.100160541971449361e-04
1.599798000000000000e+12	2.439999999999999947e+00	2.440000000000000328e-03	1.951753560000000000e+08	5.018176221284935401e-02	2.627381837771064488e-02	5.323045858646531688e-04
1.599798000000000000e+12	2.919999999999999929e+00	2.920000000000000286e-03	2.335705080000000000e+08	4.922366679450102672e-02	2.184785131839889899e-02	6.272155785671133582e-04
1.599798000000000000e+12	2.439999999999999947e+00	2.439999999999999895e-03	1.951753560000000000e+08	4.316648497691103620e-02	2.324641891213441447e-02	5.545215605244343616e-04
1.599798000000000000e+12	2.839999999999999858e+00	2.840000000000000076e-03	2.271713160000000000e+08	4.354559271710806839e-02	2.609833324044869007e-02	6.021765394924801515e-04
1.599798000000000000e+12	2.000000000000000000e+00	2.000000000000000042e-03	1.599798000000000000e+08	3.408017368614592313e-02	2.488924217649278112e-02	6.394900483808086279e-04
1.599798000000000000e+12	2.280000000000000249e+00	2.279999999999999909e-03	1.823769720000000000e+08	4.534906536483681444e-02	2.224087659935414241e-02	5.313733116646431184e-04
1.599798000000000000e+12	2.000000000000000000e+00	1.999999999999999608e-03	1.599798000000000000e+08	4.172798994858124833e-02	2.772797813980609760e-02	5.080062964632513830e-04
1.599798000000000000e+12	2.000000000000000000e+00	2.000000000000000042e-03	1.599798000000000000e+08	3.697349870362431901e-02	3.172866098168995730e-02	5.389397580668438877e-04
1.599798000000000000e+12	1.800000000000000044e+00	1.799999999999999951e-03	1.439818200000000000e+08	3.938961098446737419e-02	1.921046005454926306e-02	5.955913419215976131e-04
1.599798000000000000e+12	1.359999999999999876e+00	1.360000000000000098e-03	1.087862640000000000e+08	3.632228988220654459e-02	2.093640856682689455e-02	5.330266046639989133e-04
1.599798000000000000e+12	1.520000000000000018e+00	1.520000000000000084e-03	1.215846480000000000e+08	3.016650903604232645e-02	2.114770798521505360e-02	4.687293423770888426e-04
1.599798000000000000e+12	2.040000000000000036e+00	2.040000000000000147e-03	1.631793960000000000e+08	3.916894836973233013e-02	2.390405250868813183e-02	5.360003110133384737e-04
1.599798000000000000e+12	2.000000000000000000e+00	2.000000000000000042e-03	1.599798000000000000e+08	3.123525296390846501e-02	2.313314438382696459e-02	5.581637574093268554e-04
1.599798000000000000e+12	2.080000000000000071e+00	2.080000000000000251e-03	1.663789920000000000e+08	3.856225306910018857e-02	2.178745542489222628e-02	5.674419672728298839e-04
1.599798000000000000e+12	1.479999999999999982e+00	1.480000000000000196e-03	1.183850520000000000e+08	2.776579976464299548e-02	2.945435103203135688e-02	5.872351373322054740e-04
1.599798000000000000e+12	1.359999999999999876e+00	1.360000000000000098e-03	1.087862640000000000e+08	2.461891246537411398e-02	2.360273897931820797e-02	4.765892988130732708e-04
1.599798000000000000e+12	1.520000000000000018e+00	1.520000000000000084e-03	1.215846480000000000e+08	2.815191659724441270e-02	2.990355027082221978e-02	5.618441521588596593e-04
1.599798000000000000e+12	1.560000000000000053e+00	1.559999999999999972e-03	1.247842440000000000e+08	2.328592501808055687e-02	1.773061903714304513e-02	6.508001450655545020e-04
1.599798000000000000e+12	1.080000000000000071e+00	1.080000000000000014e-03	8.638909200000000000e+07	3.731367936513492467e-02	2.012274567192371549e-02	4.590857345224418659e-04
1.599798000000000000e+12	8.400000000000000799e-01	8.399999999999999264e-04	6.719151600000000000e+07	2.539538375272924059e-02	2.116675457250699263e-02	4.545502698510649588e-04
1.599798000000000000e+12	1.000000000000000000e+00	1.000000000000000021e-03	7.998990000000000000e+07	3.276665287159986895e-02	1.880738473125439028e-02	4.836422617245325108e-04
1.599798000000000000e+12	1.479999999999999982e+00	1.479999999999999979e-03	1.183850520000000000e+08	3.014015206951553560e-02	2.597246823597971349e-02	5.423758901041592128e-04
1.599798000000000000e+12	1.319999999999999840e+00	1.319999999999999993e-03	1.055866680000000000e+08	3.375810784757168198e-02	1.765587611231753118e-02	5.528808975937189209e-04
1.599798000000000000e+12	1.040000000000000036e+00	1.039999999999999909e-03	8.318949600000000000e+07	3.398408332184716524e-02	2.137735605869965291e-02	3.902732212407078374e-04
1.555462000000000000e+12	3.000000000000000000e+00	3.000000000000000496e-03	2.333193000000000000e+08	2.578952577761657872e-01	2.341030167327230044e-02	5.283397112778055998e-04
1.555462000000000000e+12	2.760000000000000231e+00	2.760000000000000300e-03	2.146537560000000000e+08	2.769363264138186564e-01	2.512442181508559025e-02	6.055524238565450010e-04
1.555462000000000000e+12	2.639999999999999680e+00	2.639999999999999986e-03	2.053209840000000000e+08	2.555171106312608686e-01	2.065448584027159903e-02	5.866875689853753243e-04
1.555462000000000000e+12	2.560000000000000053e+00	2.560000000000000209e-03	1.990991360000000000e+08	2.424067396693782572e-01	1.960891116250096378e-02	5.701270980197788423e-04
1.555462000000000000e+12	3.479999999999999538e+00	3.480000000000000454e-03	2.706503880000000000e+08	3.273932144187925442e-01	2.521141708831647205e-02	5.111131477316029894e-04
1.555462000000000000e+12	2.160000000000000142e+00	2.160000000000000028e-03	1.679898960000000298e+08	2.007465481036279087e-01	2.604275418935335720e-02	5.331806115988125703e-04
1.555462000000000000e+12	2.200000000000000178e+00	2.199999999999999699e-03	1.711008200000000000e+08	1.808046889365459153e-01	2.229388233135637734e-02	5.363639126042885671e-04
1.555462000000000000e+12	2.040000000000000036e+00	2.039999999999999713e-03	1.586571240000000000e+08	1.609381526907698867e-01	2.417149705572317273e-02	4.650617054228614123e-04
1.555462000000000000e+12	2.639999999999999680e+00	2.639999999999999986e-03	2.053209840000000000e+08	1.910078281914168175e-01	2.553680312938861469e-02	5.642726082240075028e-04
1.555462000000000000e+12	2.239999999999999769e+00	2.239999999999999804e-03	1.742117440000000000e+08	2.131078801298647019e-01	2.339114920627754016e-02	5.341402707606211775e-04
1.555462000000000000e+12	1.520000000000000018e+00	1.520000000000000084e-03	1.182151120000000000e+08	1.170370043638876700e-01	2.362546903888393390e-02	6.297928569258888672e-04
1.555462000000000000e+12	1.359999999999999876e+00	1.360000000000000098e-03	1.057714160000000000e+08	1.088901412300893601e-01	2.538638083779525337e-02	6.504807502023054891e-04
1.555462000000000000e+12	1.639999999999999902e+00	1.640000000000000182e-03	1.275478840000000000e+08	1.009986030946854879e-01	2.309286870915906037e-02	5.729659101268413371e-04
1.555462000000000000e+12	1.239999999999999991e+00	1.240000000000000000e-03	9.643864400000000000e+07	1.239864654181420389e-01	2.091172732910993176e-02	4.062907171247949999e-04
1.555462000000000000e+12	1.719999999999999973e+00	1.719999999999999958e-03	1.337697320000000000e+08	1.341860357583239405e-01	2.241353464566617215e-02	5.783958190459711221e-04
1.555462000000000000e+12	1.239999999999999991e+00	1.240000000000000000e-03	9.643864400000000000e+07	6.378357725583315430e-02	2.452451914341145095e-02	6.222960697540313741e-04
1.555462000000000000e+12	1.639999999999999902e+00	1.639999999999999748e-03	1.275478840000000000e+08	7.323841286556974361e-02	2.720436708126791614e-02	6.005453742801509977e-04
1.555462000000000000e+12	1.520000000000000018e+00	1.520000000000000084e-03	1.182151120000000000e+08	8.172662707503704216e-02	2.624469539593555709e-02	4.967232229050774469e-04
1.555462000000000000e+12	1.159999999999999920e+00	1.160000000000000007e-03	9.021679600000000000e+07	4.769247434651194273e-02	1.953835360602193191e-02	4.816788560061893579e-04
1.555462000000000000e+12	1.159999999999999920e+00	1.160000000000000224e-03	9.021679600000000000e+07	9.590043808494559674e-02	2.706590842945091890e-02	5.534246589189806362e-04
1.555462000000000000e+12	1.159999999999999920e+00	1.160000000000000007e-03	9.021679600000000000e+07	5.357673012034701310e-02	2.262413499476372686e-02	4.871213284423648584e-04
nan	nan	nan	nan	nan	nan	nan
1.555462000000000000e+12	1.319999999999999840e+00	1.319999999999999993e-03	1.026604920000000000e+08	4.984812609716247206e-02	1.609252304158925034e-02	4.500143145600526929e-04
1.555462000000000000e+12	1.000000000000000000e+00	1.000000000000000021e-03	7.777310000000000000e+07	7.463371318261526055e-02	3.048941267611442879e-02	4.295734020008607564e-04
nan	nan	nan	nan	nan	nan	nan
nan	nan	nan	nan	nan	nan	nan
1.555462000000000000e+12	1.040000000000000036e+00	1.040000000000000126e-03	8.088402400000000000e+07	3.858898508628211266e-02	2.648020570646808514e-02	4.145370266749937894e-04
1.555462000000000000e+12	9.199999999999999289e-01	9.200000000000000278e-04	7.155125200000000000e+07	4.699785899169880293e-02	1.852413336796266199e-02	4.978499243486494584e-04
1.555462000000000000e+12	9.199999999999999289e-01	9.200000000000000278e-04	7.155125200000000000e+07	5.553004486492326558e-02	1.964361011974254459e-02	4.542242648686678312e-04
1.555462000000000000e+12	6.799999999999999378e-01	6.800000000000000488e-04	5.288570800000000000e+07	5.077990546621744677e-02	2.025293052104303743e-02	4.909321016463993274e-04
nan	nan	nan	nan	nan	nan	nan
nan	nan	nan	nan	nan	nan	nan
nan	nan	nan	nan	nan	nan	nan
1.555462000000000000e+12	9.199999999999999289e-01	9.200000000000000278e-04	7.155125200000000000e+07	4.633837012593808313e-02	1.375229305587785666e-02	4.137771906446859570e-04
nan	nan	nan	nan	nan	nan	nan
nan	nan	nan	nan	nan	nan	nan
nan	nan	nan	nan	nan	nan	nan
nan	nan	nan	nan	nan	nan	nan
1.555462000000000000e+12	4.000000000000000222e-01	4.000000000000000192e-04	3.110924000000000000e+07	2.315007784296027604e-02	9.808420454833658569e-03	3.824790001050085262e-04
1.555462000000000000e+12	5.200000000000000178e-01	5.200000000000000629e-04	4.044201200000000000e+07	3.258868019575342223e-02	1.341470434294992665e-02	2.617904289408375736e-04
nan	nan	nan	nan	nan	nan	nan
1.555462000000000000e+12	2.399999999999999911e-01	2.400000000000000332e-04	1.866554400000000000e+07	1.292702238738870427e-02	2.982333858846192287e-03	2.015629858780387579e-04
1.555462000000000000e+12	5.200000000000000178e-01	5.200000000000000629e-04	4.044201200000000000e+07	2.110508750221592664e-02	1.263777279840532820e-02	3.110195036772294796e-04
nan	nan	nan	nan	nan	nan	nan
nan	nan	nan	nan	nan	nan	nan
nan	nan	nan	nan	nan	nan	nan
nan	nan	nan	nan	nan	nan	nan
nan	nan	nan	nan	nan	nan	nan
nan	nan	nan	nan	nan	nan	nan
nan	nan	nan	nan	nan	nan	nan
nan	nan	nan	nan	nan	nan	nan
nan	nan	nan	nan	nan	nan	nan
nan	nan	nan	nan	nan	nan	nan
nan	nan	nan	nan	nan	nan	nan
nan	nan	nan	nan	nan	nan	nan
nan	nan	nan	nan	nan	nan	nan
nan	nan	nan	nan	nan	nan	nan
nan	nan	nan	nan	nan	nan	nan
1.507270000000000000e+12	2.399999999999999911e-01	2.400000000000000332e-04	1.808724000000000000e+07	3.372598550931932282e-02	9.816830902058051866e-03	1.127150207340067364e-04
nan	nan	nan	nan	nan	nan	nan
nan	nan	nan	nan	nan	nan	nan
nan	nan	nan	nan	nan	nan	nan
nan	nan	nan	nan	nan	nan	nan
nan	nan	nan	nan	nan	nan	nan
nan	nan	nan	nan	nan	nan	nan
nan	nan	nan	nan	nan	nan	nan
nan	nan	nan	nan	nan	nan	nan
nan	nan	nan	nan	nan	nan	nan
nan	nan	nan	nan	nan	nan	nan
nan	nan	nan	nan	nan	nan	nan
nan	nan	nan	nan	nan	nan	nan
nan	nan	nan	nan	nan	nan	nan
nan	nan	nan	nan	nan	nan	nan
nan	nan	nan	nan	nan	nan	nan
nan	nan	nan	nan	nan	nan	nan
nan	nan	nan	nan	nan	nan	nan
nan	nan	nan	nan	nan	nan	nan
nan	nan	nan	nan	nan	nan	nan
1.507270000000000000e+12	0.000000000000000000e+00	0.000000000000000000e+00	0.000000000000000000e+00	0.000000000000000000e+00	0.000000000000000000e+00	0.000000000000000000e+00
1.507270000000000000e+12	0.000000000000000000e+00	0.000000000000000000e+00	0.000000000000000000e+00	0.000000000000000000e+00	0.000000000000000000e+00	0.000000000000000000e+00
nan	nan	nan	nan	nan	nan	nan
nan	nan	nan	nan	nan	nan	nan
1.507270000000000000e+12	0.000000000000000000e+00	0.000000000000000000e+00	0.000000000000000000e+00	0.000000000000000000e+00	0.000000000000000000e+00	0.000000000000000000e+00
nan	nan	nan	nan	nan	nan	nan
nan	nan	nan	nan	nan	nan	nan
1.507270000000000000e+12	0.000000000000000000e+00	0.000000000000000000e+00	0.000000000000000000e+00	0.000000000000000000e+00	0.000000000000000000e+00	0.000000000000000000e+00
nan	nan	nan	nan	nan	nan	nan
nan	nan	nan	nan	nan	nan	nan
1.507270000000000000e+12	0.000000000000000000e+00	0.000000000000000000e+00	0.000000000000000000e+00	0.000000000000000000e+00	0.000000000000000000e+00	0.000000000000000000e+00
nan	nan	nan	nan	nan	nan	nan
nan	nan	nan	nan	nan	nan	nan
nan	nan	nan	nan	nan	nan	nan
nan	nan	nan	nan	nan	nan	nan
nan	nan	nan	nan	nan	nan	nan
nan	nan	nan	nan	nan	nan	nan
1.507270000000000000e+12	8.000000000000000167e-02	8.000000000000000654e-05	6.029080000000000000e+06	1.475121396498041762e-02	1.994146578101906216e-03	8.526116311307043653e-05
1.507270000000000000e+12	0.000000000000000000e+00	0.000000000000000000e+00	0.000000000000000000e+00	0.000000000000000000e+00	0.000000000000000000e+00	0.000000000000000000e+00
nan	nan	nan	nan	nan	nan	nan
nan	nan	nan	nan	nan	nan	nan
nan	nan	nan	nan	nan	nan	nan
