# SourcePhotonFlux	NumberRaysSurvived	PercentageRaysSurvived	PhotonFlux	Bandwidth	HorizontalFocusFWHM	VerticalFocusFWHM
6.812500000000000000e+12	1.808000000000000114e+02	1.808000000000000163e-01	1.231700000000000000e+10	1.111756597522912671e-01	9.766703987844579937e-02	2.828935122601555514e-03
6.812500000000000000e+12	1.818000000000000114e+02	1.818000000000000171e-01	1.238512500000000000e+10	1.174108563744653139e-01	8.427117722095323060e-02	2.450591232731170934e-03
6.812500000000000000e+12	1.811999999999999886e+02	1.811999999999999722e-01	1.234425000000000000e+10	1.223669274819258190e-01	9.297996992304856378e-02	2.439161809188690900e-03
6.812500000000000000e+12	1.871999999999999886e+02	1.872000000000000053e-01	1.275300000000000000e+10	9.193305048943330171e-02	7.314000136591157497e-02	2.724934170457315834e-03
6.812500000000000000e+12	1.895999999999999943e+02	1.895999999999999908e-01	1.291650000000000000e+10	1.237917230617995301e-01	9.419765954374177686e-02	2.571660062763234198e-03
6.812500000000000000e+12	2.145999999999999943e+02	2.145999999999999852e-01	1.461962500000000000e+10	2.206925431859190281e-02	1.077609216617988475e-01	2.116544735008365954e-03
6.812500000000000000e+12	2.204000000000000057e+02	2.204000000000000126e-01	1.501475000000000000e+10	3.428558286733505295e-02	8.031150313748940117e-02	2.478639670611751823e-03
6.812500000000000000e+12	2.234000000000000057e+02	2.233999999999999875e-01	1.521912500000000000e+10	3.140930074430343943e-02	1.049976919244119955e-01	2.504187681146372978e-03
6.812500000000000000e+12	2.378000000000000114e+02	2.378000000000000114e-01	1.620012500000000000e+10	3.194680667841112015e-02	1.071760577323017660e-01	2.478676305315818170e-03
6.812500000000000000e+12	2.215999999999999943e+02	2.216000000000000192e-01	1.509650000000000000e+10	3.585347231650075350e-02	1.059516346547395571e-01	2.782627079951542539e-03
6.812500000000000000e+12	2.158000000000000114e+02	2.157999999999999918e-01	1.470137500000000000e+10	2.718594272681684743e-02	9.751888151381982173e-02	2.549346281497306445e-03
6.812500000000000000e+12	2.238000000000000114e+02	2.237999999999999989e-01	1.524637500000000000e+10	2.261034009494551286e-02	1.019904928208864303e-01	2.809499588178475567e-03
6.812500000000000000e+12	2.305999999999999943e+02	2.305999999999999994e-01	1.570962500000000000e+10	2.253488583330636244e-02	1.074891532296235186e-01	2.672957090925159873e-03
6.812500000000000000e+12	2.315999999999999943e+02	2.315999999999999726e-01	1.577775000000000000e+10	2.413832931021033662e-02	9.939509972636356716e-02	2.444190217964791346e-03
6.812500000000000000e+12	2.200000000000000000e+02	2.200000000000000289e-01	1.498750000000000000e+10	2.589381603157790007e-02	9.407585882716934522e-02	2.912292005773836189e-03
6.812500000000000000e+12	2.154000000000000057e+02	2.153999999999999804e-01	1.467412500000000000e+10	1.977353892857536266e-02	8.594993023983056590e-02	2.692042632438531192e-03
6.812500000000000000e+12	2.128000000000000114e+02	2.128000000000000169e-01	1.449700000000000000e+10	2.080609315877381821e-02	8.700958360803151548e-02	2.711999208569551047e-03
6.812500000000000000e+12	2.084000000000000057e+02	2.084000000000000019e-01	1.419725000000000000e+10	1.569428489450501799e-02	7.893342592932384161e-02	2.670663466343305321e-03
6.812500000000000000e+12	2.194000000000000057e+02	2.193999999999999839e-01	1.494662500000000000e+10	1.527542982991008172e-02	1.023780097459817684e-01	3.015426623873021256e-03
6.812500000000000000e+12	2.254000000000000057e+02	2.253999999999999893e-01	1.535537500000000000e+10	1.837886522063172240e-02	9.422443717497097637e-02	2.776106577600261863e-03
6.812500000000000000e+12	1.945999999999999943e+02	1.945999999999999674e-01	1.325712500000000000e+10	1.500896447531658781e-02	1.060987082769711404e-01	3.560950405442597690e-03
6.812500000000000000e+12	1.818000000000000114e+02	1.818000000000000171e-01	1.238512500000000000e+10	1.476847225309256897e-02	9.197750450706601577e-02	3.646168985784112304e-03
6.812500000000000000e+12	1.951999999999999886e+02	1.951999999999999846e-01	1.329800000000000000e+10	1.578975978188736778e-02	1.011480919321665617e-01	3.343046066123047701e-03
6.812500000000000000e+12	1.968000000000000114e+02	1.968000000000000027e-01	1.340700000000000000e+10	1.529993300231353645e-02	1.042356718934517035e-01	2.732966774244163007e-03
6.812500000000000000e+12	1.865999999999999943e+02	1.866000000000000159e-01	1.271212500000000000e+10	1.319724369113828288e-02	1.002082399237263638e-01	2.540418925184011016e-03
6.812500000000000000e+12	1.638000000000000114e+02	1.638000000000000012e-01	1.115887500000000000e+10	9.614074830562913815e-03	1.078983958541968463e-01	2.897168811390140285e-03
6.812500000000000000e+12	1.644000000000000057e+02	1.644000000000000183e-01	1.119975000000000000e+10	8.758458085071651328e-03	1.070097560699888317e-01	3.546192802399004106e-03
6.812500000000000000e+12	1.665999999999999943e+02	1.666000000000000258e-01	1.134962500000000000e+10	1.458440577297324091e-02	8.486142649098031565e-02	3.381191880670121001e-03
6.812500000000000000e+12	1.624000000000000057e+02	1.624000000000000166e-01	1.106350000000000000e+10	1.187748905359740058e-02	9.821292829480754438e-02	3.080973416225291951e-03
6.812500000000000000e+12	1.684000000000000057e+02	1.684000000000000219e-01	1.147225000000000000e+10	1.177638803545733026e-02	9.710945497249567904e-02	2.952688761649831500e-03
6.812500000000000000e+12	1.252000000000000028e+02	1.252000000000000057e-01	8.529249999999998093e+09	7.124752950448965012e-03	7.453766929742887404e-02	3.922553739222327078e-03
6.812500000000000000e+12	1.217999999999999972e+02	1.217999999999999916e-01	8.297625000000000000e+09	8.197284765287804476e-03	8.069225110493706554e-02	2.852748724069273292e-03
6.812500000000000000e+12	1.301999999999999886e+02	1.302000000000000102e-01	8.869875000000000000e+09	9.822328456175455011e-03	9.107548415542221498e-02	4.131720393209100881e-03
6.812500000000000000e+12	1.275999999999999943e+02	1.275999999999999912e-01	8.692750000000000000e+09	9.521721072121635404e-03	6.894827086671248551e-02	2.976929435918154124e-03
6.812500000000000000e+12	1.247999999999999972e+02	1.247999999999999943e-01	8.502000000000000000e+09	9.661689794859285377e-03	1.016186534723943630e-01	3.552690070241282250e-03
6.812500000000000000e+12	1.047999999999999972e+02	1.048000000000000043e-01	7.139500000000000000e+09	6.892417971531150309e-03	1.046919041718564480e-01	4.079566678377187505e-03
6.812500000000000000e+12	9.740000000000000568e+01	9.740000000000000047e-02	6.635375000000000000e+09	8.612808693773279720e-03	1.012584208092324883e-01	4.226906518398967742e-03
6.812500000000000000e+12	9.559999999999999432e+01	9.559999999999999054e-02	6.512750000000000000e+09	9.736784603171788621e-03	1.131599143385811634e-01	3.559926040635012865e-03
6.812500000000000000e+12	8.900000000000000000e+01	8.899999999999999578e-02	6.063125000000000000e+09	9.257735036959298044e-03	1.240964882455933560e-01	3.921707669051907597e-03
6.812500000000000000e+12	8.840000000000000568e+01	8.840000000000000635e-02	6.022250000000000000e+09	1.073560509690773233e-02	1.257754454880840034e-01	4.207504283372748809e-03
6.812500000000000000e+12	7.920000000000000284e+01	7.920000000000000651e-02	5.395500000000000000e+09	9.136487954164902031e-03	1.259584954756384767e-01	4.248406293889627622e-03
6.812500000000000000e+12	8.020000000000000284e+01	8.020000000000000739e-02	5.463625000000000000e+09	9.663279071465037326e-03	1.241298031960792886e-01	4.366662464639392387e-03
6.812500000000000000e+12	7.800000000000000000e+01	7.799999999999999989e-02	5.313750000000000000e+09	9.022505163961669003e-03	1.197189774226659342e-01	4.348265027876443804e-03
6.812500000000000000e+12	7.520000000000000284e+01	7.520000000000000295e-02	5.123000000000000000e+09	9.676904347216890717e-03	1.285127171424983172e-01	4.298803065599832336e-03
6.812500000000000000e+12	7.679999999999999716e+01	7.680000000000000715e-02	5.232000000000000000e+09	8.860100601355254749e-03	1.202373550104647304e-01	4.285943560128668665e-03
6.812500000000000000e+12	7.500000000000000000e+01	7.499999999999999722e-02	5.109375000000000000e+09	8.180667437219240820e-03	1.350610557499760667e-01	4.373345925748268678e-03
6.812500000000000000e+12	6.840000000000000568e+01	6.840000000000000246e-02	4.659750000000000000e+09	8.733761939634310939e-03	1.259473284402476967e-01	4.100264916508438752e-03
6.812500000000000000e+12	6.339999999999999858e+01	6.339999999999999802e-02	4.319125000000000000e+09	8.286223806788825530e-03	1.283143654699451797e-01	4.247512511122127424e-03
6.812500000000000000e+12	6.300000000000000000e+01	6.300000000000000044e-02	4.291875000000000000e+09	9.245067600331953461e-03	1.240655454369933297e-01	4.180963495425085719e-03
6.812500000000000000e+12	6.279999999999999716e+01	6.279999999999999472e-02	4.278250000000000000e+09	9.075032626535878971e-03	1.310254200444089245e-01	4.330295646814935444e-03
7.830100000000000000e+12	4.071999999999999886e+02	4.072000000000000064e-01	3.188416720000000000e+10	1.065302403361783889e-01	9.127959213828321094e-02	2.892040177794096521e-03
7.830100000000000000e+12	4.170000000000000000e+02	4.170000000000000928e-01	3.265151700000000000e+10	1.133342618679535063e-01	1.021010264007343044e-01	2.708362405456015733e-03
7.830100000000000000e+12	4.208000000000000114e+02	4.208000000000000074e-01	3.294906080000000000e+10	1.039536706077342360e-01	9.378683058298083186e-02	2.625040766998512805e-03
7.830100000000000000e+12	4.118000000000000114e+02	4.118000000000000549e-01	3.224435180000000000e+10	1.010342225112026426e-01	1.023661080268272600e-01	2.658267094317534433e-03
7.830100000000000000e+12	4.223999999999999773e+02	4.223999999999999977e-01	3.307434240000000000e+10	1.267332714338181288e-01	1.037962556505718226e-01	3.024130104506315368e-03
7.830100000000000000e+12	4.268000000000000114e+02	4.267999999999999572e-01	3.341886680000000000e+10	8.678041071896132330e-02	1.060297401074874746e-01	2.823130855926940519e-03
7.830100000000000000e+12	4.321999999999999886e+02	4.322000000000000286e-01	3.384169220000000000e+10	8.374322339348054534e-02	1.035928661799422751e-01	2.818563094359507679e-03
7.830100000000000000e+12	4.441999999999999886e+02	4.442000000000000393e-01	3.478130420000000000e+10	9.012055397236054533e-02	9.607709784589826829e-02	2.840245726180342344e-03
7.830100000000000000e+12	4.361999999999999886e+02	4.362000000000000322e-01	3.415489620000000000e+10	7.744070656829080135e-02	8.903112343353268565e-02	2.823863647615759871e-03
7.830100000000000000e+12	4.318000000000000114e+02	4.318000000000000727e-01	3.381037180000000000e+10	1.047588542852963683e-01	1.045742776608183655e-01	2.882716335704310281e-03
7.830100000000000000e+12	3.943999999999999773e+02	3.944000000000000283e-01	3.088191440000000000e+10	5.918403367816153782e-02	1.023089853549481454e-01	2.780456130534218143e-03
7.830100000000000000e+12	3.956000000000000227e+02	3.956000000000000627e-01	3.097587560000000000e+10	7.496666997749343309e-02	8.575219334519443293e-02	3.051884625711082273e-03
7.830100000000000000e+12	4.070000000000000000e+02	4.070000000000000284e-01	3.186850700000000000e+10	5.490167909638330596e-02	9.492229793001574767e-02	3.435981677985745948e-03
7.830100000000000000e+12	4.038000000000000114e+02	4.038000000000000478e-01	3.161794380000000000e+10	7.544581666390967611e-02	9.388944956679903808e-02	3.041825738236399700e-03
7.830100000000000000e+12	3.903999999999999773e+02	3.904000000000000248e-01	3.056871040000000000e+10	7.339539682518533836e-02	9.717368756831468168e-02	3.024664368054965670e-03
7.830100000000000000e+12	3.501999999999999886e+02	3.501999999999999558e-01	2.742101020000000000e+10	5.624238196294299719e-02	9.061062025970979816e-02	2.778242915192563438e-03
7.830100000000000000e+12	3.138000000000000114e+02	3.137999999999999678e-01	2.457085380000000000e+10	5.196565012436167585e-02	9.067939713509336197e-02	2.950039302071147396e-03
7.830100000000000000e+12	3.281999999999999886e+02	3.281999999999999917e-01	2.569838820000000000e+10	5.541288805156909664e-02	1.053615874914683309e-01	3.452865892289039805e-03
7.830100000000000000e+12	3.390000000000000000e+02	3.390000000000000235e-01	2.654403900000000000e+10	4.936590657582655417e-02	9.515444843590382951e-02	3.371888602885213942e-03
7.830100000000000000e+12	3.318000000000000114e+02	3.317999999999999838e-01	2.598027180000000000e+10	6.087763925261242826e-02	9.897580910830859613e-02	3.123020576344991920e-03
7.830100000000000000e+12	2.596000000000000227e+02	2.595999999999999974e-01	2.032693960000000000e+10	3.754850810323660110e-02	8.965839844677050974e-02	3.006852562888988421e-03
7.830100000000000000e+12	2.568000000000000114e+02	2.567999999999999727e-01	2.010769680000000000e+10	4.149075273244307027e-02	1.065231279783964424e-01	3.300476241437715844e-03
7.830100000000000000e+12	2.560000000000000000e+02	2.560000000000000053e-01	2.004505600000000000e+10	3.557248607824022024e-02	9.909331886975188131e-02	3.114771301792133070e-03
7.830100000000000000e+12	2.554000000000000057e+02	2.554000000000000159e-01	1.999807540000000000e+10	3.760556561185239566e-02	9.413109748668753440e-02	3.152975534208181298e-03
7.830100000000000000e+12	2.505999999999999943e+02	2.506000000000000449e-01	1.962223060000000000e+10	3.558263857742076375e-02	8.168587052581764707e-02	3.302918406826874011e-03
7.830100000000000000e+12	2.025999999999999943e+02	2.026000000000000301e-01	1.586378260000000000e+10	2.923821916622273281e-02	9.555944838099358907e-02	2.784020565127343690e-03
7.830100000000000000e+12	2.010000000000000000e+02	2.010000000000000120e-01	1.573850100000000000e+10	3.008034854199195113e-02	9.939727110272408850e-02	2.919630233391788850e-03
7.830100000000000000e+12	1.918000000000000114e+02	1.918000000000000260e-01	1.501813180000000000e+10	3.220303379939650629e-02	9.159108846792091141e-02	2.740621286548529205e-03
7.830100000000000000e+12	1.910000000000000000e+02	1.910000000000000031e-01	1.495549100000000000e+10	3.097087968212690681e-02	1.082358839883199308e-01	2.250082320509729904e-03
7.830100000000000000e+12	2.015999999999999943e+02	2.016000000000000014e-01	1.578548160000000000e+10	3.671482156021284304e-02	9.086540522972638700e-02	3.003077706308369694e-03
7.830100000000000000e+12	1.535999999999999943e+02	1.536000000000000143e-01	1.202703360000000000e+10	2.242074520672758878e-02	8.744005477343701205e-02	2.910937859873500688e-03
7.830100000000000000e+12	1.431999999999999886e+02	1.432000000000000217e-01	1.121270320000000000e+10	2.188612578268021164e-02	7.517438916617447120e-02	3.234411390705359962e-03
7.830100000000000000e+12	1.525999999999999943e+02	1.526000000000000134e-01	1.194873260000000000e+10	2.519131939930048178e-02	9.221299870430681167e-02	2.600636575843885950e-03
7.830100000000000000e+12	1.540000000000000000e+02	1.540000000000000258e-01	1.205835400000000000e+10	1.966914345989607613e-02	1.053775725909976702e-01	3.122866286432008504e-03
7.830100000000000000e+12	1.471999999999999886e+02	1.471999999999999975e-01	1.152590720000000000e+10	2.421733921639770276e-02	7.268256424639092661e-02	3.236997567824550972e-03
7.830100000000000000e+12	1.272000000000000028e+02	1.272000000000000075e-01	9.959887200000000000e+09	1.489583547870552103e-02	8.339212818584688935e-02	2.098894464429062936e-03
7.830100000000000000e+12	1.152000000000000028e+02	1.151999999999999968e-01	9.020275200000000000e+09	1.969976654793299461e-02	1.098733647044558975e-01	3.182552288353943971e-03
7.830100000000000000e+12	1.260000000000000000e+02	1.260000000000000009e-01	9.865926000000000000e+09	2.130841543578299024e-02	8.528253215963604861e-02	2.798283669651852133e-03
7.830100000000000000e+12	1.155999999999999943e+02	1.155999999999999944e-01	9.051595600000000000e+09	1.819804516715066781e-02	1.031014610730358189e-01	2.608052450705319880e-03
7.830100000000000000e+12	1.200000000000000000e+02	1.199999999999999956e-01	9.396120000000000000e+09	1.717870514607966470e-02	1.072327525881456162e-01	2.963594069327361944e-03
7.830100000000000000e+12	1.012000000000000028e+02	1.011999999999999983e-01	7.924061200000000000e+09	2.378709643213674368e-02	9.554157285443207193e-02	3.358862446288678975e-03
7.830100000000000000e+12	9.879999999999999716e+01	9.879999999999999893e-02	7.736138800000000000e+09	2.371734258706208881e-02	1.122950187278100448e-01	3.516956683952259747e-03
7.830100000000000000e+12	9.440000000000000568e+01	9.439999999999999780e-02	7.391614400000000000e+09	2.233440358380310228e-02	9.979233175618626439e-02	3.327851486453870834e-03
7.830100000000000000e+12	1.015999999999999943e+02	1.015999999999999959e-01	7.955381600000000000e+09	2.137683074937814579e-02	1.144530283803990994e-01	3.111296976198689966e-03
7.830100000000000000e+12	1.025999999999999943e+02	1.025999999999999968e-01	8.033682600000000000e+09	2.178679172997639510e-02	9.791454654623069076e-02	2.576482885991903705e-03
7.830100000000000000e+12	8.720000000000000284e+01	8.720000000000001361e-02	6.827847200000000000e+09	2.053388867230194342e-02	1.221229215511065724e-01	3.131187637373457518e-03
7.830100000000000000e+12	8.540000000000000568e+01	8.540000000000000369e-02	6.686905400000000000e+09	2.298492748109776107e-02	1.163915089334923714e-01	3.523188052813479298e-03
7.830100000000000000e+12	8.759999999999999432e+01	8.760000000000001119e-02	6.859167600000000000e+09	2.322057724134743428e-02	1.226692914635077181e-01	3.500583405414202896e-03
7.830100000000000000e+12	8.500000000000000000e+01	8.499999999999999223e-02	6.655585000000000000e+09	2.385950110731170637e-02	1.167458702748233462e-01	3.340841739117640131e-03
7.830100000000000000e+12	8.940000000000000568e+01	8.940000000000000724e-02	7.000109400000000000e+09	2.520688144261818905e-02	1.151344113001482594e-01	3.580154943399544570e-03
8.259610000000000000e+12	6.956000000000000227e+02	6.955999999999999961e-01	5.745384716000000000e+10	2.067669338883206254e-01	9.757125477300693239e-02	2.775151714835351509e-03
8.259610000000000000e+12	6.947999999999999545e+02	6.947999999999999732e-01	5.738777028000000000e+10	1.992019934187282959e-01	9.870563163323455014e-02	2.732689081328451737e-03
8.259610000000000000e+12	6.936000000000000227e+02	6.936000000000001053e-01	5.728865496000000000e+10	2.201208465494346456e-01	9.354894332032405446e-02	2.554783392203992080e-03
8.259610000000000000e+12	6.606000000000000227e+02	6.605999999999999650e-01	5.456298366000000000e+10	2.394852235928738027e-01	9.385681317085739495e-02	2.400977087275852663e-03
8.259610000000000000e+12	6.713999999999999773e+02	6.713999999999999968e-01	5.545502154000000000e+10	2.324905452243001547e-01	9.760939797296633302e-02	2.537768210568498543e-03
8.259610000000000000e+12	6.262000000000000455e+02	6.262000000000000899e-01	5.172167782000000000e+10	1.477660780955830089e-01	1.005652034975404174e-01	2.811030903888025144e-03
8.259610000000000000e+12	6.342000000000000455e+02	6.341999999999999860e-01	5.238244662000000000e+10	1.488925016509256294e-01	9.838425309606650682e-02	2.676507829460522681e-03
8.259610000000000000e+12	6.373999999999999773e+02	6.373999999999999666e-01	5.264675414000000000e+10	1.730938874065031940e-01	1.048847357289424409e-01	3.079113873520149952e-03
8.259610000000000000e+12	6.416000000000000227e+02	6.416000000000000592e-01	5.299365776000000000e+10	1.708669288590954349e-01	9.416285326234447028e-02	2.989780599728589314e-03
8.259610000000000000e+12	6.392000000000000455e+02	6.391999999999999904e-01	5.279542712000000000e+10	1.514975193495956829e-01	9.986573371363592633e-02	2.596716787284272278e-03
8.259610000000000000e+12	5.176000000000000227e+02	5.176000000000000600e-01	4.275174136000000000e+10	1.162889160154008950e-01	9.816432721210432977e-02	2.792468437730807537e-03
8.259610000000000000e+12	5.173999999999999773e+02	5.173999999999999710e-01	4.273522214000000000e+10	1.056936999450954345e-01	1.023846657680099054e-01	2.815079740563229942e-03
8.259610000000000000e+12	5.290000000000000000e+02	5.290000000000000258e-01	4.369333690000000000e+10	1.202728173833293168e-01	9.449528003073241755e-02	3.044781303985180654e-03
8.259610000000000000e+12	5.400000000000000000e+02	5.399999999999999245e-01	4.460189400000000000e+10	1.283736273263457461e-01	9.292630206140289895e-02	2.971508218168617595e-03
8.259610000000000000e+12	5.090000000000000000e+02	5.090000000000000080e-01	4.204141490000000000e+10	1.244835607922141207e-01	9.124989181206585864e-02	2.883685360573080923e-03
8.259610000000000000e+12	4.008000000000000114e+02	4.007999999999999896e-01	3.310451688000000000e+10	8.160786966400337961e-02	1.005681861044166459e-01	2.997227954577336758e-03
8.259610000000000000e+12	4.078000000000000114e+02	4.078000000000000513e-01	3.368268958000000000e+10	8.469638904261955759e-02	1.022512196744761875e-01	3.125752994204005018e-03
8.259610000000000000e+12	4.076000000000000227e+02	4.076000000000000734e-01	3.366617036000000000e+10	8.095872551393767935e-02	1.068583454445589387e-01	2.942289035411568051e-03
8.259610000000000000e+12	3.851999999999999886e+02	3.852000000000000424e-01	3.181601772000000000e+10	6.636957634477766432e-02	9.300639448201436510e-02	2.828499723176308711e-03
8.259610000000000000e+12	4.136000000000000227e+02	4.136000000000000232e-01	3.416174696000000000e+10	1.000596613090692644e-01	9.421965141519464404e-02	2.671825159648716190e-03
8.259610000000000000e+12	3.153999999999999773e+02	3.154000000000000137e-01	2.605080994000000000e+10	4.778998270876400056e-02	9.721898988048172097e-02	2.528314515831252100e-03
8.259610000000000000e+12	3.141999999999999886e+02	3.141999999999999793e-01	2.595169462000000000e+10	5.789207196044117432e-02	1.088428741459015747e-01	3.226249758237870972e-03
8.259610000000000000e+12	3.186000000000000227e+02	3.185999999999999943e-01	2.631511746000000000e+10	7.302087895682234098e-02	9.777714928752170853e-02	3.298006925007543246e-03
8.259610000000000000e+12	2.971999999999999886e+02	2.972000000000000197e-01	2.454756092000000000e+10	7.867399603892408222e-02	1.076271424574130053e-01	2.436959307338505600e-03
8.259610000000000000e+12	3.030000000000000000e+02	3.030000000000000471e-01	2.502661830000000000e+10	6.755747647721363491e-02	8.790884582419752902e-02	3.244019224674626022e-03
8.259610000000000000e+12	2.325999999999999943e+02	2.326000000000000012e-01	1.921185286000000000e+10	4.505435146597847051e-02	9.830104097009506603e-02	2.896543074641767714e-03
8.259610000000000000e+12	2.450000000000000000e+02	2.450000000000000233e-01	2.023604450000000000e+10	5.521604646896775825e-02	1.064224429208146805e-01	2.933076898367963092e-03
8.259610000000000000e+12	2.461999999999999886e+02	2.461999999999999744e-01	2.033515982000000000e+10	6.091954777880346367e-02	9.181306699080030165e-02	2.867906355561389287e-03
8.259610000000000000e+12	2.428000000000000114e+02	2.427999999999999881e-01	2.005433308000000000e+10	6.540334303090275525e-02	1.063989237397452436e-01	2.746763245468557962e-03
8.259610000000000000e+12	2.375999999999999943e+02	2.375999999999999779e-01	1.962483336000000000e+10	4.542466801267437682e-02	8.782903109542090914e-02	2.679270686399969938e-03
8.259610000000000000e+12	1.938000000000000114e+02	1.937999999999999723e-01	1.600712418000000000e+10	4.156494984517848656e-02	9.079220683971836459e-02	2.793826264269327030e-03
8.259610000000000000e+12	1.895999999999999943e+02	1.895999999999999908e-01	1.566022056000000000e+10	4.183694509665656508e-02	9.664084538812779679e-02	2.499003574276892174e-03
8.259610000000000000e+12	1.920000000000000000e+02	1.920000000000000318e-01	1.585845120000000000e+10	4.758400904961490596e-02	8.665358362296868289e-02	2.930343027194853324e-03
8.259610000000000000e+12	1.940000000000000000e+02	1.940000000000000058e-01	1.602364340000000000e+10	4.316105442644584123e-02	1.002414311990464518e-01	2.971914154268392311e-03
8.259610000000000000e+12	1.948000000000000114e+02	1.948000000000000009e-01	1.608972028000000000e+10	4.028807271429286907e-02	8.831287859632072634e-02	2.870994425474747425e-03
8.259610000000000000e+12	1.500000000000000000e+02	1.499999999999999944e-01	1.238941500000000000e+10	3.145751003989971650e-02	9.153514497664975991e-02	2.163256001568821148e-03
8.259610000000000000e+12	1.445999999999999943e+02	1.446000000000000063e-01	1.194339606000000000e+10	3.322302311530620639e-02	8.215118894293882423e-02	2.274213984027162894e-03
8.259610000000000000e+12	1.471999999999999886e+02	1.471999999999999975e-01	1.215814592000000000e+10	3.108402250122708349e-02	8.058408321084067905e-02	3.278749725780733763e-03
8.259610000000000000e+12	1.424000000000000057e+02	1.424000000000000266e-01	1.176168464000000000e+10	3.597794355036967179e-02	9.646411600345358717e-02	2.332620052072904675e-03
8.259610000000000000e+12	1.480000000000000000e+02	1.479999999999999927e-01	1.222422280000000000e+10	3.480013934372436918e-02	1.048138159175212164e-01	3.094798462592816216e-03
8.259610000000000000e+12	1.234000000000000057e+02	1.233999999999999958e-01	1.019235874000000000e+10	3.438797101744058005e-02	7.918114821804353443e-02	2.295662766666665012e-03
8.259610000000000000e+12	1.187999999999999972e+02	1.187999999999999889e-01	9.812416680000000000e+09	3.739896799975213348e-02	1.053403844336279899e-01	3.331634122229469586e-03
8.259610000000000000e+12	1.192000000000000028e+02	1.192000000000000004e-01	9.845455120000000000e+09	3.030890108479979833e-02	1.132977155358430299e-01	2.673052085123518891e-03
8.259610000000000000e+12	1.175999999999999943e+02	1.175999999999999962e-01	9.713301360000000000e+09	3.343126870126979927e-02	1.034203675107307346e-01	2.161611341386090318e-03
8.259610000000000000e+12	1.235999999999999943e+02	1.236000000000000015e-01	1.020887796000000000e+10	4.088228276305017062e-02	8.841536380068995560e-02	2.452298247778910128e-03
8.259610000000000000e+12	1.100000000000000000e+02	1.100000000000000144e-01	9.085571000000000000e+09	3.249609657855216660e-02	7.935546521888495186e-02	2.925871672696168328e-03
8.259610000000000000e+12	1.100000000000000000e+02	1.100000000000000144e-01	9.085571000000000000e+09	2.560948055326062178e-02	1.017739743242598999e-01	2.978107303256480060e-03
8.259610000000000000e+12	1.135999999999999943e+02	1.135999999999999927e-01	9.382916960000000000e+09	3.948980859977638952e-02	9.381930439174608616e-02	2.712714733437634161e-03
8.259610000000000000e+12	1.032000000000000028e+02	1.032000000000000001e-01	8.523917520000000000e+09	2.871403950660163934e-02	1.003836541802463483e-01	2.975633005967746793e-03
8.259610000000000000e+12	1.057999999999999972e+02	1.057999999999999774e-01	8.738667380000000000e+09	4.040360375968694850e-02	9.480618058977664797e-02	2.136247652409209528e-03
8.420630000000000000e+12	7.682000000000000455e+02	7.681999999999999940e-01	6.468727966000000000e+10	2.923830118460045702e-01	9.590340896301274842e-02	2.876565665420598161e-03
8.420630000000000000e+12	7.523999999999999773e+02	7.524000000000000687e-01	6.335682012000000000e+10	3.484658252663848654e-01	9.834801164062338674e-02	2.759848571436512334e-03
8.420630000000000000e+12	7.507999999999999545e+02	7.507999999999999119e-01	6.322209004000000000e+10	3.460523342241231259e-01	9.610049081540472660e-02	2.891312641266565071e-03
8.420630000000000000e+12	7.513999999999999773e+02	7.514000000000000679e-01	6.327261382000000000e+10	3.227439566700923135e-01	9.938986395080776082e-02	2.822315391687764841e-03
8.420630000000000000e+12	7.567999999999999545e+02	7.567999999999999172e-01	6.372732784000000000e+10	3.959191043979444768e-01	9.393019188012111109e-02	2.863919482477598165e-03
8.420630000000000000e+12	6.253999999999999773e+02	6.254000000000000670e-01	5.266262002000000000e+10	2.006034539730080779e-01	9.837280648575474906e-02	2.716891277409099088e-03
8.420630000000000000e+12	5.960000000000000000e+02	5.959999999999999742e-01	5.018695480000000000e+10	2.135345510346723930e-01	9.757149759725936011e-02	3.205463792358745866e-03
8.420630000000000000e+12	6.010000000000000000e+02	6.009999999999999787e-01	5.060798630000000000e+10	2.807195360833247832e-01	8.645123418067474086e-02	2.875946346580608281e-03
8.420630000000000000e+12	6.366000000000000227e+02	6.365999999999999437e-01	5.360573058000000000e+10	2.426802473152747663e-01	1.013484615181580450e-01	2.994062533375268457e-03
8.420630000000000000e+12	6.217999999999999545e+02	6.217999999999999083e-01	5.235947734000000000e+10	2.524186244178053817e-01	9.893607080633662343e-02	2.340946210393781389e-03
8.420630000000000000e+12	5.167999999999999545e+02	5.168000000000001481e-01	4.351781584000000000e+10	1.685440761168138235e-01	9.272786489272070998e-02	2.983581972160742005e-03
8.420630000000000000e+12	5.090000000000000000e+02	5.090000000000001190e-01	4.286100670000000000e+10	1.606435964829870389e-01	1.031841871868589833e-01	3.222150950865720811e-03
8.420630000000000000e+12	4.908000000000000114e+02	4.908000000000000140e-01	4.132845204000000000e+10	1.881970615776481226e-01	9.525565534805695289e-02	2.991078879803143412e-03
8.420630000000000000e+12	4.983999999999999773e+02	4.984000000000000097e-01	4.196841992000000000e+10	1.752182897270813666e-01	9.964564661811370350e-02	2.760249333741303466e-03
8.420630000000000000e+12	4.890000000000000000e+02	4.890000000000000457e-01	4.117688070000000000e+10	1.747401355913552889e-01	1.010708928366223780e-01	3.064863471557275568e-03
8.420630000000000000e+12	3.611999999999999886e+02	3.612000000000000210e-01	3.041531556000000000e+10	1.492507077905884105e-01	9.721585459675859131e-02	3.134096324774085507e-03
8.420630000000000000e+12	3.746000000000000227e+02	3.745999999999999885e-01	3.154367998000000000e+10	1.139792995310926899e-01	9.911008764981109331e-02	2.533420333251796587e-03
8.420630000000000000e+12	3.788000000000000114e+02	3.788000000000000256e-01	3.189734644000000000e+10	1.168057520152160633e-01	9.139756355133003829e-02	2.811916051233199348e-03
8.420630000000000000e+12	3.708000000000000114e+02	3.708000000000000185e-01	3.122369604000000000e+10	1.305722973764659456e-01	8.320354201371402136e-02	2.635003716106538128e-03
8.420630000000000000e+12	3.878000000000000114e+02	3.877999999999999226e-01	3.265520314000000000e+10	1.469818167492121519e-01	9.610827001059893404e-02	2.947144081952692962e-03
8.420630000000000000e+12	2.713999999999999773e+02	2.713999999999999746e-01	2.285358982000000000e+10	7.855503304886042593e-02	9.699401954205558174e-02	2.594057263990658634e-03
8.420630000000000000e+12	2.986000000000000227e+02	2.985999999999999766e-01	2.514400118000000000e+10	9.057226208342399054e-02	8.610701554521717205e-02	2.701762120078645725e-03
8.420630000000000000e+12	2.861999999999999886e+02	2.862000000000000099e-01	2.409984306000000000e+10	1.069902170796922236e-01	8.340531854781380039e-02	2.623578678701201251e-03
8.420630000000000000e+12	3.016000000000000227e+02	3.015999999999999792e-01	2.539662008000000000e+10	8.945198533369876082e-02	9.269906602863095535e-02	3.087965797615611387e-03
8.420630000000000000e+12	2.858000000000000114e+02	2.857999999999999430e-01	2.406616054000000000e+10	1.020808550630590561e-01	9.382892249980064048e-02	2.535814543304586166e-03
8.420630000000000000e+12	2.178000000000000114e+02	2.178000000000000491e-01	1.834013214000000000e+10	8.048388053671259867e-02	7.838938955301834322e-02	2.860266098628534356e-03
8.420630000000000000e+12	2.204000000000000057e+02	2.203999999999999848e-01	1.855906852000000000e+10	7.045948151512675117e-02	1.013010137447896974e-01	2.437819968115196873e-03
8.420630000000000000e+12	2.120000000000000000e+02	2.120000000000000218e-01	1.785173560000000000e+10	8.414700992516373212e-02	8.471882178355179260e-02	2.881362823261125663e-03
8.420630000000000000e+12	2.265999999999999943e+02	2.265999999999999959e-01	1.908114758000000000e+10	8.255932256643064293e-02	1.022906724123484185e-01	3.105656256431267755e-03
8.420630000000000000e+12	2.238000000000000114e+02	2.237999999999999989e-01	1.884536994000000000e+10	9.484925479114281188e-02	1.063659294127937416e-01	2.589006143821933996e-03
8.420630000000000000e+12	1.795999999999999943e+02	1.796000000000000096e-01	1.512345148000000000e+10	6.733467921098963693e-02	9.457974895133999804e-02	2.919758770256378373e-03
8.420630000000000000e+12	1.828000000000000114e+02	1.827999999999999903e-01	1.539291164000000000e+10	6.323186650870411818e-02	1.111217539048014735e-01	2.760670202034528654e-03
8.420630000000000000e+12	1.831999999999999886e+02	1.831999999999999740e-01	1.542659416000000000e+10	6.738674103662560533e-02	8.389092594836182470e-02	2.570702239499621754e-03
8.420630000000000000e+12	1.795999999999999943e+02	1.796000000000000096e-01	1.512345148000000000e+10	6.609228621559851136e-02	8.691217348467041026e-02	2.869507909281789060e-03
8.420630000000000000e+12	1.760000000000000000e+02	1.760000000000000175e-01	1.482030880000000000e+10	6.100474831355313932e-02	9.390476690716034747e-02	2.517559545862782001e-03
8.420630000000000000e+12	1.401999999999999886e+02	1.401999999999999913e-01	1.180572326000000000e+10	6.341178167467660665e-02	9.002141302799401834e-02	2.880211548087521691e-03
8.420630000000000000e+12	1.405999999999999943e+02	1.406000000000000028e-01	1.183940578000000000e+10	4.808369760348796262e-02	9.823295243578274161e-02	2.358909746731577359e-03
8.420630000000000000e+12	1.388000000000000114e+02	1.388000000000000067e-01	1.168783444000000000e+10	5.324184090673043240e-02	9.440692010910349541e-02	3.044872641962578265e-03
8.420630000000000000e+12	1.455999999999999943e+02	1.456000000000000072e-01	1.226043728000000000e+10	6.720703983196471554e-02	8.135824229997401513e-02	2.361660437423433213e-03
8.420630000000000000e+12	1.524000000000000057e+02	1.524000000000000077e-01	1.283304012000000000e+10	5.376239522029209461e-02	9.147922657657059364e-02	2.669278664479202319e-03
8.420630000000000000e+12	1.185999999999999943e+02	1.185999999999999971e-01	9.986867180000000000e+09	5.792924655142093343e-02	8.580795334245479300e-02	2.935451620267824028e-03
8.420630000000000000e+12	1.145999999999999943e+02	1.145999999999999935e-01	9.650041980000000000e+09	4.968399041472366939e-02	9.258652485679588762e-02	2.384150952102409744e-03
8.420630000000000000e+12	1.185999999999999943e+02	1.185999999999999971e-01	9.986867180000000000e+09	5.769615137073742794e-02	6.203234685579497171e-02	2.764337662160055911e-03
8.420630000000000000e+12	1.194000000000000057e+02	1.193999999999999923e-01	1.005423222000000000e+10	4.610850081853641591e-02	9.051128543955122563e-02	2.854948144484341106e-03
8.420630000000000000e+12	1.060000000000000000e+02	1.060000000000000109e-01	8.925867800000000000e+09	5.714258154322917477e-02	9.902962565700661191e-02	3.432810157585063169e-03
8.420630000000000000e+12	1.012000000000000028e+02	1.011999999999999983e-01	8.521677560000000000e+09	4.924935992014010250e-02	1.016662222484678024e-01	3.313054848712430802e-03
8.420630000000000000e+12	1.055999999999999943e+02	1.055999999999999994e-01	8.892185280000000000e+09	5.892875978306706675e-02	1.001365895483531665e-01	2.524780126334073317e-03
8.420630000000000000e+12	1.022000000000000028e+02	1.021999999999999992e-01	8.605883860000000000e+09	5.268985677293119840e-02	9.943205117448535024e-02	3.179240241286711375e-03
8.420630000000000000e+12	1.067999999999999972e+02	1.067999999999999783e-01	8.993232840000000000e+09	5.664832996835392903e-02	1.059862171758540750e-01	2.457056749693046355e-03
8.420630000000000000e+12	1.032000000000000028e+02	1.032000000000000001e-01	8.690090160000000000e+09	4.098870981886121312e-02	9.549641308443840293e-02	2.477751843967737101e-03
8.429120000000000000e+12	6.210000000000000000e+02	6.209999999999999964e-01	5.234483520000000000e+10	4.315405329016357427e-01	9.957820119223491362e-02	2.759993689407314738e-03
8.429120000000000000e+12	6.186000000000000227e+02	6.186000000000000387e-01	5.214253632000000000e+10	4.567801289127600972e-01	9.908350011816771663e-02	3.201202025094966683e-03
8.429120000000000000e+12	6.207999999999999545e+02	6.208000000000001295e-01	5.232797696000000000e+10	5.223034803078917543e-01	1.022724815815713451e-01	2.577184297989262331e-03
8.429120000000000000e+12	6.186000000000000227e+02	6.186000000000000387e-01	5.214253632000000000e+10	5.023051185844451538e-01	9.673213840206454361e-02	2.651362474759749732e-03
8.429120000000000000e+12	6.313999999999999773e+02	6.313999999999999613e-01	5.322146368000000000e+10	5.757599371775541375e-01	1.024947206926373894e-01	2.905293246880237372e-03
8.429120000000000000e+12	4.790000000000000000e+02	4.789999999999999813e-01	4.037548480000000000e+10	2.977384853359580918e-01	8.954877343515954546e-02	2.886888076657928483e-03
8.429120000000000000e+12	4.903999999999999773e+02	4.904000000000000026e-01	4.133640448000000000e+10	3.054718077453799085e-01	9.039061246511725933e-02	2.728191484206803595e-03
8.429120000000000000e+12	4.703999999999999773e+02	4.703999999999999848e-01	3.965058048000000000e+10	3.413697342156410963e-01	1.039655915286990390e-01	2.838453401373646455e-03
8.429120000000000000e+12	4.830000000000000000e+02	4.829999999999999849e-01	4.071264960000000000e+10	2.982165074228760315e-01	9.391591048972516842e-02	2.732178622683246582e-03
8.429120000000000000e+12	4.571999999999999886e+02	4.571999999999999953e-01	3.853793664000000000e+10	3.045756380652164808e-01	9.365392715932815970e-02	3.277770940883955979e-03
8.429120000000000000e+12	3.760000000000000000e+02	3.760000000000000009e-01	3.169349120000000000e+10	2.072285821474906808e-01	9.772094600844516421e-02	2.673002895262375795e-03
8.429120000000000000e+12	3.780000000000000000e+02	3.780000000000000027e-01	3.186207360000000000e+10	2.157331763778529421e-01	1.056766727217954560e-01	2.743640312726455290e-03
8.429120000000000000e+12	3.650000000000000000e+02	3.649999999999999911e-01	3.076628800000000000e+10	2.388457647109135107e-01	9.753114512541413705e-02	2.693732850090672232e-03
8.429120000000000000e+12	3.820000000000000000e+02	3.820000000000000062e-01	3.219923840000000000e+10	2.259386846624693024e-01	1.048111280535664463e-01	3.115229113900027606e-03
8.429120000000000000e+12	3.728000000000000114e+02	3.728000000000000203e-01	3.142375936000000000e+10	2.193589391602472349e-01	8.164730593602927133e-02	2.256515302631775712e-03
8.429120000000000000e+12	2.926000000000000227e+02	2.925999999999999712e-01	2.466360512000000000e+10	1.718238387459677941e-01	9.166651500406117203e-02	2.447355030938456241e-03
8.429120000000000000e+12	2.990000000000000000e+02	2.990000000000000435e-01	2.520306880000000000e+10	1.760513114588320716e-01	1.091847364018080357e-01	2.799367576532685829e-03
8.429120000000000000e+12	2.841999999999999886e+02	2.842000000000000082e-01	2.395555904000000000e+10	1.770430694772585356e-01	1.037203187523911135e-01	2.918573737650158231e-03
8.429120000000000000e+12	2.761999999999999886e+02	2.762000000000000011e-01	2.328122944000000000e+10	1.862510066754111959e-01	9.497874698069246058e-02	2.127130275040639215e-03
8.429120000000000000e+12	2.838000000000000114e+02	2.837999999999999967e-01	2.392184256000000000e+10	1.682667301091896606e-01	9.203400989665674881e-02	2.300560286594518188e-03
8.429120000000000000e+12	2.180000000000000000e+02	2.180000000000000271e-01	1.837548160000000000e+10	1.419828001470705148e-01	9.180038880805915791e-02	3.401134019093099599e-03
8.429120000000000000e+12	2.295999999999999943e+02	2.295999999999999708e-01	1.935325952000000000e+10	1.288547974184439115e-01	8.374460350988126300e-02	2.664788073040471206e-03
8.429120000000000000e+12	2.171999999999999886e+02	2.172000000000000042e-01	1.830804864000000000e+10	1.244003908317608820e-01	8.614453729154858408e-02	2.917261613229035246e-03
8.429120000000000000e+12	2.170000000000000000e+02	2.169999999999999984e-01	1.829119040000000000e+10	1.238763933681184398e-01	8.100805825430387741e-02	2.896842406106175331e-03
8.429120000000000000e+12	2.188000000000000114e+02	2.188000000000000222e-01	1.844291456000000000e+10	1.766201157357500107e-01	1.008352965313306093e-01	2.929489031205208954e-03
8.429120000000000000e+12	1.698000000000000114e+02	1.698000000000000065e-01	1.431264576000000000e+10	6.240093237447581764e-02	7.101251386706065871e-02	2.618514131089404260e-03
8.429120000000000000e+12	1.750000000000000000e+02	1.749999999999999611e-01	1.475096000000000000e+10	9.565040785519159094e-02	8.935627033311006884e-02	2.535621757097124198e-03
8.429120000000000000e+12	1.774000000000000057e+02	1.774000000000000299e-01	1.495325888000000000e+10	1.105255718866828829e-01	8.849323093275357488e-02	2.975814360133839220e-03
8.429120000000000000e+12	1.660000000000000000e+02	1.660000000000000087e-01	1.399233920000000000e+10	5.716843397149205114e-02	9.238837855597897830e-02	2.718632540514235706e-03
8.429120000000000000e+12	1.871999999999999886e+02	1.872000000000000330e-01	1.577931264000000000e+10	9.147910758902071116e-02	9.442409103529444958e-02	2.343054800816225629e-03
8.429120000000000000e+12	1.380000000000000000e+02	1.380000000000000115e-01	1.163218560000000000e+10	1.025490244588581901e-01	9.562404208072097789e-02	2.483415970146431173e-03
8.429120000000000000e+12	1.364000000000000057e+02	1.364000000000000212e-01	1.149731968000000000e+10	8.568124881658149838e-02	9.347255322530365063e-02	1.946231756392319528e-03
8.429120000000000000e+12	1.305999999999999943e+02	1.305999999999999939e-01	1.100843072000000000e+10	8.455790431062268353e-02	8.348656159836306823e-02	3.188607003637059824e-03
8.429120000000000000e+12	1.411999999999999886e+02	1.412000000000000199e-01	1.190191744000000000e+10	8.311102240213585901e-02	8.718450399151257690e-02	2.631640383485879964e-03
8.429120000000000000e+12	1.245999999999999943e+02	1.246000000000000024e-01	1.050268352000000000e+10	7.111977924632810477e-02	9.943707307838557663e-02	3.060325775888478057e-03
8.429120000000000000e+12	1.060000000000000000e+02	1.059999999999999831e-01	8.934867200000000000e+09	7.558890813502507078e-02	8.714891770149421624e-02	2.901740474148661181e-03
8.429120000000000000e+12	1.080000000000000000e+02	1.080000000000000127e-01	9.103449600000000000e+09	8.117024915808333796e-02	9.394668309955862828e-02	2.154932381919854277e-03
8.429120000000000000e+12	9.879999999999999716e+01	9.879999999999999893e-02	8.327970560000000000e+09	8.494583557319530798e-02	1.182049749286418761e-01	2.779128865078331519e-03
8.429120000000000000e+12	1.050000000000000000e+02	1.050000000000000100e-01	8.850576000000000000e+09	8.328152479521802598e-02	1.139402193072166503e-01	2.899874713821599254e-03
8.429120000000000000e+12	1.012000000000000028e+02	1.011999999999999983e-01	8.530269440000000000e+09	9.076180888459678409e-02	1.184329650839118786e-01	2.988201819014118035e-03
8.429120000000000000e+12	8.200000000000000000e+01	8.200000000000000344e-02	6.911878400000000000e+09	8.682386824714682927e-02	1.254373584527222474e-01	3.251817058163348432e-03
8.429120000000000000e+12	8.500000000000000000e+01	8.499999999999999223e-02	7.164752000000000000e+09	8.707808495485098998e-02	1.311869565586176456e-01	3.106277902888859768e-03
8.429120000000000000e+12	8.679999999999999716e+01	8.680000000000000215e-02	7.316476160000000000e+09	8.821801550500503464e-02	1.164465786756309768e-01	3.312403276969874775e-03
8.429120000000000000e+12	8.620000000000000284e+01	8.619999999999999885e-02	7.265901440000000000e+09	8.065534903467393157e-02	1.120650323670371595e-01	3.278482839374942913e-03
8.429120000000000000e+12	8.220000000000000284e+01	8.219999999999999529e-02	6.928736640000000000e+09	9.040819787055880130e-02	1.279192615856510895e-01	3.028195716331759987e-03
8.429120000000000000e+12	8.079999999999999716e+01	8.080000000000001070e-02	6.810728960000000000e+09	8.685955298662437207e-02	1.213656200597313245e-01	2.974034623069064191e-03
8.429120000000000000e+12	8.620000000000000284e+01	8.619999999999999885e-02	7.265901440000000000e+09	7.728626063533927670e-02	1.122172740169422173e-01	3.026829462090370286e-03
8.429120000000000000e+12	9.279999999999999716e+01	9.279999999999999361e-02	7.822223360000000000e+09	8.828079640359080826e-02	1.144625236227076598e-01	3.181707912341630393e-03
8.429120000000000000e+12	8.120000000000000284e+01	8.119999999999999440e-02	6.844445440000000000e+09	8.388414103957642087e-02	1.203394462966356493e-01	3.188953510614760123e-03
8.429120000000000000e+12	8.559999999999999432e+01	8.559999999999999554e-02	7.215326720000000000e+09	8.569530954135018419e-02	1.298125395136496829e-01	3.076985750537970278e-03
8.341990000000000000e+12	4.290000000000000000e+02	4.289999999999999925e-01	3.578713710000000000e+10	5.108075554681817954e-01	9.608183822278122677e-02	2.798216200132514798e-03
8.341990000000000000e+12	4.338000000000000114e+02	4.338000000000000189e-01	3.618755262000000000e+10	5.727779211968482276e-01	1.011123556946423169e-01	2.840039914043074234e-03
8.341990000000000000e+12	4.338000000000000114e+02	4.338000000000000189e-01	3.618755262000000000e+10	5.984878154408761475e-01	9.833253152833532074e-02	2.615995259235948979e-03
8.341990000000000000e+12	4.281999999999999886e+02	4.282000000000000250e-01	3.572040118000000000e+10	6.413600252247306788e-01	9.758607745249568699e-02	2.604089793446285640e-03
8.341990000000000000e+12	4.393999999999999773e+02	4.394000000000000128e-01	3.665470406000000000e+10	5.646982074186780443e-01	8.402874068186982903e-02	2.772854362890808059e-03
8.341990000000000000e+12	3.238000000000000114e+02	3.237999999999999767e-01	2.701136362000000000e+10	3.738870574052270968e-01	8.491716585700219422e-02	2.184976295238908774e-03
8.341990000000000000e+12	3.308000000000000114e+02	3.307999999999999829e-01	2.759530292000000000e+10	3.992781181575082994e-01	9.287816177219618274e-02	2.634640265130001446e-03
8.341990000000000000e+12	3.368000000000000114e+02	3.367999999999999883e-01	2.809582232000000000e+10	3.863641816608833213e-01	1.112284484674753438e-01	2.740780863881216080e-03
8.341990000000000000e+12	3.118000000000000114e+02	3.117999999999999661e-01	2.601032482000000000e+10	4.358995659918946108e-01	1.068671709089310529e-01	2.529852391701995461e-03
8.341990000000000000e+12	3.143999999999999773e+02	3.144000000000000128e-01	2.622721656000000000e+10	3.652236779019403801e-01	1.093977589806221784e-01	2.671228381245028486e-03
8.341990000000000000e+12	2.586000000000000227e+02	2.585999999999999965e-01	2.157238614000000000e+10	2.569732403519083275e-01	9.634754531231518038e-02	2.287979784008178138e-03
8.341990000000000000e+12	2.288000000000000114e+02	2.287999999999999756e-01	1.908647312000000000e+10	3.077694594492640934e-01	8.972265327237377575e-02	2.195302146112201001e-03
8.341990000000000000e+12	2.580000000000000000e+02	2.579999999999999516e-01	2.152233420000000000e+10	2.637617112751285964e-01	1.049985961416980834e-01	2.664885766595328099e-03
8.341990000000000000e+12	2.521999999999999886e+02	2.522000000000000353e-01	2.103849878000000000e+10	3.506085525920752954e-01	1.013611451799702745e-01	3.006556540379539365e-03
8.341990000000000000e+12	2.518000000000000114e+02	2.517999999999999683e-01	2.100513082000000000e+10	2.859591757790440059e-01	9.944426794095102828e-02	2.357996413888327480e-03
8.341990000000000000e+12	1.908000000000000114e+02	1.907999999999999974e-01	1.591651692000000000e+10	2.258839076222102504e-01	1.013905273179132871e-01	3.009203887201199017e-03
8.341990000000000000e+12	1.874000000000000057e+02	1.874000000000000110e-01	1.563288926000000000e+10	2.524566918651544034e-01	1.058543665051852878e-01	2.409297412052705673e-03
8.341990000000000000e+12	1.931999999999999886e+02	1.931999999999999829e-01	1.611672468000000000e+10	2.194030379016112531e-01	1.122259631103779132e-01	2.665893399082316147e-03
8.341990000000000000e+12	1.848000000000000114e+02	1.848000000000000198e-01	1.541599752000000000e+10	2.328504150626940772e-01	1.109134183630936105e-01	2.857349413703038320e-03
8.341990000000000000e+12	1.878000000000000114e+02	1.877999999999999947e-01	1.566625722000000000e+10	1.720590668374825383e-01	9.523330414355367368e-02	2.196946687376355022e-03
8.341990000000000000e+12	1.421999999999999886e+02	1.422000000000000208e-01	1.186230978000000000e+10	1.509143270741333254e-01	9.035314424051521520e-02	2.622575432806942448e-03
8.341990000000000000e+12	1.405999999999999943e+02	1.406000000000000028e-01	1.172883794000000000e+10	1.446457299591202283e-01	8.721572494142293408e-02	2.750632854588731194e-03
8.341990000000000000e+12	1.424000000000000057e+02	1.424000000000000266e-01	1.187899376000000000e+10	1.577438668308786818e-01	1.137604878933347052e-01	2.324474132464371488e-03
8.341990000000000000e+12	1.390000000000000000e+02	1.390000000000000124e-01	1.159536610000000000e+10	1.370455148206929097e-01	8.585483562870982466e-02	2.195135477053146954e-03
8.341990000000000000e+12	1.584000000000000057e+02	1.583999999999999853e-01	1.321371216000000000e+10	1.633019222230359391e-01	8.294680482739093252e-02	2.403309427803790831e-03
8.341990000000000000e+12	1.162000000000000028e+02	1.161999999999999977e-01	9.693392380000000000e+09	1.417135830858569645e-01	9.925871980477324330e-02	2.609439715174038336e-03
8.341990000000000000e+12	1.234000000000000057e+02	1.233999999999999958e-01	1.029401566000000000e+10	1.290961818063806332e-01	6.970029856245499311e-02	2.448503874603483264e-03
8.341990000000000000e+12	1.120000000000000000e+02	1.119999999999999885e-01	9.343028800000000000e+09	1.380359301175303754e-01	1.186697057905041069e-01	2.597730303871072753e-03
8.341990000000000000e+12	1.182000000000000028e+02	1.181999999999999995e-01	9.860232180000000000e+09	1.219835903574676139e-01	7.631579483344777537e-02	2.031711663574342023e-03
8.341990000000000000e+12	1.215999999999999943e+02	1.215999999999999998e-01	1.014385984000000000e+10	1.175184118947072420e-01	8.155948352866404516e-02	2.768396611267800490e-03
8.341990000000000000e+12	9.040000000000000568e+01	9.040000000000000813e-02	7.541158960000000000e+09	1.324327094201526445e-01	1.081213872400137860e-01	2.591888720883687471e-03
8.341990000000000000e+12	8.620000000000000284e+01	8.619999999999999885e-02	7.190795380000000000e+09	1.170017636278696954e-01	1.158939073543278353e-01	3.019891551087739486e-03
8.341990000000000000e+12	9.479999999999999716e+01	9.479999999999999538e-02	7.908206520000000000e+09	1.450964228427854830e-01	1.226072685595095135e-01	2.821731752018565974e-03
8.341990000000000000e+12	9.359999999999999432e+01	9.359999999999998876e-02	7.808102640000000000e+09	1.441237690329466581e-01	1.025804700796371094e-01	2.784232017139762032e-03
8.341990000000000000e+12	9.020000000000000284e+01	9.020000000000000240e-02	7.524474980000000000e+09	1.438353176923756749e-01	1.296511018167935680e-01	2.502448958303694210e-03
8.341990000000000000e+12	7.200000000000000000e+01	7.200000000000000844e-02	6.006232800000000000e+09	1.137250187923737610e-01	1.298047135846639166e-01	3.106489617157248088e-03
8.341990000000000000e+12	6.979999999999999716e+01	6.980000000000000093e-02	5.822709020000000000e+09	1.226105460788340373e-01	1.211666200983225056e-01	2.899786768978010291e-03
8.341990000000000000e+12	6.959999999999999432e+01	6.959999999999999520e-02	5.806025040000000000e+09	1.350846350572985077e-01	1.315667432777445911e-01	3.103956150170663827e-03
8.341990000000000000e+12	6.379999999999999716e+01	6.379999999999999560e-02	5.322189620000000000e+09	1.294733588915711608e-01	1.312699207455060579e-01	2.939742679534348892e-03
8.341990000000000000e+12	6.859999999999999432e+01	6.860000000000000819e-02	5.722605140000000000e+09	1.395345620149854304e-01	1.251549551194082455e-01	3.069345906518885798e-03
8.341990000000000000e+12	5.960000000000000142e+01	5.960000000000000020e-02	4.971826040000000000e+09	1.157255335558184106e-01	1.172287976881657701e-01	2.914471463449689291e-03
8.341990000000000000e+12	6.139999999999999858e+01	6.139999999999999625e-02	5.121981860000000000e+09	1.121411751416055147e-01	1.278743572428365227e-01	2.822159124708530694e-03
8.341990000000000000e+12	6.139999999999999858e+01	6.139999999999999625e-02	5.121981860000000000e+09	1.222471172048182619e-01	1.188744994622916024e-01	3.141749981858516470e-03
8.341990000000000000e+12	4.820000000000000284e+01	4.819999999999999979e-02	4.020839180000000000e+09	1.254661522523051187e-01	1.371232609843404671e-01	3.094495561720330030e-03
8.341990000000000000e+12	5.939999999999999858e+01	5.939999999999999447e-02	4.955142060000000000e+09	1.204416643201790399e-01	1.200975398036766284e-01	3.258999498553911967e-03
8.341990000000000000e+12	5.039999999999999858e+01	5.040000000000000036e-02	4.204362960000000000e+09	1.154521340198715745e-01	1.142103396594900400e-01	3.130559711923211995e-03
8.341990000000000000e+12	5.039999999999999858e+01	5.040000000000000036e-02	4.204362960000000000e+09	1.067774120376352026e-01	1.264276407915082001e-01	2.860797551554908943e-03
8.341990000000000000e+12	5.979999999999999716e+01	5.979999999999999899e-02	4.988510020000000000e+09	1.106943257581799456e-01	1.217551741409740734e-01	2.775591021416381685e-03
8.341990000000000000e+12	5.600000000000000000e+01	5.600000000000000810e-02	4.671514400000000000e+09	1.206039511511681345e-01	1.195322847202787975e-01	3.014187130116000209e-03
8.341990000000000000e+12	5.479999999999999716e+01	5.480000000000000149e-02	4.571410520000000000e+09	1.122623485166202306e-01	1.150664343052679311e-01	3.034971733205657669e-03
8.191780000000000000e+12	1.905999999999999943e+02	1.905999999999999917e-01	1.561353268000000000e+10	6.895761125473655051e-01	6.920866041037587735e-02	2.353856263455471071e-03
8.191780000000000000e+12	1.881999999999999886e+02	1.882000000000000062e-01	1.541692996000000000e+10	6.730611398364090281e-01	9.238502336221279809e-02	2.789377202189458754e-03
8.191780000000000000e+12	1.924000000000000057e+02	1.923999999999999877e-01	1.576098472000000000e+10	6.803785419067025497e-01	9.090781328398053751e-02	2.620590784818702546e-03
8.191780000000000000e+12	1.754000000000000057e+02	1.754000000000000004e-01	1.436838212000000000e+10	7.575498455264095821e-01	6.786206993237679785e-02	1.922082908792135600e-03
8.191780000000000000e+12	1.811999999999999886e+02	1.811999999999999722e-01	1.484350536000000000e+10	8.154116482935023225e-01	9.281236847548335334e-02	2.553467627872387565e-03
8.191780000000000000e+12	1.338000000000000114e+02	1.338000000000000023e-01	1.096060164000000000e+10	4.195049077549811156e-01	1.048103676520151656e-01	3.025559442926387989e-03
8.191780000000000000e+12	1.361999999999999886e+02	1.362000000000000155e-01	1.115720436000000000e+10	3.675061182032550167e-01	7.685441273179070831e-02	2.273549419870144438e-03
8.191780000000000000e+12	1.370000000000000000e+02	1.370000000000000107e-01	1.122273860000000000e+10	4.847013240572778381e-01	7.912399741827637334e-02	2.302245345245885338e-03
8.191780000000000000e+12	1.415999999999999943e+02	1.416000000000000036e-01	1.159956048000000000e+10	4.886081578431912820e-01	9.594364436094446336e-02	2.110589652287630548e-03
8.191780000000000000e+12	1.455999999999999943e+02	1.456000000000000072e-01	1.192723168000000000e+10	5.404198688047472388e-01	1.063487702201237894e-01	2.865784153249953219e-03
8.191780000000000000e+12	1.075999999999999943e+02	1.076000000000000012e-01	8.814355280000000000e+09	3.671624309589923141e-01	8.801105480890362986e-02	2.849269399649877622e-03
8.191780000000000000e+12	1.120000000000000000e+02	1.119999999999999885e-01	9.174793600000000000e+09	3.277262563779004267e-01	9.064846224797876162e-02	2.116207548103653333e-03
8.191780000000000000e+12	1.057999999999999972e+02	1.058000000000000052e-01	8.666903240000000000e+09	4.470788254017591390e-01	1.057551509120501498e-01	2.815326852343789238e-03
8.191780000000000000e+12	1.085999999999999943e+02	1.085999999999999882e-01	8.896273080000000000e+09	3.346692795690657252e-01	1.209015015502819396e-01	2.491450436949373039e-03
8.191780000000000000e+12	1.100000000000000000e+02	1.099999999999999867e-01	9.010958000000000000e+09	2.995853775396438157e-01	1.055993959306431584e-01	2.732139589318734619e-03
8.191780000000000000e+12	8.440000000000000568e+01	8.440000000000000280e-02	6.913862320000000000e+09	3.039708275422061678e-01	1.083358702253602174e-01	2.777248267238598394e-03
8.191780000000000000e+12	8.640000000000000568e+01	8.640000000000000457e-02	7.077697920000000000e+09	3.314604787192768631e-01	1.096575348256544347e-01	2.872394505431186389e-03
8.191780000000000000e+12	7.740000000000000568e+01	7.739999999999999658e-02	6.340437720000000000e+09	3.413630067560080583e-01	1.234746846003637877e-01	3.137684148541102554e-03
8.191780000000000000e+12	8.320000000000000284e+01	8.319999999999999618e-02	6.815560960000000000e+09	3.699263468499579544e-01	1.347547643626124114e-01	3.010088884458890415e-03
8.191780000000000000e+12	8.120000000000000284e+01	8.119999999999999440e-02	6.651725360000000000e+09	3.565898645702384462e-01	1.295738108573392666e-01	3.082112008743055024e-03
8.191780000000000000e+12	6.459999999999999432e+01	6.460000000000000464e-02	5.291889880000000000e+09	2.553087887461387151e-01	1.250458130447928973e-01	3.113411719782866079e-03
8.191780000000000000e+12	6.420000000000000284e+01	6.420000000000000706e-02	5.259122760000000000e+09	2.453765647550846529e-01	1.299427204251265011e-01	3.244969640137219166e-03
8.191780000000000000e+12	6.459999999999999432e+01	6.460000000000000464e-02	5.291889880000000000e+09	2.543853869103022136e-01	1.218215291983194837e-01	3.099020058754977953e-03
8.191780000000000000e+12	6.179999999999999716e+01	6.180000000000000077e-02	5.062520040000000000e+09	2.746486548714681675e-01	1.357858836065792274e-01	2.942011886919870464e-03
8.191780000000000000e+12	5.920000000000000284e+01	5.919999999999999568e-02	4.849533760000000000e+09	2.832398261403410999e-01	1.325541452651805563e-01	3.160472499863164857e-03
8.191780000000000000e+12	4.720000000000000284e+01	4.720000000000000584e-02	3.866520160000000000e+09	1.987127777351615221e-01	1.231679661661993636e-01	3.103134982400767086e-03
8.191780000000000000e+12	5.060000000000000142e+01	5.059999999999999915e-02	4.145040680000000000e+09	2.090398683072930142e-01	1.163431279802071144e-01	3.245126596980630381e-03
8.191780000000000000e+12	5.139999999999999858e+01	5.140000000000000124e-02	4.210574920000000000e+09	2.135094247914791077e-01	1.160670526722286516e-01	3.067291070353542204e-03
8.191780000000000000e+12	4.760000000000000142e+01	4.760000000000000342e-02	3.899287280000000000e+09	2.236857600598312623e-01	1.268472228284131809e-01	2.881590231990784068e-03
8.191780000000000000e+12	4.779999999999999716e+01	4.779999999999999527e-02	3.915670840000000000e+09	2.292337227427532764e-01	1.252334683870032772e-01	3.103024636001730681e-03
8.191780000000000000e+12	4.179999999999999716e+01	4.179999999999998994e-02	3.424164040000000000e+09	1.552254704690974318e-01	1.256936451224714424e-01	2.954456629159353358e-03
8.191780000000000000e+12	3.700000000000000000e+01	3.699999999999999817e-02	3.030958600000000000e+09	1.626856233538033769e-01	1.295670898682451111e-01	2.955739870930609945e-03
8.191780000000000000e+12	4.060000000000000142e+01	4.060000000000000414e-02	3.325862680000000000e+09	1.731006593738601274e-01	1.206986272232545010e-01	3.019824846111164151e-03
8.191780000000000000e+12	3.520000000000000284e+01	3.520000000000000212e-02	2.883506560000000000e+09	1.810741898995868737e-01	1.221503489843954460e-01	2.934587727900425051e-03
8.191780000000000000e+12	3.960000000000000142e+01	3.960000000000000325e-02	3.243944880000000000e+09	1.747933401825728095e-01	1.237154721844414967e-01	2.843663851636253452e-03
8.191780000000000000e+12	3.039999999999999858e+01	3.039999999999999994e-02	2.490301120000000000e+09	1.639875310057476998e-01	1.237785835346133789e-01	3.101853752701568510e-03
8.191780000000000000e+12	3.180000000000000071e+01	3.180000000000000188e-02	2.604986040000000000e+09	1.507813536222655793e-01	1.308604879576681090e-01	2.686520356753026393e-03
8.191780000000000000e+12	3.039999999999999858e+01	3.040000000000000341e-02	2.490301120000000000e+09	1.573216150197770391e-01	1.191048189376789218e-01	2.694786669679371648e-03
8.191780000000000000e+12	3.039999999999999858e+01	3.039999999999999994e-02	2.490301120000000000e+09	1.699219482276509430e-01	1.292919674704322008e-01	2.857883692352508956e-03
8.191780000000000000e+12	3.360000000000000142e+01	3.360000000000000486e-02	2.752438080000000000e+09	1.517190621203753920e-01	1.242004796616221068e-01	2.786369591751774229e-03
8.191780000000000000e+12	2.439999999999999858e+01	2.439999999999999808e-02	1.998794320000000000e+09	1.275190456856248045e-01	1.191756744711589266e-01	2.889109521739683523e-03
8.191780000000000000e+12	2.439999999999999858e+01	2.440000000000000155e-02	1.998794320000000000e+09	1.329543110967766339e-01	1.204042265158051794e-01	2.936369871355317632e-03
8.191780000000000000e+12	2.480000000000000071e+01	2.480000000000000260e-02	2.031561440000000000e+09	1.548539266142938131e-01	1.422064837867666465e-01	2.665127442514343518e-03
8.191780000000000000e+12	2.439999999999999858e+01	2.439999999999999808e-02	1.998794320000000000e+09	1.453042127469262312e-01	1.194363974508535209e-01	2.908649419546370431e-03
8.191780000000000000e+12	2.619999999999999929e+01	2.620000000000000107e-02	2.146246360000000000e+09	1.549563226585473075e-01	1.208367589407964848e-01	2.920340767898318285e-03
8.191780000000000000e+12	2.200000000000000000e+01	2.199999999999999872e-02	1.802191600000000000e+09	1.274769246710285575e-01	1.101113349305714584e-01	2.943177349818910764e-03
8.191780000000000000e+12	2.539999999999999858e+01	2.539999999999999897e-02	2.080712120000000000e+09	1.410679150493420186e-01	1.282790039060791032e-01	3.072668224255710543e-03
8.191780000000000000e+12	2.160000000000000142e+01	2.160000000000000114e-02	1.769424480000000000e+09	1.472274271868899975e-01	1.283031479955658027e-01	2.730349782161645318e-03
8.191780000000000000e+12	2.380000000000000071e+01	2.380000000000000171e-02	1.949643640000000000e+09	1.592747805716288600e-01	1.382356488847482079e-01	3.141756621298980902e-03
8.191780000000000000e+12	2.160000000000000142e+01	2.160000000000000114e-02	1.769424480000000000e+09	1.396787063535248063e-01	1.244489399664467921e-01	2.977328861679823420e-03
7.998990000000000000e+12	4.960000000000000142e+01	4.959999999999999826e-02	3.967499040000000000e+09	1.396028134665999954e+00	1.250446662644463247e-01	2.776009879674233485e-03
7.998990000000000000e+12	4.979999999999999716e+01	4.979999999999999705e-02	3.983497020000000000e+09	1.349680054117375461e+00	1.176184846328587746e-01	3.096129489825800562e-03
7.998990000000000000e+12	5.120000000000000284e+01	5.120000000000000245e-02	4.095482880000000000e+09	1.420468791226875638e+00	1.192204869847564436e-01	3.084470928953547079e-03
7.998990000000000000e+12	4.700000000000000000e+01	4.700000000000000011e-02	3.759525300000000000e+09	1.366234395729005513e+00	1.238525561278815135e-01	2.998780409840153070e-03
7.998990000000000000e+12	5.039999999999999858e+01	5.040000000000000036e-02	4.031490960000000000e+09	1.309293868615919010e+00	1.263284895291510446e-01	2.997794547119010059e-03
7.998990000000000000e+12	4.260000000000000142e+01	4.259999999999999898e-02	3.407569740000000000e+09	7.632750842681653713e-01	1.290392238163111660e-01	3.109857952887655659e-03
7.998990000000000000e+12	3.560000000000000142e+01	3.559999999999999970e-02	2.847640440000000000e+09	8.671603835077078548e-01	1.317620853618872434e-01	3.222378467142582130e-03
7.998990000000000000e+12	4.320000000000000284e+01	4.320000000000000229e-02	3.455563680000000000e+09	8.883302987494096081e-01	1.247999152098833581e-01	3.118392338217687576e-03
7.998990000000000000e+12	4.120000000000000284e+01	4.120000000000000051e-02	3.295583880000000000e+09	8.923024616971917400e-01	1.341854735371067753e-01	3.092775672278418563e-03
7.998990000000000000e+12	3.220000000000000284e+01	3.219999999999999946e-02	2.575674780000000000e+09	7.881656969916002176e-01	1.228032181957871005e-01	2.859286487203550019e-03
7.998990000000000000e+12	3.180000000000000071e+01	3.180000000000000188e-02	2.543678820000000000e+09	5.373964528209391744e-01	1.271928281630227420e-01	2.852897165619329520e-03
7.998990000000000000e+12	3.039999999999999858e+01	3.039999999999999994e-02	2.431692960000000000e+09	5.401019096727861513e-01	1.216488225474595675e-01	3.005117136951030235e-03
7.998990000000000000e+12	2.700000000000000000e+01	2.700000000000000316e-02	2.159727300000000000e+09	6.164398975080556120e-01	1.194858152130227891e-01	3.089021242912777521e-03
7.998990000000000000e+12	2.600000000000000000e+01	2.600000000000000228e-02	2.079737400000000000e+09	5.274030247735274068e-01	1.226443536826958419e-01	3.196488657799191786e-03
7.998990000000000000e+12	3.019999999999999929e+01	3.019999999999999768e-02	2.415694980000000000e+09	5.709382845964570130e-01	1.244925444128198722e-01	3.276013509414035189e-03
7.998990000000000000e+12	2.360000000000000142e+01	2.360000000000000292e-02	1.887761640000000000e+09	3.523976830449510045e-01	1.279485803987047976e-01	3.041120077426952024e-03
7.998990000000000000e+12	2.239999999999999858e+01	2.239999999999999630e-02	1.791773760000000000e+09	3.886718355093038424e-01	1.324512365527034941e-01	3.163080395151304011e-03
7.998990000000000000e+12	2.139999999999999858e+01	2.139999999999999888e-02	1.711783860000000000e+09	4.347181070382147849e-01	1.322136340710458047e-01	2.822706998685905154e-03
7.998990000000000000e+12	2.000000000000000000e+01	2.000000000000000042e-02	1.599798000000000000e+09	3.944806922899968260e-01	1.162647681105813541e-01	2.825196137565668796e-03
7.998990000000000000e+12	2.519999999999999929e+01	2.520000000000000018e-02	2.015745480000000000e+09	4.281888031470884037e-01	1.216671302986841036e-01	3.131889843112400755e-03
7.998990000000000000e+12	1.800000000000000000e+01	1.800000000000000211e-02	1.439818200000000000e+09	2.570514387762642405e-01	1.189687176562529425e-01	2.958790277660052273e-03
7.998990000000000000e+12	1.680000000000000071e+01	1.680000000000000243e-02	1.343830320000000000e+09	3.199816408117067690e-01	1.393741921978270681e-01	2.918002424827956937e-03
7.998990000000000000e+12	1.880000000000000071e+01	1.880000000000000074e-02	1.503810120000000000e+09	2.797229463792345050e-01	1.407395261660718266e-01	3.044035858136695007e-03
7.998990000000000000e+12	2.000000000000000000e+01	1.999999999999999695e-02	1.599798000000000000e+09	2.731741993432707516e-01	1.191497958748488212e-01	2.971439285914712243e-03
7.998990000000000000e+12	1.619999999999999929e+01	1.619999999999999912e-02	1.295836380000000000e+09	2.538264414942535407e-01	1.525932348537458738e-01	2.816350111735336278e-03
7.998990000000000000e+12	1.440000000000000036e+01	1.440000000000000134e-02	1.151854560000000000e+09	2.546350112556971523e-01	1.245305019605895264e-01	3.050080270985724897e-03
7.998990000000000000e+12	1.219999999999999929e+01	1.220000000000000077e-02	9.758767800000000000e+08	2.509088110642467839e-01	1.313690918885532244e-01	2.661522929323265844e-03
7.998990000000000000e+12	1.459999999999999964e+01	1.460000000000000187e-02	1.167852540000000000e+09	2.461183339725051267e-01	1.092392565919944880e-01	3.136077892835566899e-03
7.998990000000000000e+12	1.219999999999999929e+01	1.219999999999999904e-02	9.758767800000000000e+08	2.158324248845551740e-01	1.162320945606720723e-01	2.772607802622171699e-03
7.998990000000000000e+12	1.419999999999999929e+01	1.420000000000000082e-02	1.135856580000000000e+09	2.177279635855403350e-01	1.304916662022434504e-01	3.010882697462400649e-03
7.998990000000000000e+12	1.000000000000000000e+01	1.000000000000000021e-02	7.998990000000000000e+08	1.704008684307296018e-01	1.244462108824639091e-01	3.197450241904042922e-03
7.998990000000000000e+12	1.140000000000000036e+01	1.139999999999999868e-02	9.118848600000000000e+08	2.267453268241840791e-01	1.112043829967707120e-01	2.656866558323215700e-03
7.998990000000000000e+12	1.000000000000000000e+01	9.999999999999998473e-03	7.998990000000000000e+08	2.086399497429062555e-01	1.386398906990304880e-01	2.540031482316256698e-03
7.998990000000000000e+12	1.000000000000000000e+01	1.000000000000000021e-02	7.998990000000000000e+08	1.848674935181215950e-01	1.586433049084498004e-01	2.694698790334219222e-03
7.998990000000000000e+12	9.000000000000000000e+00	8.999999999999999320e-03	7.199091000000000000e+08	1.969480549223368571e-01	9.605230027274631877e-02	2.977956709607988174e-03
7.998990000000000000e+12	6.799999999999999822e+00	6.800000000000000488e-03	5.439313200000000000e+08	1.816114494110327160e-01	1.046820428341344728e-01	2.665133023319994458e-03
7.998990000000000000e+12	7.599999999999999645e+00	7.599999999999999985e-03	6.079232400000000000e+08	1.508325451802116357e-01	1.057385399260752645e-01	2.343646711885444267e-03
7.998990000000000000e+12	1.019999999999999929e+01	1.020000000000000073e-02	8.158969800000000000e+08	1.958447418486616576e-01	1.195202625434406557e-01	2.680001555066692260e-03
7.998990000000000000e+12	1.000000000000000000e+01	1.000000000000000021e-02	7.998990000000000000e+08	1.561762648195423320e-01	1.156657219191348229e-01	2.790818787046634060e-03
7.998990000000000000e+12	1.040000000000000036e+01	1.040000000000000126e-02	8.318949600000000000e+08	1.928112653455009429e-01	1.089372771244611349e-01	2.837209836364149203e-03
7.998990000000000000e+12	7.400000000000000355e+00	7.400000000000001195e-03	5.919252600000000000e+08	1.388289988232149774e-01	1.472717551601567809e-01	2.936175686661027153e-03
7.998990000000000000e+12	6.799999999999999822e+00	6.800000000000000488e-03	5.439313200000000000e+08	1.230945623268705769e-01	1.180136948965910398e-01	2.382946494065366246e-03
7.998990000000000000e+12	7.599999999999999645e+00	7.599999999999999985e-03	6.079232400000000000e+08	1.407595829862220704e-01	1.495177513541111058e-01	2.809220760794298079e-03
7.998990000000000000e+12	7.799999999999999822e+00	7.799999999999999642e-03	6.239212200000000000e+08	1.164296250904027774e-01	8.865309518571522218e-02	3.254000725327772618e-03
7.998990000000000000e+12	5.400000000000000355e+00	5.400000000000000286e-03	4.319454600000000000e+08	1.865683968256746095e-01	1.006137283596185705e-01	2.295428672612209384e-03
7.998990000000000000e+12	4.200000000000000178e+00	4.199999999999999740e-03	3.359575800000000000e+08	1.269769187636461960e-01	1.058337728625349666e-01	2.272751349255324686e-03
7.998990000000000000e+12	5.000000000000000000e+00	5.000000000000000104e-03	3.999495000000000000e+08	1.638332643579993309e-01	9.403692365627194794e-02	2.418211308622662554e-03
7.998990000000000000e+12	7.400000000000000355e+00	7.399999999999999460e-03	5.919252600000000000e+08	1.507007603475776780e-01	1.298623411798985605e-01	2.711879450520795955e-03
7.998990000000000000e+12	6.599999999999999645e+00	6.599999999999999964e-03	5.279333400000000000e+08	1.687905392378584168e-01	8.827938056158765590e-02	2.764404487968594604e-03
7.998990000000000000e+12	5.200000000000000178e+00	5.199999999999999761e-03	4.159474800000000000e+08	1.699204166092358192e-01	1.068867802934982680e-01	1.951366106203539187e-03
7.777310000000000000e+12	1.500000000000000000e+01	1.500000000000000291e-02	1.166596500000000000e+09	1.289476288880828880e+00	1.170515083663614953e-01	2.641698556389027782e-03
7.777310000000000000e+12	1.380000000000000071e+01	1.380000000000000150e-02	1.073268780000000000e+09	1.384681632069093338e+00	1.256221090754279512e-01	3.027762119282725005e-03
7.777310000000000000e+12	1.319999999999999929e+01	1.319999999999999993e-02	1.026604920000000000e+09	1.277585553156304288e+00	1.032724292013579986e-01	2.933437844926876405e-03
7.777310000000000000e+12	1.280000000000000071e+01	1.280000000000000061e-02	9.954956800000000000e+08	1.212033698346891342e+00	9.804455581250481888e-02	2.850635490098894428e-03
7.777310000000000000e+12	1.739999999999999858e+01	1.740000000000000227e-02	1.353251940000000000e+09	1.636966072093962721e+00	1.260570854415823672e-01	2.555565738658015056e-03
7.777310000000000000e+12	1.080000000000000071e+01	1.080000000000000057e-02	8.399494800000001192e+08	1.003732740518139543e+00	1.302137709467667825e-01	2.665903057994062960e-03
7.777310000000000000e+12	1.100000000000000000e+01	1.099999999999999936e-02	8.555041000000000000e+08	9.040234446827295489e-01	1.114694116567818832e-01	2.681819563021442619e-03
7.777310000000000000e+12	1.019999999999999929e+01	1.019999999999999900e-02	7.932856200000000000e+08	8.046907634538493781e-01	1.208574852786158671e-01	2.325308527114306953e-03
7.777310000000000000e+12	1.319999999999999929e+01	1.319999999999999993e-02	1.026604920000000000e+09	9.550391409570840873e-01	1.276840156469430665e-01	2.821363041120037406e-03
7.777310000000000000e+12	1.119999999999999929e+01	1.119999999999999989e-02	8.710587200000000000e+08	1.065539400649323509e+00	1.169557460313876973e-01	2.670701353803105887e-03
7.777310000000000000e+12	7.599999999999999645e+00	7.599999999999999985e-03	5.910755600000000000e+08	5.851850218194383224e-01	1.181273451944196695e-01	3.148964284629444336e-03
7.777310000000000000e+12	6.799999999999999822e+00	6.800000000000000488e-03	5.288570800000000000e+08	5.444507061504467726e-01	1.269319041889762634e-01	3.252403751011527337e-03
7.777310000000000000e+12	8.199999999999999289e+00	8.200000000000000691e-03	6.377394200000000000e+08	5.049930154734274534e-01	1.154643435457952949e-01	2.864829550634206794e-03
7.777310000000000000e+12	6.200000000000000178e+00	6.199999999999999782e-03	4.821932200000000000e+08	6.199323270907102224e-01	1.045586366455496519e-01	2.031453585623974999e-03
7.777310000000000000e+12	8.599999999999999645e+00	8.600000000000000006e-03	6.688486600000000000e+08	6.709301787916196469e-01	1.120676732283308608e-01	2.891979095229855502e-03
7.777310000000000000e+12	6.200000000000000178e+00	6.199999999999999782e-03	4.821932200000000000e+08	3.189178862791657854e-01	1.226225957170572478e-01	3.111480348770156654e-03
7.777310000000000000e+12	8.199999999999999289e+00	8.199999999999998956e-03	6.377394200000000000e+08	3.661920643278487320e-01	1.360218354063395807e-01	3.002726871400755206e-03
7.777310000000000000e+12	7.599999999999999645e+00	7.599999999999999985e-03	5.910755600000000000e+08	4.086331353751851969e-01	1.312234769796777889e-01	2.483616114525387126e-03
7.777310000000000000e+12	5.799999999999999822e+00	5.800000000000000468e-03	4.510839800000000000e+08	2.384623717325597136e-01	9.769176803010966303e-02	2.408394280030946681e-03
7.777310000000000000e+12	5.799999999999999822e+00	5.800000000000001335e-03	4.510839800000000000e+08	4.795021904247279698e-01	1.353295421472545945e-01	2.767123294594902964e-03
7.777310000000000000e+12	5.799999999999999822e+00	5.800000000000000468e-03	4.510839800000000000e+08	2.678836506017350794e-01	1.131206749738186412e-01	2.435606642211824401e-03
nan	nan	nan	nan	nan	nan	nan
7.777310000000000000e+12	6.599999999999999645e+00	6.599999999999999964e-03	5.133024600000000000e+08	2.492406304858123534e-01	8.046261520794624478e-02	2.250071572800263573e-03
7.777310000000000000e+12	5.000000000000000000e+00	5.000000000000000104e-03	3.888655000000000000e+08	3.731685659130762889e-01	1.524470633805721509e-01	2.147867010004303728e-03
nan	nan	nan	nan	nan	nan	nan
nan	nan	nan	nan	nan	nan	nan
7.777310000000000000e+12	5.200000000000000178e+00	5.200000000000000629e-03	4.044201200000000000e+08	1.929449254314105633e-01	1.324010285323404257e-01	2.072685133374968947e-03
7.777310000000000000e+12	4.599999999999999645e+00	4.599999999999999922e-03	3.577562600000000000e+08	2.349892949584940216e-01	9.262066683981330650e-02	2.489249621743247400e-03
7.777310000000000000e+12	4.599999999999999645e+00	4.599999999999999922e-03	3.577562600000000000e+08	2.776502243246163348e-01	9.821805059871271948e-02	2.271121324343339156e-03
7.777310000000000000e+12	3.399999999999999911e+00	3.400000000000000244e-03	2.644285400000000000e+08	2.538995273310872269e-01	1.012646526052151941e-01	2.454660508231996854e-03
nan	nan	nan	nan	nan	nan	nan
nan	nan	nan	nan	nan	nan	nan
nan	nan	nan	nan	nan	nan	nan
7.777310000000000000e+12	4.599999999999999645e+00	4.599999999999999922e-03	3.577562600000000000e+08	2.316918506296904157e-01	6.876146527938928332e-02	2.068885953223429785e-03
nan	nan	nan	nan	nan	nan	nan
nan	nan	nan	nan	nan	nan	nan
nan	nan	nan	nan	nan	nan	nan
nan	nan	nan	nan	nan	nan	nan
7.777310000000000000e+12	2.000000000000000000e+00	2.000000000000000042e-03	1.555462000000000000e+08	1.157503892148013802e-01	4.904210227416828938e-02	1.912395000525042577e-03
7.777310000000000000e+12	2.600000000000000089e+00	2.600000000000000314e-03	2.022100600000000000e+08	1.629434009787671112e-01	6.707352171474963154e-02	1.308952144704187814e-03
nan	nan	nan	nan	nan	nan	nan
7.777310000000000000e+12	1.199999999999999956e+00	1.200000000000000112e-03	9.332772000000000000e+07	6.463511193694351786e-02	1.491166929423096144e-02	1.007814929390193816e-03
7.777310000000000000e+12	2.600000000000000089e+00	2.600000000000000314e-03	2.022100600000000000e+08	1.055254375110796367e-01	6.318886399202663928e-02	1.555097518386147452e-03
nan	nan	nan	nan	nan	nan	nan
nan	nan	nan	nan	nan	nan	nan
nan	nan	nan	nan	nan	nan	nan
nan	nan	nan	nan	nan	nan	nan
nan	nan	nan	nan	nan	nan	nan
nan	nan	nan	nan	nan	nan	nan
nan	nan	nan	nan	nan	nan	nan
nan	nan	nan	nan	nan	nan	nan
nan	nan	nan	nan	nan	nan	nan
nan	nan	nan	nan	nan	nan	nan
nan	nan	nan	nan	nan	nan	nan
nan	nan	nan	nan	nan	nan	nan
nan	nan	nan	nan	nan	nan	nan
nan	nan	nan	nan	nan	nan	nan
nan	nan	nan	nan	nan	nan	nan
7.536350000000000000e+12	1.199999999999999956e+00	1.200000000000000112e-03	9.043620000000000000e+07	1.686299275465966141e-01	4.908415451029025933e-02	5.635751036700336822e-04
nan	nan	nan	nan	nan	nan	nan
nan	nan	nan	nan	nan	nan	nan
nan	nan	nan	nan	nan	nan	nan
nan	nan	nan	nan	nan	nan	nan
nan	nan	nan	nan	nan	nan	nan
nan	nan	nan	nan	nan	nan	nan
nan	nan	nan	nan	nan	nan	nan
nan	nan	nan	nan	nan	nan	nan
nan	nan	nan	nan	nan	nan	nan
nan	nan	nan	nan	nan	nan	nan
nan	nan	nan	nan	nan	nan	nan
nan	nan	nan	nan	nan	nan	nan
nan	nan	nan	nan	nan	nan	nan
nan	nan	nan	nan	nan	nan	nan
nan	nan	nan	nan	nan	nan	nan
nan	nan	nan	nan	nan	nan	nan
nan	nan	nan	nan	nan	nan	nan
nan	nan	nan	nan	nan	nan	nan
nan	nan	nan	nan	nan	nan	nan
7.536350000000000000e+12	0.000000000000000000e+00	0.000000000000000000e+00	0.000000000000000000e+00	0.000000000000000000e+00	0.000000000000000000e+00	0.000000000000000000e+00
7.536350000000000000e+12	0.000000000000000000e+00	0.000000000000000000e+00	0.000000000000000000e+00	0.000000000000000000e+00	0.000000000000000000e+00	0.000000000000000000e+00
nan	nan	nan	nan	nan	nan	nan
nan	nan	nan	nan	nan	nan	nan
7.536350000000000000e+12	0.000000000000000000e+00	0.000000000000000000e+00	0.000000000000000000e+00	0.000000000000000000e+00	0.000000000000000000e+00	0.000000000000000000e+00
nan	nan	nan	nan	nan	nan	nan
nan	nan	nan	nan	nan	nan	nan
7.536350000000000000e+12	0.000000000000000000e+00	0.000000000000000000e+00	0.000000000000000000e+00	0.000000000000000000e+00	0.000000000000000000e+00	0.000000000000000000e+00
nan	nan	nan	nan	nan	nan	nan
nan	nan	nan	nan	nan	nan	nan
7.536350000000000000e+12	0.000000000000000000e+00	0.000000000000000000e+00	0.000000000000000000e+00	0.000000000000000000e+00	0.000000000000000000e+00	0.000000000000000000e+00
nan	nan	nan	nan	nan	nan	nan
nan	nan	nan	nan	nan	nan	nan
nan	nan	nan	nan	nan	nan	nan
nan	nan	nan	nan	nan	nan	nan
nan	nan	nan	nan	nan	nan	nan
nan	nan	nan	nan	nan	nan	nan
7.536350000000000000e+12	4.000000000000000222e-01	4.000000000000000192e-04	3.014540000000000000e+07	7.375606982490208463e-02	9.970732890509531945e-03	4.263058155653522098e-04
7.536350000000000000e+12	0.000000000000000000e+00	0.000000000000000000e+00	0.000000000000000000e+00	0.000000000000000000e+00	0.000000000000000000e+00	0.000000000000000000e+00
nan	nan	nan	nan	nan	nan	nan
nan	nan	nan	nan	nan	nan	nan
nan	nan	nan	nan	nan	nan	nan
