# SourcePhotonFlux	NumberRaysSurvived	PercentageRaysSurvived	PhotonFlux	Bandwidth	HorizontalFocusFWHM	VerticalFocusFWHM
1.362500000000000000e+12	2.000000000000000000e+04	2.000000000000000000e+01	1.362500000000000000e+12	9.963254758768017028e-02	7.039053157585859269e-03	9.941708890427644867e-04
1.362500000000000000e+12	2.000000000000000000e+04	2.000000000000000000e+01	1.362500000000000000e+12	9.991642121068253224e-02	6.597040334214323946e-03	2.146593285186585744e-03
1.362500000000000000e+12	2.000000000000000000e+04	2.000000000000000000e+01	1.362500000000000000e+12	9.991303883274668673e-02	6.115651444360043279e-03	4.372960244818010871e-03
1.362500000000000000e+12	2.000000000000000000e+04	2.000000000000000000e+01	1.362500000000000000e+12	9.967273645829891060e-02	5.464926542457223396e-03	4.779148928783063036e-03
1.362500000000000000e+12	2.000000000000000000e+04	2.000000000000000000e+01	1.362500000000000000e+12	9.989304704482947217e-02	5.016315297481273479e-03	5.256952271375285590e-03
1.362500000000000000e+12	2.000000000000000000e+04	2.000000000000000000e+01	1.362500000000000000e+12	9.987737371980529022e-02	6.837200360289788330e-03	1.055512850634684639e-03
1.362500000000000000e+12	2.000000000000000000e+04	2.000000000000000000e+01	1.362500000000000000e+12	9.987508186133027543e-02	6.791215824263637131e-03	2.183387045529718191e-03
1.362500000000000000e+12	2.000000000000000000e+04	2.000000000000000000e+01	1.362500000000000000e+12	9.348962941178443065e-02	5.720771437226601641e-03	4.057262084486241635e-03
1.362500000000000000e+12	2.000000000000000000e+04	2.000000000000000000e+01	1.362500000000000000e+12	9.983300620085173993e-02	5.566889855567976921e-03	4.875842240492736859e-03
1.362500000000000000e+12	2.000000000000000000e+04	2.000000000000000000e+01	1.362500000000000000e+12	9.353400839180651960e-02	5.323596348350114263e-03	5.120986373240967761e-03
1.362500000000000000e+12	2.000000000000000000e+04	2.000000000000000000e+01	1.362500000000000000e+12	9.984773251164597019e-02	7.418512460489763878e-03	1.030297725966527241e-03
1.362500000000000000e+12	2.000000000000000000e+04	2.000000000000000000e+01	1.362500000000000000e+12	9.990564583936475951e-02	6.667720755460610979e-03	2.162506347555714047e-03
1.362500000000000000e+12	2.000000000000000000e+04	2.000000000000000000e+01	1.362500000000000000e+12	9.993122685786828829e-02	5.912728735625551700e-03	4.226225603293544582e-03
1.362500000000000000e+12	2.000000000000000000e+04	2.000000000000000000e+01	1.362500000000000000e+12	9.331995503329813813e-02	5.463211826699987048e-03	4.692498329504549322e-03
1.362500000000000000e+12	2.000000000000000000e+04	2.000000000000000000e+01	1.362500000000000000e+12	9.984365816143962735e-02	5.192089551319027316e-03	5.037935711388661850e-03
1.362500000000000000e+12	2.000000000000000000e+04	2.000000000000000000e+01	1.362500000000000000e+12	9.986330870801793380e-02	7.003956776438328979e-03	1.002870064289976011e-03
1.362500000000000000e+12	2.000000000000000000e+04	2.000000000000000000e+01	1.362500000000000000e+12	9.979740092064502688e-02	6.694525606938761184e-03	2.117582616985668516e-03
1.362500000000000000e+12	2.000000000000000000e+04	2.000000000000000000e+01	1.362500000000000000e+12	9.990022746241038198e-02	6.038145663881759433e-03	4.187590850599281697e-03
1.362500000000000000e+12	2.000000000000000000e+04	2.000000000000000000e+01	1.362500000000000000e+12	9.980399198109353442e-02	5.808527513302819481e-03	4.620855489233080364e-03
1.362500000000000000e+12	2.000000000000000000e+04	2.000000000000000000e+01	1.362500000000000000e+12	9.982088444296551011e-02	5.164637166020084533e-03	5.052383900007869147e-03
1.362500000000000000e+12	2.000000000000000000e+04	2.000000000000000000e+01	1.362500000000000000e+12	9.987587328650988916e-02	7.315075252113149677e-03	1.045116699361272683e-03
1.362500000000000000e+12	2.000000000000000000e+04	2.000000000000000000e+01	1.362500000000000000e+12	9.962058303176263285e-02	6.870974681700445404e-03	2.308987662309614462e-03
1.362500000000000000e+12	2.000000000000000000e+04	2.000000000000000000e+01	1.362500000000000000e+12	9.956402075368714355e-02	5.865506099932118501e-03	3.963888108262573866e-03
1.362500000000000000e+12	2.000000000000000000e+04	2.000000000000000000e+01	1.362500000000000000e+12	9.953813419385595940e-02	5.627488755455796812e-03	4.684847957395753618e-03
1.362500000000000000e+12	2.000000000000000000e+04	2.000000000000000000e+01	1.362500000000000000e+12	9.980557811369408783e-02	5.187015456524916510e-03	4.966530278833136518e-03
1.362500000000000000e+12	2.000000000000000000e+04	2.000000000000000000e+01	1.362500000000000000e+12	9.354173379073710271e-02	7.259353028144946082e-03	9.666839107696737366e-04
1.362500000000000000e+12	2.000000000000000000e+04	2.000000000000000000e+01	1.362500000000000000e+12	9.978615340060059680e-02	6.936192908321020707e-03	2.207866296514654578e-03
1.362500000000000000e+12	2.000000000000000000e+04	2.000000000000000000e+01	1.362500000000000000e+12	9.984116555512854985e-02	5.754303322424355119e-03	4.004261381364414285e-03
1.362500000000000000e+12	2.000000000000000000e+04	2.000000000000000000e+01	1.362500000000000000e+12	9.993302391572797538e-02	5.375432462439107273e-03	4.630795211754757008e-03
1.362500000000000000e+12	2.000000000000000000e+04	2.000000000000000000e+01	1.362500000000000000e+12	9.989102942682620556e-02	5.195121735300634210e-03	5.054208926134286586e-03
1.362500000000000000e+12	2.000000000000000000e+04	2.000000000000000000e+01	1.362500000000000000e+12	9.987531396879831269e-02	7.188173113031684665e-03	1.019256167490422641e-03
1.362500000000000000e+12	2.000000000000000000e+04	2.000000000000000000e+01	1.362500000000000000e+12	9.989918851206311401e-02	6.898226007872041050e-03	2.240639365848541998e-03
1.362500000000000000e+12	2.000000000000000000e+04	2.000000000000000000e+01	1.362500000000000000e+12	9.990454127615067126e-02	5.518312091044415106e-03	4.280555759176045069e-03
1.362500000000000000e+12	2.000000000000000000e+04	2.000000000000000000e+01	1.362500000000000000e+12	9.972083084218411053e-02	5.568162502401415373e-03	4.811639592178136755e-03
1.362500000000000000e+12	2.000000000000000000e+04	2.000000000000000000e+01	1.362500000000000000e+12	9.972851371218212357e-02	5.325163756570557017e-03	5.200261398420262353e-03
1.362500000000000000e+12	2.000000000000000000e+04	2.000000000000000000e+01	1.362500000000000000e+12	9.990358067229181127e-02	7.546488560233213620e-03	1.034861958471047306e-03
1.362500000000000000e+12	2.000000000000000000e+04	2.000000000000000000e+01	1.362500000000000000e+12	9.989427323072959386e-02	6.882580853747646485e-03	2.187393321448661242e-03
1.362500000000000000e+12	2.000000000000000000e+04	2.000000000000000000e+01	1.362500000000000000e+12	9.986157794981863345e-02	5.985245976429300410e-03	4.156398987507638546e-03
1.362500000000000000e+12	2.000000000000000000e+04	2.000000000000000000e+01	1.362500000000000000e+12	9.985776780416244502e-02	5.312505053611630244e-03	4.664063586902292800e-03
1.362500000000000000e+12	2.000000000000000000e+04	2.000000000000000000e+01	1.362500000000000000e+12	9.990981659210775023e-02	5.155146779438536490e-03	5.005070190876816441e-03
1.362500000000000000e+12	2.000000000000000000e+04	2.000000000000000000e+01	1.362500000000000000e+12	9.988542369667811893e-02	6.964487986521994412e-03	9.861780335814081516e-04
1.362500000000000000e+12	2.000000000000000000e+04	2.000000000000000000e+01	1.362500000000000000e+12	9.954010287246774225e-02	6.545376762423819710e-03	2.224192753714374169e-03
1.362500000000000000e+12	2.000000000000000000e+04	2.000000000000000000e+01	1.362500000000000000e+12	9.339606609479338128e-02	5.847665216628010823e-03	4.353336050755019296e-03
1.362500000000000000e+12	2.000000000000000000e+04	2.000000000000000000e+01	1.362500000000000000e+12	9.958466907774436716e-02	5.521075521813198841e-03	4.867277787364542203e-03
1.362500000000000000e+12	2.000000000000000000e+04	2.000000000000000000e+01	1.362500000000000000e+12	9.972114788361749471e-02	5.035636360394583552e-03	4.924932824919142464e-03
1.362500000000000000e+12	2.000000000000000000e+04	2.000000000000000000e+01	1.362500000000000000e+12	9.959778277025861659e-02	7.039777897614570012e-03	1.053449752537731487e-03
1.362500000000000000e+12	2.000000000000000000e+04	2.000000000000000000e+01	1.362500000000000000e+12	9.983458366540390316e-02	6.606063953271705189e-03	2.129135079463699825e-03
1.362500000000000000e+12	2.000000000000000000e+04	2.000000000000000000e+01	1.362500000000000000e+12	9.987948584183641010e-02	5.699465720223251611e-03	4.101609847881749170e-03
1.362500000000000000e+12	2.000000000000000000e+04	2.000000000000000000e+01	1.362500000000000000e+12	9.981359589854718606e-02	5.279777198309563470e-03	4.533419814728957380e-03
1.362500000000000000e+12	2.000000000000000000e+04	2.000000000000000000e+01	1.362500000000000000e+12	9.979254914323518189e-02	5.458387053776244183e-03	5.124771765663552713e-03
1.566020000000000000e+12	2.000000000000000000e+04	2.000000000000000000e+01	1.566020000000000000e+12	1.974154061897115953e-01	7.373843588655781822e-03	1.005956106648255455e-03
1.566020000000000000e+12	2.000000000000000000e+04	2.000000000000000000e+01	1.566020000000000000e+12	1.998251199867854822e-01	6.923160917632328881e-03	2.137141148373176112e-03
1.566020000000000000e+12	2.000000000000000000e+04	2.000000000000000000e+01	1.566020000000000000e+12	1.997296148056466325e-01	5.610303460090261540e-03	4.142388477899640320e-03
1.566020000000000000e+12	2.000000000000000000e+04	2.000000000000000000e+01	1.566020000000000000e+12	1.996454704110919853e-01	5.719948417314866564e-03	4.796331524507360319e-03
1.566020000000000000e+12	2.000000000000000000e+04	2.000000000000000000e+01	1.566020000000000000e+12	1.997002683112759913e-01	5.258824736619109944e-03	5.006180619175780791e-03
1.566020000000000000e+12	2.000000000000000000e+04	2.000000000000000000e+01	1.566020000000000000e+12	1.866715957175139606e-01	7.161485559018911443e-03	1.052642271401353982e-03
1.566020000000000000e+12	2.000000000000000000e+04	2.000000000000000000e+01	1.566020000000000000e+12	1.996213109560767418e-01	6.940102282427822525e-03	2.278053295177958400e-03
1.566020000000000000e+12	2.000000000000000000e+04	2.000000000000000000e+01	1.566020000000000000e+12	1.990584466385053042e-01	6.102271179455679741e-03	3.978562364899000496e-03
1.566020000000000000e+12	2.000000000000000000e+04	2.000000000000000000e+01	1.566020000000000000e+12	1.997200164928608357e-01	5.391132931195414049e-03	4.518953753731517337e-03
1.566020000000000000e+12	2.000000000000000000e+04	2.000000000000000000e+01	1.566020000000000000e+12	1.996962555258278427e-01	5.148023718996538357e-03	5.297885745000605918e-03
1.566020000000000000e+12	2.000000000000000000e+04	2.000000000000000000e+01	1.566020000000000000e+12	1.998139403962659322e-01	6.981585949402649600e-03	1.049442699913803820e-03
1.566020000000000000e+12	2.000000000000000000e+04	2.000000000000000000e+01	1.566020000000000000e+12	1.993521092003720796e-01	6.813953600895540988e-03	2.233009463373338607e-03
1.566020000000000000e+12	2.000000000000000000e+04	2.000000000000000000e+01	1.566020000000000000e+12	1.997540860125991413e-01	5.960455054054998245e-03	4.236067130147393341e-03
1.566020000000000000e+12	2.000000000000000000e+04	2.000000000000000000e+01	1.566020000000000000e+12	1.996989129243729733e-01	5.396971847225045735e-03	4.882160818210078655e-03
1.566020000000000000e+12	2.000000000000000000e+04	2.000000000000000000e+01	1.566020000000000000e+12	1.989900288856642774e-01	5.034193738718625508e-03	5.074938181541777463e-03
1.566020000000000000e+12	2.000000000000000000e+04	2.000000000000000000e+01	1.566020000000000000e+12	1.997832561297946119e-01	6.896860536558262547e-03	1.025456608539046955e-03
1.566020000000000000e+12	2.000000000000000000e+04	2.000000000000000000e+01	1.566020000000000000e+12	1.995905046305324615e-01	6.598223567339940934e-03	2.149523857446655750e-03
1.566020000000000000e+12	2.000000000000000000e+04	2.000000000000000000e+01	1.566020000000000000e+12	1.997506666020262833e-01	5.952866366844707623e-03	4.111744872698106998e-03
1.566020000000000000e+12	2.000000000000000000e+04	2.000000000000000000e+01	1.566020000000000000e+12	1.997104569661723728e-01	5.341335296799277869e-03	4.741352912394708290e-03
1.566020000000000000e+12	2.000000000000000000e+04	2.000000000000000000e+01	1.566020000000000000e+12	1.995930748564342105e-01	5.108293672868609650e-03	5.128788236603803834e-03
1.566020000000000000e+12	2.000000000000000000e+04	2.000000000000000000e+01	1.566020000000000000e+12	1.997844777777117997e-01	7.194724706327130029e-03	1.041157930458861671e-03
1.566020000000000000e+12	2.000000000000000000e+04	2.000000000000000000e+01	1.566020000000000000e+12	1.997719939486933272e-01	6.509655540286521727e-03	2.108655673205397756e-03
1.566020000000000000e+12	2.000000000000000000e+04	2.000000000000000000e+01	1.566020000000000000e+12	1.996077997462998577e-01	6.275274157345035395e-03	4.161253670555260797e-03
1.566020000000000000e+12	2.000000000000000000e+04	2.000000000000000000e+01	1.566020000000000000e+12	1.997367632943041760e-01	5.576588765780088157e-03	4.638455967657093872e-03
1.566020000000000000e+12	2.000000000000000000e+04	2.000000000000000000e+01	1.566020000000000000e+12	1.996274376101428161e-01	5.111821957060796832e-03	5.234003917583078189e-03
1.566020000000000000e+12	2.000000000000000000e+04	2.000000000000000000e+01	1.566020000000000000e+12	1.994731341063425145e-01	7.176822029500739761e-03	9.974460780569271642e-04
1.566020000000000000e+12	2.000000000000000000e+04	2.000000000000000000e+01	1.566020000000000000e+12	1.997754958496625322e-01	7.014115955166247765e-03	2.154028559968970170e-03
1.566020000000000000e+12	2.000000000000000000e+04	2.000000000000000000e+01	1.566020000000000000e+12	1.997675026660135633e-01	5.571700759898911767e-03	4.214610383994200730e-03
1.566020000000000000e+12	2.000000000000000000e+04	2.000000000000000000e+01	1.566020000000000000e+12	1.994847328212926985e-01	5.719449358427719510e-03	4.443740123922159703e-03
1.566020000000000000e+12	2.000000000000000000e+04	2.000000000000000000e+01	1.566020000000000000e+12	1.992630518760825087e-01	5.009768676007493420e-03	4.829549831601989349e-03
1.566020000000000000e+12	2.000000000000000000e+04	2.000000000000000000e+01	1.566020000000000000e+12	1.996554800778039818e-01	7.147255406577074019e-03	9.773223872662822800e-04
1.566020000000000000e+12	2.000000000000000000e+04	2.000000000000000000e+01	1.566020000000000000e+12	1.997381665190914590e-01	6.825820637440202857e-03	2.216724836732425746e-03
1.566020000000000000e+12	2.000000000000000000e+04	2.000000000000000000e+01	1.566020000000000000e+12	1.996530170456526365e-01	6.025312056378939393e-03	4.247291163173436829e-03
1.566020000000000000e+12	2.000000000000000000e+04	2.000000000000000000e+01	1.566020000000000000e+12	1.997868580092472257e-01	5.386714933431650462e-03	4.597256947583715572e-03
1.566020000000000000e+12	2.000000000000000000e+04	2.000000000000000000e+01	1.566020000000000000e+12	1.997431567069088421e-01	5.111799850868468768e-03	5.286899939050569361e-03
1.566020000000000000e+12	2.000000000000000000e+04	2.000000000000000000e+01	1.566020000000000000e+12	1.996453002052112624e-01	6.808266381603464423e-03	1.038301016578887289e-03
1.566020000000000000e+12	2.000000000000000000e+04	2.000000000000000000e+01	1.566020000000000000e+12	1.997682934414888312e-01	6.691863453323459651e-03	2.138950197836508166e-03
1.566020000000000000e+12	2.000000000000000000e+04	2.000000000000000000e+01	1.566020000000000000e+12	1.994814035610761593e-01	6.077976085370906216e-03	4.224300924919259514e-03
1.566020000000000000e+12	2.000000000000000000e+04	2.000000000000000000e+01	1.566020000000000000e+12	1.997373298850516066e-01	5.350680988026526932e-03	4.967247762038268580e-03
1.566020000000000000e+12	2.000000000000000000e+04	2.000000000000000000e+01	1.566020000000000000e+12	1.990597835465632570e-01	4.856499000502463755e-03	4.980394251558144074e-03
1.566020000000000000e+12	2.000000000000000000e+04	2.000000000000000000e+01	1.566020000000000000e+12	1.994054362016322579e-01	7.149252053070649475e-03	1.016839099600478974e-03
1.566020000000000000e+12	2.000000000000000000e+04	2.000000000000000000e+01	1.566020000000000000e+12	1.994606555580912821e-01	6.491275080665792965e-03	2.160313841677950937e-03
1.566020000000000000e+12	2.000000000000000000e+04	2.000000000000000000e+01	1.566020000000000000e+12	1.995135740430259985e-01	5.895013312981494183e-03	4.169542965350544333e-03
1.566020000000000000e+12	2.000000000000000000e+04	2.000000000000000000e+01	1.566020000000000000e+12	1.995990067442562632e-01	5.356601243966677486e-03	4.887904735697392103e-03
1.566020000000000000e+12	2.000000000000000000e+04	2.000000000000000000e+01	1.566020000000000000e+12	1.997479293282048984e-01	5.120797623364077220e-03	4.852340048227107329e-03
1.566020000000000000e+12	2.000000000000000000e+04	2.000000000000000000e+01	1.566020000000000000e+12	1.996924473796889143e-01	7.112618996074649216e-03	9.916816146881344933e-04
1.566020000000000000e+12	2.000000000000000000e+04	2.000000000000000000e+01	1.566020000000000000e+12	1.997535236001522219e-01	7.005513022492313238e-03	2.100587826978272000e-03
1.566020000000000000e+12	2.000000000000000000e+04	2.000000000000000000e+01	1.566020000000000000e+12	1.997339879489982151e-01	5.954421075566857999e-03	3.949977038258508689e-03
1.566020000000000000e+12	2.000000000000000000e+04	2.000000000000000000e+01	1.566020000000000000e+12	1.993038935190088456e-01	5.638324970222707844e-03	4.960839272470805340e-03
1.566020000000000000e+12	2.000000000000000000e+04	2.000000000000000000e+01	1.566020000000000000e+12	1.997252334451013467e-01	5.085560448686523086e-03	4.969798812124508365e-03
1.651922000000000000e+12	2.000000000000000000e+04	2.000000000000000000e+01	1.651922000000000000e+12	2.800387194321393713e-01	7.152591454848926562e-03	9.699692959246565202e-04
1.651922000000000000e+12	2.000000000000000000e+04	2.000000000000000000e+01	1.651922000000000000e+12	2.996695467434619675e-01	6.888082836889776461e-03	2.118373055300091547e-03
1.651922000000000000e+12	2.000000000000000000e+04	2.000000000000000000e+01	1.651922000000000000e+12	2.995470787645172495e-01	6.238861300458291119e-03	4.359326425033497286e-03
1.651922000000000000e+12	2.000000000000000000e+04	2.000000000000000000e+01	1.651922000000000000e+12	2.993350632792498578e-01	5.373827125170114148e-03	4.725885145623701447e-03
1.651922000000000000e+12	2.000000000000000000e+04	2.000000000000000000e+01	1.651922000000000000e+12	2.996500613944499403e-01	4.926258375841464920e-03	4.847742915628156998e-03
1.651922000000000000e+12	2.000000000000000000e+04	2.000000000000000000e+01	1.651922000000000000e+12	2.993803859452782712e-01	7.016844618852461843e-03	1.078556732322533173e-03
1.651922000000000000e+12	2.000000000000000000e+04	2.000000000000000000e+01	1.651922000000000000e+12	2.995924410711995334e-01	6.871040253945073437e-03	2.133266908243683369e-03
1.651922000000000000e+12	2.000000000000000000e+04	2.000000000000000000e+01	1.651922000000000000e+12	2.995984406540174172e-01	5.848741418844840070e-03	4.039216350710500558e-03
1.651922000000000000e+12	2.000000000000000000e+04	2.000000000000000000e+01	1.651922000000000000e+12	2.997154718573801779e-01	5.347962225622385733e-03	4.470582501953022404e-03
1.651922000000000000e+12	2.000000000000000000e+04	2.000000000000000000e+01	1.651922000000000000e+12	2.990391670548979142e-01	5.058918745170916213e-03	4.999562881287037200e-03
1.651922000000000000e+12	2.000000000000000000e+04	2.000000000000000000e+01	1.651922000000000000e+12	2.974990146670097313e-01	7.360068159520441120e-03	9.825618974062780460e-04
1.651922000000000000e+12	2.000000000000000000e+04	2.000000000000000000e+01	1.651922000000000000e+12	2.996260080819138638e-01	7.079363714169462259e-03	2.163421746608491184e-03
1.651922000000000000e+12	2.000000000000000000e+04	2.000000000000000000e+01	1.651922000000000000e+12	2.991152696053450133e-01	5.611427554874638853e-03	4.065704239354783235e-03
1.651922000000000000e+12	2.000000000000000000e+04	2.000000000000000000e+01	1.651922000000000000e+12	2.996386355979575589e-01	5.360527112877743090e-03	4.759933232954377189e-03
1.651922000000000000e+12	2.000000000000000000e+04	2.000000000000000000e+01	1.651922000000000000e+12	2.806403692695987329e-01	5.125773100047613558e-03	5.099405115606285392e-03
1.651922000000000000e+12	2.000000000000000000e+04	2.000000000000000000e+01	1.651922000000000000e+12	2.993932880162629151e-01	7.015204418920203792e-03	1.024851201295645317e-03
1.651922000000000000e+12	2.000000000000000000e+04	2.000000000000000000e+01	1.651922000000000000e+12	2.994830457420630809e-01	6.923724710492471304e-03	2.221023169258077093e-03
1.651922000000000000e+12	2.000000000000000000e+04	2.000000000000000000e+01	1.651922000000000000e+12	2.992506571442663521e-01	5.574464927302626507e-03	4.306345343791225140e-03
1.651922000000000000e+12	2.000000000000000000e+04	2.000000000000000000e+01	1.651922000000000000e+12	2.996936421107966320e-01	5.333139353800951839e-03	4.743179169722445444e-03
1.651922000000000000e+12	2.000000000000000000e+04	2.000000000000000000e+01	1.651922000000000000e+12	2.995956321202447592e-01	4.989583726481538681e-03	5.290753055153144674e-03
1.651922000000000000e+12	2.000000000000000000e+04	2.000000000000000000e+01	1.651922000000000000e+12	2.995579399071902627e-01	7.300530374319422200e-03	9.980065490009311542e-04
1.651922000000000000e+12	2.000000000000000000e+04	2.000000000000000000e+01	1.651922000000000000e+12	2.981396841518926810e-01	6.556723925766332062e-03	2.165601179172016270e-03
1.651922000000000000e+12	2.000000000000000000e+04	2.000000000000000000e+01	1.651922000000000000e+12	2.997090132569337761e-01	6.213230638845884321e-03	4.274633194448656734e-03
1.651922000000000000e+12	2.000000000000000000e+04	2.000000000000000000e+01	1.651922000000000000e+12	2.994526475319980729e-01	5.401416329683693569e-03	4.765346029795169969e-03
1.651922000000000000e+12	2.000000000000000000e+04	2.000000000000000000e+01	1.651922000000000000e+12	2.991251619963622987e-01	5.262948868857591708e-03	5.092947281291162684e-03
1.651922000000000000e+12	2.000000000000000000e+04	2.000000000000000000e+01	1.651922000000000000e+12	2.995070420553110901e-01	6.741033100947318654e-03	1.057007479507802604e-03
1.651922000000000000e+12	2.000000000000000000e+04	2.000000000000000000e+01	1.651922000000000000e+12	2.996999312941533988e-01	6.910820978563618835e-03	2.121975325820890570e-03
1.651922000000000000e+12	2.000000000000000000e+04	2.000000000000000000e+01	1.651922000000000000e+12	2.997387306443124455e-01	5.938907747873488178e-03	4.258947502676383931e-03
1.651922000000000000e+12	2.000000000000000000e+04	2.000000000000000000e+01	1.651922000000000000e+12	2.993449246415366138e-01	5.342981710661075245e-03	4.661890256111919997e-03
1.651922000000000000e+12	2.000000000000000000e+04	2.000000000000000000e+01	1.651922000000000000e+12	2.996435310444121591e-01	5.237053220545049431e-03	5.265375190859076897e-03
1.651922000000000000e+12	2.000000000000000000e+04	2.000000000000000000e+01	1.651922000000000000e+12	2.995170810149193064e-01	7.268321403872554654e-03	1.051497359587875730e-03
1.651922000000000000e+12	2.000000000000000000e+04	2.000000000000000000e+01	1.651922000000000000e+12	2.993688690043654899e-01	6.897086963395744445e-03	2.186856685341347518e-03
1.651922000000000000e+12	2.000000000000000000e+04	2.000000000000000000e+01	1.651922000000000000e+12	2.982832538069851713e-01	5.666058261486928323e-03	4.007910317198509591e-03
1.651922000000000000e+12	2.000000000000000000e+04	2.000000000000000000e+01	1.651922000000000000e+12	2.996535422686065209e-01	5.518772236661600820e-03	4.686352096573277552e-03
1.651922000000000000e+12	2.000000000000000000e+04	2.000000000000000000e+01	1.651922000000000000e+12	2.994728275122724992e-01	4.928561030605974926e-03	4.994038289924694618e-03
1.651922000000000000e+12	2.000000000000000000e+04	2.000000000000000000e+01	1.651922000000000000e+12	2.997920062818139053e-01	7.155207032386807012e-03	9.608856471905438592e-04
1.651922000000000000e+12	2.000000000000000000e+04	2.000000000000000000e+01	1.651922000000000000e+12	2.804790047277666010e-01	7.288936944383439705e-03	2.208098517019190399e-03
1.651922000000000000e+12	2.000000000000000000e+04	2.000000000000000000e+01	1.651922000000000000e+12	2.997906621328275123e-01	6.113246065685736495e-03	4.182272939228338232e-03
1.651922000000000000e+12	2.000000000000000000e+04	2.000000000000000000e+01	1.651922000000000000e+12	2.987238011170120222e-01	5.189156194550117659e-03	4.682021704099883185e-03
1.651922000000000000e+12	2.000000000000000000e+04	2.000000000000000000e+01	1.651922000000000000e+12	2.996777063317131451e-01	5.318366477729548347e-03	5.027017891313442267e-03
1.651922000000000000e+12	2.000000000000000000e+04	2.000000000000000000e+01	1.651922000000000000e+12	2.996573997411178247e-01	7.003256952694022867e-03	9.955733241570738270e-04
1.651922000000000000e+12	2.000000000000000000e+04	2.000000000000000000e+01	1.651922000000000000e+12	2.997600688299917326e-01	6.539056088859451603e-03	2.079593898596124400e-03
1.651922000000000000e+12	2.000000000000000000e+04	2.000000000000000000e+01	1.651922000000000000e+12	2.997003707026942854e-01	5.733611067297254144e-03	4.208258664689445289e-03
1.651922000000000000e+12	2.000000000000000000e+04	2.000000000000000000e+01	1.651922000000000000e+12	2.995173092592540165e-01	5.241499837393669321e-03	4.599215592095680025e-03
1.651922000000000000e+12	2.000000000000000000e+04	2.000000000000000000e+01	1.651922000000000000e+12	2.994419456422110493e-01	4.951453105251375948e-03	5.186679019696100248e-03
1.651922000000000000e+12	2.000000000000000000e+04	2.000000000000000000e+01	1.651922000000000000e+12	2.993974158958917497e-01	6.789142389802512931e-03	9.922746194974286366e-04
1.651922000000000000e+12	2.000000000000000000e+04	2.000000000000000000e+01	1.651922000000000000e+12	2.805617724123830592e-01	6.800536773313438713e-03	2.118948198692786888e-03
1.651922000000000000e+12	2.000000000000000000e+04	2.000000000000000000e+01	1.651922000000000000e+12	2.997939855460572400e-01	5.928705920938141111e-03	4.161021238412656795e-03
1.651922000000000000e+12	2.000000000000000000e+04	2.000000000000000000e+01	1.651922000000000000e+12	2.991821920110305788e-01	5.486862292595208815e-03	4.666361359145425151e-03
1.651922000000000000e+12	2.000000000000000000e+04	2.000000000000000000e+01	1.651922000000000000e+12	2.997152192019620909e-01	5.095725369867883450e-03	5.133876696408626837e-03
1.684126000000000000e+12	2.000000000000000000e+04	2.000000000000000000e+01	1.684126000000000000e+12	3.990444026219484019e-01	7.619138531159685805e-03	9.982727505159539900e-04
1.684126000000000000e+12	2.000000000000000000e+04	2.000000000000000000e+01	1.684126000000000000e+12	3.992958002473096513e-01	6.954948997607054983e-03	2.012358604990930732e-03
1.684126000000000000e+12	2.000000000000000000e+04	2.000000000000000000e+01	1.684126000000000000e+12	3.993751053195956358e-01	6.007534425888584953e-03	4.325979032660751469e-03
1.684126000000000000e+12	2.000000000000000000e+04	2.000000000000000000e+01	1.684126000000000000e+12	3.976912934826578039e-01	5.582444995522985003e-03	4.891459921102894390e-03
1.684126000000000000e+12	2.000000000000000000e+04	2.000000000000000000e+01	1.684126000000000000e+12	3.995705884604739966e-01	4.971071309667699119e-03	5.335938639867306849e-03
1.684126000000000000e+12	2.000000000000000000e+04	2.000000000000000000e+01	1.684126000000000000e+12	3.995603725033833875e-01	7.140823327570833441e-03	9.885890202891145766e-04
1.684126000000000000e+12	2.000000000000000000e+04	2.000000000000000000e+01	1.684126000000000000e+12	3.994711889259451310e-01	6.931206044111864854e-03	2.126559489501773405e-03
1.684126000000000000e+12	2.000000000000000000e+04	2.000000000000000000e+01	1.684126000000000000e+12	3.991206444617728666e-01	5.865475127051921270e-03	4.162664239612447019e-03
1.684126000000000000e+12	2.000000000000000000e+04	2.000000000000000000e+01	1.684126000000000000e+12	3.987157088448384235e-01	5.435015310594216650e-03	4.902469062041896371e-03
1.684126000000000000e+12	2.000000000000000000e+04	2.000000000000000000e+01	1.684126000000000000e+12	3.994009726876538435e-01	4.984552920429005315e-03	4.958941683557874062e-03
1.684126000000000000e+12	2.000000000000000000e+04	2.000000000000000000e+01	1.684126000000000000e+12	3.988569383398680723e-01	6.998672596051483397e-03	1.033223691341908198e-03
1.684126000000000000e+12	2.000000000000000000e+04	2.000000000000000000e+01	1.684126000000000000e+12	3.995633652293872906e-01	7.090546182700152404e-03	2.120470740955363205e-03
1.684126000000000000e+12	2.000000000000000000e+04	2.000000000000000000e+01	1.684126000000000000e+12	3.997057764080181874e-01	5.993169041460347755e-03	4.267599345128532048e-03
1.684126000000000000e+12	2.000000000000000000e+04	2.000000000000000000e+01	1.684126000000000000e+12	3.992342379695037469e-01	5.451603752766149939e-03	4.766605810471552865e-03
1.684126000000000000e+12	2.000000000000000000e+04	2.000000000000000000e+01	1.684126000000000000e+12	3.984580303477741614e-01	5.011252447831305787e-03	5.343332980575892302e-03
1.684126000000000000e+12	2.000000000000000000e+04	2.000000000000000000e+01	1.684126000000000000e+12	3.996157203981783868e-01	7.167979140246316834e-03	9.865973808275850434e-04
1.684126000000000000e+12	2.000000000000000000e+04	2.000000000000000000e+01	1.684126000000000000e+12	3.992225677182341115e-01	7.002702175473482504e-03	2.152372789937435395e-03
1.684126000000000000e+12	2.000000000000000000e+04	2.000000000000000000e+01	1.684126000000000000e+12	3.988514405201203372e-01	5.896388027753664621e-03	4.215564032933122145e-03
1.684126000000000000e+12	2.000000000000000000e+04	2.000000000000000000e+01	1.684126000000000000e+12	3.988905092538152508e-01	5.343786018170896754e-03	4.838628716751692052e-03
1.684126000000000000e+12	2.000000000000000000e+04	2.000000000000000000e+01	1.684126000000000000e+12	3.996604842143369751e-01	5.140974930364482047e-03	5.360545905738445596e-03
1.684126000000000000e+12	2.000000000000000000e+04	2.000000000000000000e+01	1.684126000000000000e+12	3.991552240822057174e-01	7.066810944760762436e-03	1.018513942992538193e-03
1.684126000000000000e+12	2.000000000000000000e+04	2.000000000000000000e+01	1.684126000000000000e+12	3.995761949695679216e-01	6.774863565429574581e-03	2.145738167024341305e-03
1.684126000000000000e+12	2.000000000000000000e+04	2.000000000000000000e+01	1.684126000000000000e+12	3.986279146694505782e-01	5.991653159160823840e-03	4.217925415099658612e-03
1.684126000000000000e+12	2.000000000000000000e+04	2.000000000000000000e+01	1.684126000000000000e+12	3.983854081218214382e-01	5.282759059472697319e-03	4.905307894376680598e-03
1.684126000000000000e+12	2.000000000000000000e+04	2.000000000000000000e+01	1.684126000000000000e+12	3.994884996595646776e-01	5.027475173465878813e-03	5.136536641804712380e-03
1.684126000000000000e+12	2.000000000000000000e+04	2.000000000000000000e+01	1.684126000000000000e+12	3.994082057849664413e-01	7.199357092347286047e-03	1.000789259815052911e-03
1.684126000000000000e+12	2.000000000000000000e+04	2.000000000000000000e+01	1.684126000000000000e+12	3.995532816103877782e-01	7.441346999012503523e-03	2.181051807531178902e-03
1.684126000000000000e+12	2.000000000000000000e+04	2.000000000000000000e+01	1.684126000000000000e+12	3.993001467572958041e-01	6.159741844802978268e-03	4.197362779063632671e-03
1.684126000000000000e+12	2.000000000000000000e+04	2.000000000000000000e+01	1.684126000000000000e+12	3.994187680056165979e-01	5.212886798806176496e-03	4.749353770842036464e-03
1.684126000000000000e+12	2.000000000000000000e+04	2.000000000000000000e+01	1.684126000000000000e+12	3.991996523605121361e-01	5.250153756760371840e-03	5.117667777178184010e-03
1.684126000000000000e+12	2.000000000000000000e+04	2.000000000000000000e+01	1.684126000000000000e+12	3.996520185041027018e-01	7.722997370831057376e-03	1.025996957485381068e-03
1.684126000000000000e+12	2.000000000000000000e+04	2.000000000000000000e+01	1.684126000000000000e+12	3.997521893984867236e-01	6.543864930888800002e-03	2.104531771939122629e-03
1.684126000000000000e+12	2.000000000000000000e+04	2.000000000000000000e+01	1.684126000000000000e+12	3.992272354280703150e-01	6.013646959459066112e-03	4.146052485245501663e-03
1.684126000000000000e+12	2.000000000000000000e+04	2.000000000000000000e+01	1.684126000000000000e+12	3.993156604123305753e-01	5.318449818033571704e-03	4.743250792192688255e-03
1.684126000000000000e+12	2.000000000000000000e+04	2.000000000000000000e+01	1.684126000000000000e+12	3.995990528614311588e-01	5.271207917889869990e-03	5.161398038712954051e-03
1.684126000000000000e+12	2.000000000000000000e+04	2.000000000000000000e+01	1.684126000000000000e+12	3.989503568550207824e-01	7.122089922457337796e-03	9.980542224431413357e-04
1.684126000000000000e+12	2.000000000000000000e+04	2.000000000000000000e+01	1.684126000000000000e+12	3.996773268518518107e-01	6.976534584799505209e-03	2.243525657791921746e-03
1.684126000000000000e+12	2.000000000000000000e+04	2.000000000000000000e+01	1.684126000000000000e+12	3.990952078966983896e-01	5.955370371829343985e-03	4.079495524924696415e-03
1.684126000000000000e+12	2.000000000000000000e+04	2.000000000000000000e+01	1.684126000000000000e+12	3.965355571454347028e-01	5.316837670676402908e-03	4.622593145452741359e-03
1.684126000000000000e+12	2.000000000000000000e+04	2.000000000000000000e+01	1.684126000000000000e+12	3.991416575464609151e-01	4.981764890931533914e-03	5.338489212318205633e-03
1.684126000000000000e+12	2.000000000000000000e+04	2.000000000000000000e+01	1.684126000000000000e+12	3.991188813914959832e-01	6.818394979910995420e-03	9.953495834088632935e-04
1.684126000000000000e+12	2.000000000000000000e+04	2.000000000000000000e+01	1.684126000000000000e+12	3.996091463362790863e-01	6.638226918452195049e-03	2.089367560279596549e-03
1.684126000000000000e+12	2.000000000000000000e+04	2.000000000000000000e+01	1.684126000000000000e+12	3.972413762898940881e-01	5.978611928780882059e-03	4.080788575031735893e-03
1.684126000000000000e+12	2.000000000000000000e+04	2.000000000000000000e+01	1.684126000000000000e+12	3.996735568173698794e-01	5.458448395960615283e-03	4.787086046828203934e-03
1.684126000000000000e+12	2.000000000000000000e+04	2.000000000000000000e+01	1.684126000000000000e+12	3.994665059680301278e-01	5.335055608473571014e-03	4.962977395081902450e-03
1.684126000000000000e+12	2.000000000000000000e+04	2.000000000000000000e+01	1.684126000000000000e+12	3.995040184094705293e-01	7.193898476927178091e-03	9.882735157358576820e-04
1.684126000000000000e+12	2.000000000000000000e+04	2.000000000000000000e+01	1.684126000000000000e+12	3.991977630994642534e-01	6.887020261551583984e-03	2.282998490015859111e-03
1.684126000000000000e+12	2.000000000000000000e+04	2.000000000000000000e+01	1.684126000000000000e+12	3.990708968078888752e-01	5.720787820762828976e-03	4.171248834522521196e-03
1.684126000000000000e+12	2.000000000000000000e+04	2.000000000000000000e+01	1.684126000000000000e+12	3.739677452128343238e-01	5.502770166135186915e-03	4.655414708151241719e-03
1.684126000000000000e+12	2.000000000000000000e+04	2.000000000000000000e+01	1.684126000000000000e+12	3.995011545120450980e-01	5.012950559055793370e-03	4.994258365313657480e-03
1.685824000000000000e+12	2.000000000000000000e+04	2.000000000000000000e+01	1.685824000000000000e+12	4.993572339379716007e-01	7.357521806738801309e-03	1.039560292663843167e-03
1.685824000000000000e+12	2.000000000000000000e+04	2.000000000000000000e+01	1.685824000000000000e+12	4.997702595444934448e-01	7.077949952706608094e-03	2.194701826507423122e-03
1.685824000000000000e+12	2.000000000000000000e+04	2.000000000000000000e+01	1.685824000000000000e+12	4.995115427476048420e-01	5.829658386744749655e-03	4.198373112473405624e-03
1.685824000000000000e+12	2.000000000000000000e+04	2.000000000000000000e+01	1.685824000000000000e+12	4.677698870700740530e-01	5.397708692407839591e-03	4.652646831506234391e-03
1.685824000000000000e+12	2.000000000000000000e+04	2.000000000000000000e+01	1.685824000000000000e+12	4.994567793169153447e-01	5.263591488871425736e-03	4.981969504527032286e-03
1.685824000000000000e+12	2.000000000000000000e+04	2.000000000000000000e+01	1.685824000000000000e+12	4.981591188944548554e-01	7.201565848187882826e-03	1.011483663370228410e-03
1.685824000000000000e+12	2.000000000000000000e+04	2.000000000000000000e+01	1.685824000000000000e+12	4.994628268548694794e-01	6.731121040991971602e-03	2.147049192339546900e-03
1.685824000000000000e+12	2.000000000000000000e+04	2.000000000000000000e+01	1.685824000000000000e+12	4.989884855128366437e-01	5.861710553353941672e-03	4.209665555652614653e-03
1.685824000000000000e+12	2.000000000000000000e+04	2.000000000000000000e+01	1.685824000000000000e+12	4.990232063067560619e-01	5.361376547622611483e-03	4.773585597205394840e-03
1.685824000000000000e+12	2.000000000000000000e+04	2.000000000000000000e+01	1.685824000000000000e+12	4.983026945499841598e-01	4.882607331806378993e-03	5.073094987798874161e-03
1.685824000000000000e+12	2.000000000000000000e+04	2.000000000000000000e+01	1.685824000000000000e+12	4.995075847313455997e-01	7.437617618629707890e-03	9.703426719583629900e-04
1.685824000000000000e+12	2.000000000000000000e+04	2.000000000000000000e+01	1.685824000000000000e+12	4.993174110190193860e-01	6.780363293886264471e-03	2.189315427065560704e-03
1.685824000000000000e+12	2.000000000000000000e+04	2.000000000000000000e+01	1.685824000000000000e+12	4.993652238209141947e-01	5.822340875573387732e-03	4.190704021517286174e-03
1.685824000000000000e+12	2.000000000000000000e+04	2.000000000000000000e+01	1.685824000000000000e+12	4.992288057031691872e-01	5.270942592895666405e-03	4.867414989588309329e-03
1.685824000000000000e+12	2.000000000000000000e+04	2.000000000000000000e+01	1.685824000000000000e+12	4.995942963322522745e-01	5.260200678246500228e-03	5.310289016968161406e-03
1.685824000000000000e+12	2.000000000000000000e+04	2.000000000000000000e+01	1.685824000000000000e+12	4.993523311106582985e-01	6.864912237451672831e-03	9.644645277770494407e-04
1.685824000000000000e+12	2.000000000000000000e+04	2.000000000000000000e+01	1.685824000000000000e+12	4.997518413676334537e-01	6.579720367780124771e-03	2.307704411203278291e-03
1.685824000000000000e+12	2.000000000000000000e+04	2.000000000000000000e+01	1.685824000000000000e+12	4.995026192186378111e-01	6.062343103454535288e-03	4.133951994676569701e-03
1.685824000000000000e+12	2.000000000000000000e+04	2.000000000000000000e+01	1.685824000000000000e+12	4.991657959468284167e-01	5.466982347888936847e-03	4.531160269666734478e-03
1.685824000000000000e+12	2.000000000000000000e+04	2.000000000000000000e+01	1.685824000000000000e+12	4.983453219027251246e-01	4.897419234429082995e-03	5.109593896780735556e-03
1.685824000000000000e+12	2.000000000000000000e+04	2.000000000000000000e+01	1.685824000000000000e+12	4.995866966989888636e-01	7.183445153993564536e-03	1.012617637552804331e-03
1.685824000000000000e+12	2.000000000000000000e+04	2.000000000000000000e+01	1.685824000000000000e+12	4.990554499974496072e-01	6.828869942929012213e-03	2.149932092266397879e-03
1.685824000000000000e+12	2.000000000000000000e+04	2.000000000000000000e+01	1.685824000000000000e+12	4.992438531320476658e-01	5.927200654903941497e-03	4.329351137848457855e-03
1.685824000000000000e+12	2.000000000000000000e+04	2.000000000000000000e+01	1.685824000000000000e+12	4.996812336258334986e-01	5.677931860184401783e-03	4.522951446858882243e-03
1.685824000000000000e+12	2.000000000000000000e+04	2.000000000000000000e+01	1.685824000000000000e+12	4.990005271378322727e-01	5.098009684485460200e-03	4.949375865970954448e-03
1.685824000000000000e+12	2.000000000000000000e+04	2.000000000000000000e+01	1.685824000000000000e+12	4.996140846010530545e-01	6.968267703617000812e-03	1.025348844962122551e-03
1.685824000000000000e+12	2.000000000000000000e+04	2.000000000000000000e+01	1.685824000000000000e+12	4.672852915361363491e-01	7.288050555944089286e-03	2.151672685877395550e-03
1.685824000000000000e+12	2.000000000000000000e+04	2.000000000000000000e+01	1.685824000000000000e+12	4.993776589338813077e-01	5.715897409858210036e-03	4.112909194663374492e-03
1.685824000000000000e+12	2.000000000000000000e+04	2.000000000000000000e+01	1.685824000000000000e+12	4.996131068838257638e-01	5.468781639852209227e-03	4.722353489504833683e-03
1.685824000000000000e+12	2.000000000000000000e+04	2.000000000000000000e+01	1.685824000000000000e+12	4.989937228456438056e-01	5.237496800758708812e-03	5.186350654474877232e-03
1.685824000000000000e+12	2.000000000000000000e+04	2.000000000000000000e+01	1.685824000000000000e+12	4.993206956677932462e-01	6.981825406986779010e-03	9.726048731667564151e-04
1.685824000000000000e+12	2.000000000000000000e+04	2.000000000000000000e+01	1.685824000000000000e+12	4.995981031291376051e-01	6.850641682819257061e-03	2.139360227213165690e-03
1.685824000000000000e+12	2.000000000000000000e+04	2.000000000000000000e+01	1.685824000000000000e+12	4.975993628107062139e-01	5.943101756422637313e-03	4.087532485869340045e-03
1.685824000000000000e+12	2.000000000000000000e+04	2.000000000000000000e+01	1.685824000000000000e+12	4.982884624135840435e-01	5.281438552841581820e-03	4.490450702009314392e-03
1.685824000000000000e+12	2.000000000000000000e+04	2.000000000000000000e+01	1.685824000000000000e+12	4.968652831110375589e-01	4.995840222871631396e-03	5.061329553122645604e-03
1.685824000000000000e+12	2.000000000000000000e+04	2.000000000000000000e+01	1.685824000000000000e+12	4.988934011281526137e-01	7.170512190098581387e-03	9.713569723061558784e-04
1.685824000000000000e+12	2.000000000000000000e+04	2.000000000000000000e+01	1.685824000000000000e+12	4.983318078596494227e-01	7.090866535506642858e-03	2.246001867533443160e-03
1.685824000000000000e+12	2.000000000000000000e+04	2.000000000000000000e+01	1.685824000000000000e+12	4.994241706134562309e-01	5.898899178149254012e-03	4.193648284180671523e-03
1.685824000000000000e+12	2.000000000000000000e+04	2.000000000000000000e+01	1.685824000000000000e+12	4.992795023464896009e-01	5.287839238414264800e-03	4.645482980949734893e-03
1.685824000000000000e+12	2.000000000000000000e+04	2.000000000000000000e+01	1.685824000000000000e+12	4.676794639487742988e-01	5.008411346236145596e-03	5.034587002676266417e-03
1.685824000000000000e+12	2.000000000000000000e+04	2.000000000000000000e+01	1.685824000000000000e+12	4.994964901970706528e-01	7.259078499936265534e-03	1.020953752624966047e-03
1.685824000000000000e+12	2.000000000000000000e+04	2.000000000000000000e+01	1.685824000000000000e+12	4.993917236194101994e-01	7.044659175429242304e-03	2.169682505601587107e-03
1.685824000000000000e+12	2.000000000000000000e+04	2.000000000000000000e+01	1.685824000000000000e+12	4.993104515324375825e-01	5.929363372065822591e-03	4.156926078962439042e-03
1.685824000000000000e+12	2.000000000000000000e+04	2.000000000000000000e+01	1.685824000000000000e+12	4.949237993310998673e-01	5.569980496300537542e-03	4.604566713514767276e-03
1.685824000000000000e+12	2.000000000000000000e+04	2.000000000000000000e+01	1.685824000000000000e+12	4.985159050500078126e-01	5.381086033546385490e-03	5.152073193941579012e-03
1.685824000000000000e+12	2.000000000000000000e+04	2.000000000000000000e+01	1.685824000000000000e+12	4.984858937969874892e-01	6.995112093694346930e-03	9.684870047655675784e-04
1.685824000000000000e+12	2.000000000000000000e+04	2.000000000000000000e+01	1.685824000000000000e+12	4.997054843458317852e-01	6.925143524663350883e-03	2.184204694777922614e-03
1.685824000000000000e+12	2.000000000000000000e+04	2.000000000000000000e+01	1.685824000000000000e+12	4.950494243266803096e-01	5.957710048116511385e-03	4.095700888438751248e-03
1.685824000000000000e+12	2.000000000000000000e+04	2.000000000000000000e+01	1.685824000000000000e+12	4.994212516629522591e-01	5.382323666944327512e-03	4.495099436432121141e-03
1.685824000000000000e+12	2.000000000000000000e+04	2.000000000000000000e+01	1.685824000000000000e+12	4.989888057050665959e-01	5.036719227745950836e-03	5.131260184202801784e-03
1.668398000000000000e+12	2.000000000000000000e+04	2.000000000000000000e+01	1.668398000000000000e+12	5.992010263021620986e-01	7.105257732613727735e-03	1.051243781226359310e-03
1.668398000000000000e+12	2.000000000000000000e+04	2.000000000000000000e+01	1.668398000000000000e+12	5.991879942730520270e-01	6.953477559602018812e-03	2.087781610608007658e-03
1.668398000000000000e+12	2.000000000000000000e+04	2.000000000000000000e+01	1.668398000000000000e+12	5.980468371229653579e-01	5.802720062880584347e-03	4.201013411980556410e-03
1.668398000000000000e+12	2.000000000000000000e+04	2.000000000000000000e+01	1.668398000000000000e+12	5.989423034715036787e-01	5.440068499516144754e-03	4.615277966971461331e-03
1.668398000000000000e+12	2.000000000000000000e+04	2.000000000000000000e+01	1.668398000000000000e+12	5.991126981175693977e-01	5.069909911811505687e-03	5.031784491961423939e-03
1.668398000000000000e+12	2.000000000000000000e+04	2.000000000000000000e+01	1.668398000000000000e+12	5.990466385829131823e-01	7.058640656326084332e-03	1.018760357250945037e-03
1.668398000000000000e+12	2.000000000000000000e+04	2.000000000000000000e+01	1.668398000000000000e+12	5.993709507714811702e-01	6.832310997111271447e-03	2.193992538250132043e-03
1.668398000000000000e+12	2.000000000000000000e+04	2.000000000000000000e+01	1.668398000000000000e+12	5.994024411119426299e-01	5.676543452245434718e-03	4.098026343255964724e-03
1.668398000000000000e+12	2.000000000000000000e+04	2.000000000000000000e+01	1.668398000000000000e+12	5.985984316764370039e-01	5.208734644338932490e-03	4.860050372996941800e-03
1.668398000000000000e+12	2.000000000000000000e+04	2.000000000000000000e+01	1.668398000000000000e+12	5.991765199985639168e-01	5.175334188561061047e-03	4.875108785399766449e-03
1.668398000000000000e+12	2.000000000000000000e+04	2.000000000000000000e+01	1.668398000000000000e+12	5.991948417269850058e-01	7.070965754210132084e-03	1.000771262649791365e-03
1.668398000000000000e+12	2.000000000000000000e+04	2.000000000000000000e+01	1.668398000000000000e+12	5.988983837357408913e-01	6.704933467394362523e-03	2.185223964493316403e-03
1.668398000000000000e+12	2.000000000000000000e+04	2.000000000000000000e+01	1.668398000000000000e+12	5.609933240368090157e-01	5.928589999004870749e-03	4.048509228546074042e-03
1.668398000000000000e+12	2.000000000000000000e+04	2.000000000000000000e+01	1.668398000000000000e+12	5.992556611475993167e-01	5.426654798429917173e-03	4.838609730496119983e-03
1.668398000000000000e+12	2.000000000000000000e+04	2.000000000000000000e+01	1.668398000000000000e+12	5.976781100657717616e-01	5.172963094223912567e-03	5.077288522214196478e-03
1.668398000000000000e+12	2.000000000000000000e+04	2.000000000000000000e+01	1.668398000000000000e+12	5.988602349419489546e-01	7.021647301965810647e-03	9.888136128786656313e-04
1.668398000000000000e+12	2.000000000000000000e+04	2.000000000000000000e+01	1.668398000000000000e+12	5.987626264530990783e-01	6.739979266767134533e-03	2.084652009141168064e-03
1.668398000000000000e+12	2.000000000000000000e+04	2.000000000000000000e+01	1.668398000000000000e+12	5.975176277150422433e-01	5.845704438405201209e-03	4.069935764745321108e-03
1.668398000000000000e+12	2.000000000000000000e+04	2.000000000000000000e+01	1.668398000000000000e+12	5.992251026964550142e-01	5.653946962987209043e-03	4.844114895785035617e-03
1.668398000000000000e+12	2.000000000000000000e+04	2.000000000000000000e+01	1.668398000000000000e+12	5.997054092581310947e-01	5.197463095499644040e-03	5.177030903088448641e-03
1.668398000000000000e+12	2.000000000000000000e+04	2.000000000000000000e+01	1.668398000000000000e+12	5.991795001989157488e-01	7.424330866171750462e-03	1.016881908851352979e-03
1.668398000000000000e+12	2.000000000000000000e+04	2.000000000000000000e+01	1.668398000000000000e+12	5.974213749552108599e-01	7.001348702665119786e-03	2.259389872984206727e-03
1.668398000000000000e+12	2.000000000000000000e+04	2.000000000000000000e+01	1.668398000000000000e+12	5.976762134228010837e-01	5.889177261435778188e-03	4.299443198013177050e-03
1.668398000000000000e+12	2.000000000000000000e+04	2.000000000000000000e+01	1.668398000000000000e+12	5.991459215117174164e-01	5.360881129719682545e-03	4.778914331406801733e-03
1.668398000000000000e+12	2.000000000000000000e+04	2.000000000000000000e+01	1.668398000000000000e+12	5.990699623884756519e-01	4.916641983318112072e-03	5.149819949432241951e-03
1.668398000000000000e+12	2.000000000000000000e+04	2.000000000000000000e+01	1.668398000000000000e+12	5.989934423213890691e-01	6.954420397060154073e-03	1.016560387031857854e-03
1.668398000000000000e+12	2.000000000000000000e+04	2.000000000000000000e+01	1.668398000000000000e+12	5.988061386908885009e-01	6.921440628207835635e-03	2.229987535847126768e-03
1.668398000000000000e+12	2.000000000000000000e+04	2.000000000000000000e+01	1.668398000000000000e+12	5.991629258766988375e-01	5.670016291875086545e-03	4.200766756645692157e-03
1.668398000000000000e+12	2.000000000000000000e+04	2.000000000000000000e+01	1.668398000000000000e+12	5.987625005601875383e-01	5.369960413980565984e-03	4.668435068837771713e-03
1.668398000000000000e+12	2.000000000000000000e+04	2.000000000000000000e+01	1.668398000000000000e+12	5.991707856608445848e-01	5.052602427672732086e-03	5.055913440850132862e-03
1.668398000000000000e+12	2.000000000000000000e+04	2.000000000000000000e+01	1.668398000000000000e+12	5.988922177080894249e-01	7.209444511052982667e-03	1.008381566426306717e-03
1.668398000000000000e+12	2.000000000000000000e+04	2.000000000000000000e+01	1.668398000000000000e+12	5.990406096992592078e-01	6.939099295057602271e-03	2.245267614906915760e-03
1.668398000000000000e+12	2.000000000000000000e+04	2.000000000000000000e+01	1.668398000000000000e+12	5.987276842567552659e-01	6.047635332038071507e-03	4.375620584210300999e-03
1.668398000000000000e+12	2.000000000000000000e+04	2.000000000000000000e+01	1.668398000000000000e+12	5.960969525903602184e-01	5.633903302484193076e-03	4.776925227099616464e-03
1.668398000000000000e+12	2.000000000000000000e+04	2.000000000000000000e+01	1.668398000000000000e+12	5.993575600881013710e-01	5.043360304328103720e-03	5.086216684823857519e-03
1.668398000000000000e+12	2.000000000000000000e+04	2.000000000000000000e+01	1.668398000000000000e+12	5.994112406603562260e-01	7.425338076495232968e-03	9.950069476019850461e-04
1.668398000000000000e+12	2.000000000000000000e+04	2.000000000000000000e+01	1.668398000000000000e+12	5.993143590240288532e-01	7.179393419144701645e-03	2.166789095468336056e-03
1.668398000000000000e+12	2.000000000000000000e+04	2.000000000000000000e+01	1.668398000000000000e+12	5.993521431938279020e-01	5.689868378273769782e-03	4.424174100966101267e-03
1.668398000000000000e+12	2.000000000000000000e+04	2.000000000000000000e+01	1.668398000000000000e+12	5.607853778599711791e-01	5.569105348922210978e-03	4.890159432710794105e-03
1.668398000000000000e+12	2.000000000000000000e+04	2.000000000000000000e+01	1.668398000000000000e+12	5.992136397689137306e-01	4.993491463965264721e-03	5.111392228160471611e-03
1.668398000000000000e+12	2.000000000000000000e+04	2.000000000000000000e+01	1.668398000000000000e+12	5.990726743551386679e-01	7.067018723361526492e-03	9.786930581962322191e-04
1.668398000000000000e+12	2.000000000000000000e+04	2.000000000000000000e+01	1.668398000000000000e+12	5.608150690952320438e-01	7.130790311587527179e-03	2.089497473955106120e-03
1.668398000000000000e+12	2.000000000000000000e+04	2.000000000000000000e+01	1.668398000000000000e+12	5.981826001757690747e-01	5.754174706410234916e-03	4.260535857347202103e-03
1.668398000000000000e+12	2.000000000000000000e+04	2.000000000000000000e+01	1.668398000000000000e+12	5.990567370100871036e-01	5.541736238143964849e-03	4.670443903056991850e-03
1.668398000000000000e+12	2.000000000000000000e+04	2.000000000000000000e+01	1.668398000000000000e+12	5.990662921807780039e-01	5.111027430815241746e-03	5.189371533661183734e-03
1.668398000000000000e+12	2.000000000000000000e+04	2.000000000000000000e+01	1.668398000000000000e+12	5.989389676828250630e-01	7.109328521992161129e-03	9.891409824155468142e-04
1.668398000000000000e+12	2.000000000000000000e+04	2.000000000000000000e+01	1.668398000000000000e+12	5.993471170428892325e-01	6.694282078085353471e-03	2.181624508693210882e-03
1.668398000000000000e+12	2.000000000000000000e+04	2.000000000000000000e+01	1.668398000000000000e+12	5.989078498034177134e-01	5.766861360078319454e-03	3.954243906430818072e-03
1.668398000000000000e+12	2.000000000000000000e+04	2.000000000000000000e+01	1.668398000000000000e+12	5.993142817628540620e-01	5.331359009385199139e-03	4.649100165640902664e-03
1.668398000000000000e+12	2.000000000000000000e+04	2.000000000000000000e+01	1.668398000000000000e+12	5.983376316841167997e-01	5.144160731918799058e-03	5.108588765163335314e-03
1.638356000000000000e+12	2.000000000000000000e+04	2.000000000000000000e+01	1.638356000000000000e+12	6.994339655248040799e-01	7.147357760518439906e-03	1.032664114184131095e-03
1.638356000000000000e+12	2.000000000000000000e+04	2.000000000000000000e+01	1.638356000000000000e+12	6.977473008438936919e-01	6.927382883641915005e-03	2.335652239475994717e-03
1.638356000000000000e+12	2.000000000000000000e+04	2.000000000000000000e+01	1.638356000000000000e+12	6.996791550474881216e-01	5.847035686824728594e-03	3.985964490487593943e-03
1.638356000000000000e+12	2.000000000000000000e+04	2.000000000000000000e+01	1.638356000000000000e+12	6.536340003638054785e-01	5.451192820854389338e-03	4.860760245504014247e-03
1.638356000000000000e+12	2.000000000000000000e+04	2.000000000000000000e+01	1.638356000000000000e+12	6.988144316342368434e-01	4.921681281399014132e-03	5.056452134501445914e-03
1.638356000000000000e+12	2.000000000000000000e+04	2.000000000000000000e+01	1.638356000000000000e+12	6.995265787143944980e-01	7.064935191872334479e-03	9.826222844883576203e-04
1.638356000000000000e+12	2.000000000000000000e+04	2.000000000000000000e+01	1.638356000000000000e+12	6.994742809556373508e-01	7.209822683132982753e-03	2.154098320830684626e-03
1.638356000000000000e+12	2.000000000000000000e+04	2.000000000000000000e+01	1.638356000000000000e+12	6.993080600781832468e-01	5.911433942186842226e-03	4.021735363201831698e-03
1.638356000000000000e+12	2.000000000000000000e+04	2.000000000000000000e+01	1.638356000000000000e+12	6.985955367604037569e-01	5.870005736456248603e-03	4.571291886745067028e-03
1.638356000000000000e+12	2.000000000000000000e+04	2.000000000000000000e+01	1.638356000000000000e+12	6.985932625370151472e-01	5.033262654290705969e-03	4.989274525460607457e-03
1.638356000000000000e+12	2.000000000000000000e+04	2.000000000000000000e+01	1.638356000000000000e+12	6.476547652431285940e-01	7.256365085904986981e-03	9.883574147669560613e-04
1.638356000000000000e+12	2.000000000000000000e+04	2.000000000000000000e+01	1.638356000000000000e+12	6.975035073349500347e-01	6.660364967553869704e-03	2.290171212684034580e-03
1.638356000000000000e+12	2.000000000000000000e+04	2.000000000000000000e+01	1.638356000000000000e+12	6.991124145101457188e-01	5.968399422220818304e-03	4.247547941200385813e-03
1.638356000000000000e+12	2.000000000000000000e+04	2.000000000000000000e+01	1.638356000000000000e+12	6.993733507332763333e-01	5.382743474243443724e-03	4.783727183068458601e-03
1.638356000000000000e+12	2.000000000000000000e+04	2.000000000000000000e+01	1.638356000000000000e+12	6.995191403154239485e-01	5.142057458070518373e-03	4.878018504755802717e-03
1.638356000000000000e+12	2.000000000000000000e+04	2.000000000000000000e+01	1.638356000000000000e+12	6.995384440027555550e-01	6.954345065520869777e-03	1.010179961615965396e-03
1.638356000000000000e+12	2.000000000000000000e+04	2.000000000000000000e+01	1.638356000000000000e+12	6.986015166657489894e-01	6.956445647126371923e-03	2.220377205144188036e-03
1.638356000000000000e+12	2.000000000000000000e+04	2.000000000000000000e+01	1.638356000000000000e+12	6.983659669689586957e-01	5.978275770244742028e-03	4.089665051867035980e-03
1.638356000000000000e+12	2.000000000000000000e+04	2.000000000000000000e+01	1.638356000000000000e+12	6.978698976447776925e-01	5.468567363237693095e-03	4.610382785838656843e-03
1.638356000000000000e+12	2.000000000000000000e+04	2.000000000000000000e+01	1.638356000000000000e+12	6.517039040314556164e-01	5.004530766616719847e-03	5.010271727949705892e-03
1.638356000000000000e+12	2.000000000000000000e+04	2.000000000000000000e+01	1.638356000000000000e+12	6.993525804629825426e-01	7.065503026273756496e-03	9.856483444877519023e-04
1.638356000000000000e+12	2.000000000000000000e+04	2.000000000000000000e+01	1.638356000000000000e+12	6.994506034341065881e-01	6.922022469819108861e-03	2.062991214550730611e-03
1.638356000000000000e+12	2.000000000000000000e+04	2.000000000000000000e+01	1.638356000000000000e+12	6.987706443136630918e-01	5.728119721840345575e-03	4.045508943367795950e-03
1.638356000000000000e+12	2.000000000000000000e+04	2.000000000000000000e+01	1.638356000000000000e+12	6.989334956732091708e-01	5.428201234483657871e-03	4.735420506755308456e-03
1.638356000000000000e+12	2.000000000000000000e+04	2.000000000000000000e+01	1.638356000000000000e+12	6.987461473729308370e-01	5.105364955363268786e-03	5.119108983259889126e-03
1.638356000000000000e+12	2.000000000000000000e+04	2.000000000000000000e+01	1.638356000000000000e+12	6.993996466023417735e-01	7.371725147054164831e-03	9.993449249664468521e-04
1.638356000000000000e+12	2.000000000000000000e+04	2.000000000000000000e+01	1.638356000000000000e+12	6.987884154850507734e-01	6.846404901970093611e-03	2.142177595767544990e-03
1.638356000000000000e+12	2.000000000000000000e+04	2.000000000000000000e+01	1.638356000000000000e+12	6.988051517081113051e-01	5.609756752123050069e-03	4.032718367457593239e-03
1.638356000000000000e+12	2.000000000000000000e+04	2.000000000000000000e+01	1.638356000000000000e+12	6.983272793979813375e-01	5.464955488339950582e-03	4.995334267596686709e-03
1.638356000000000000e+12	2.000000000000000000e+04	2.000000000000000000e+01	1.638356000000000000e+12	6.972821404005662416e-01	4.936432860990774482e-03	5.158590947617938335e-03
1.638356000000000000e+12	2.000000000000000000e+04	2.000000000000000000e+01	1.638356000000000000e+12	6.990418315299029572e-01	7.112003491630594296e-03	9.999743067076100923e-04
1.638356000000000000e+12	2.000000000000000000e+04	2.000000000000000000e+01	1.638356000000000000e+12	6.988092657468223390e-01	6.745733489563250466e-03	2.264176913914244752e-03
1.638356000000000000e+12	2.000000000000000000e+04	2.000000000000000000e+01	1.638356000000000000e+12	6.982617495467821067e-01	5.871504959235214309e-03	4.159041527697532846e-03
1.638356000000000000e+12	2.000000000000000000e+04	2.000000000000000000e+01	1.638356000000000000e+12	6.993873506214185465e-01	5.714599300803332657e-03	4.856989417992110467e-03
1.638356000000000000e+12	2.000000000000000000e+04	2.000000000000000000e+01	1.638356000000000000e+12	6.992196637484812127e-01	5.081468224973215847e-03	5.380802991590949609e-03
1.638356000000000000e+12	2.000000000000000000e+04	2.000000000000000000e+01	1.638356000000000000e+12	6.516446563833352412e-01	6.976854124287434726e-03	9.954508945843746140e-04
1.638356000000000000e+12	2.000000000000000000e+04	2.000000000000000000e+01	1.638356000000000000e+12	6.995642471969768517e-01	7.000082037120977652e-03	2.147440946342762426e-03
1.638356000000000000e+12	2.000000000000000000e+04	2.000000000000000000e+01	1.638356000000000000e+12	6.989250811122837970e-01	6.020907699273441056e-03	4.245671462219836531e-03
1.638356000000000000e+12	2.000000000000000000e+04	2.000000000000000000e+01	1.638356000000000000e+12	6.980948252429880485e-01	5.337277935085845207e-03	4.846139263256252043e-03
1.638356000000000000e+12	2.000000000000000000e+04	2.000000000000000000e+01	1.638356000000000000e+12	6.983771993824302582e-01	5.328892450818323648e-03	5.111479940087763213e-03
1.638356000000000000e+12	2.000000000000000000e+04	2.000000000000000000e+01	1.638356000000000000e+12	6.990284950783826057e-01	7.302911841433720914e-03	1.005700838708008856e-03
1.638356000000000000e+12	2.000000000000000000e+04	2.000000000000000000e+01	1.638356000000000000e+12	6.993933824754640094e-01	7.116323940019297564e-03	2.140375503002443433e-03
1.638356000000000000e+12	2.000000000000000000e+04	2.000000000000000000e+01	1.638356000000000000e+12	6.991850472913756498e-01	5.776988355454274783e-03	4.283408562698742469e-03
1.638356000000000000e+12	2.000000000000000000e+04	2.000000000000000000e+01	1.638356000000000000e+12	6.993313452856819712e-01	5.490585008916215939e-03	4.676698309780004566e-03
1.638356000000000000e+12	2.000000000000000000e+04	2.000000000000000000e+01	1.638356000000000000e+12	6.979416641458919823e-01	4.934883572236105007e-03	4.921540389565391520e-03
1.638356000000000000e+12	2.000000000000000000e+04	2.000000000000000000e+01	1.638356000000000000e+12	6.992084148883440653e-01	7.066314468068299152e-03	1.004934563719389173e-03
1.638356000000000000e+12	2.000000000000000000e+04	2.000000000000000000e+01	1.638356000000000000e+12	6.992867692291656612e-01	6.817398765848944713e-03	2.206970201557855414e-03
1.638356000000000000e+12	2.000000000000000000e+04	2.000000000000000000e+01	1.638356000000000000e+12	6.983224003797476875e-01	5.949671371860916318e-03	4.114082970160887198e-03
1.638356000000000000e+12	2.000000000000000000e+04	2.000000000000000000e+01	1.638356000000000000e+12	6.989563051925687942e-01	5.335947524427557542e-03	4.834018333966374342e-03
1.638356000000000000e+12	2.000000000000000000e+04	2.000000000000000000e+01	1.638356000000000000e+12	6.989719577725554966e-01	4.906559702012576116e-03	5.320834212010457781e-03
1.599798000000000000e+12	2.000000000000000000e+04	2.000000000000000000e+01	1.599798000000000000e+12	7.980379804406766420e-01	7.152142625913205168e-03	9.857191757758532093e-04
1.599798000000000000e+12	2.000000000000000000e+04	2.000000000000000000e+01	1.599798000000000000e+12	7.977552176442623821e-01	7.102610634000587793e-03	2.244772978079325344e-03
1.599798000000000000e+12	2.000000000000000000e+04	2.000000000000000000e+01	1.599798000000000000e+12	7.989213136231774204e-01	6.180546254685463127e-03	4.196100938177439732e-03
1.599798000000000000e+12	2.000000000000000000e+04	2.000000000000000000e+01	1.599798000000000000e+12	7.993656593674132171e-01	5.635767661800445034e-03	4.986210140738784810e-03
1.599798000000000000e+12	2.000000000000000000e+04	2.000000000000000000e+01	1.599798000000000000e+12	7.976766405967646856e-01	5.068285846988131171e-03	5.066244132184138764e-03
1.599798000000000000e+12	2.000000000000000000e+04	2.000000000000000000e+01	1.599798000000000000e+12	7.990780092014756475e-01	6.988539648467145642e-03	1.012758628118480943e-03
1.599798000000000000e+12	2.000000000000000000e+04	2.000000000000000000e+01	1.599798000000000000e+12	7.994287119113323570e-01	6.668734957508819575e-03	2.196186166024678525e-03
1.599798000000000000e+12	2.000000000000000000e+04	2.000000000000000000e+01	1.599798000000000000e+12	7.990795628045634924e-01	6.039401117881580162e-03	4.313726944227297411e-03
1.599798000000000000e+12	2.000000000000000000e+04	2.000000000000000000e+01	1.599798000000000000e+12	7.996635575565232967e-01	5.435937909891580544e-03	4.471918012765288032e-03
1.599798000000000000e+12	2.000000000000000000e+04	2.000000000000000000e+01	1.599798000000000000e+12	7.990017094032191292e-01	5.017139476965813520e-03	5.112418192237623907e-03
1.599798000000000000e+12	2.000000000000000000e+04	2.000000000000000000e+01	1.599798000000000000e+12	7.977672277609417772e-01	7.182974826551521627e-03	1.028894368688622416e-03
1.599798000000000000e+12	2.000000000000000000e+04	2.000000000000000000e+01	1.599798000000000000e+12	7.984229318763209626e-01	6.942858718272418642e-03	2.282034448252041013e-03
1.599798000000000000e+12	2.000000000000000000e+04	2.000000000000000000e+01	1.599798000000000000e+12	7.982315767529871708e-01	5.749222967464967526e-03	4.321260823649708711e-03
1.599798000000000000e+12	2.000000000000000000e+04	2.000000000000000000e+01	1.599798000000000000e+12	7.981763677256458189e-01	5.654704745933400965e-03	4.872564418788349720e-03
1.599798000000000000e+12	2.000000000000000000e+04	2.000000000000000000e+01	1.599798000000000000e+12	7.979697799942004899e-01	5.272889256719738571e-03	5.135836314965424795e-03
1.599798000000000000e+12	2.000000000000000000e+04	2.000000000000000000e+01	1.599798000000000000e+12	7.988638987873855069e-01	7.126195846658115243e-03	9.746890856179846446e-04
1.599798000000000000e+12	2.000000000000000000e+04	2.000000000000000000e+01	1.599798000000000000e+12	7.988331977788039051e-01	7.032559363427275112e-03	2.156927619054319848e-03
1.599798000000000000e+12	2.000000000000000000e+04	2.000000000000000000e+01	1.599798000000000000e+12	7.987498595908800736e-01	5.929278368024990323e-03	4.122261948286621430e-03
1.599798000000000000e+12	2.000000000000000000e+04	2.000000000000000000e+01	1.599798000000000000e+12	7.988453446134917701e-01	5.531526675461871483e-03	4.762109206422416099e-03
1.599798000000000000e+12	2.000000000000000000e+04	2.000000000000000000e+01	1.599798000000000000e+12	7.987354900390892798e-01	5.085695778994096111e-03	5.216568681093154518e-03
1.599798000000000000e+12	2.000000000000000000e+04	2.000000000000000000e+01	1.599798000000000000e+12	7.974826101913095044e-01	7.488888909048659233e-03	1.006702284783991905e-03
1.599798000000000000e+12	2.000000000000000000e+04	2.000000000000000000e+01	1.599798000000000000e+12	7.987338238241500354e-01	6.701698727901279906e-03	2.191035433695112406e-03
1.599798000000000000e+12	2.000000000000000000e+04	2.000000000000000000e+01	1.599798000000000000e+12	6.942208569756465053e-01	5.854499624613070455e-03	4.077341567109050643e-03
1.599798000000000000e+12	2.000000000000000000e+04	2.000000000000000000e+01	1.599798000000000000e+12	7.983343190965570546e-01	5.379336289431735710e-03	4.837096235158406567e-03
1.599798000000000000e+12	2.000000000000000000e+04	2.000000000000000000e+01	1.599798000000000000e+12	7.958994493321733810e-01	5.249863403621366810e-03	5.073570746329310321e-03
1.599798000000000000e+12	2.000000000000000000e+04	2.000000000000000000e+01	1.599798000000000000e+12	7.484430770687739987e-01	7.057341698676697188e-03	9.977196670700365713e-04
1.599798000000000000e+12	2.000000000000000000e+04	2.000000000000000000e+01	1.599798000000000000e+12	7.990223451546081268e-01	6.791603839707597082e-03	2.146428422467027645e-03
1.599798000000000000e+12	2.000000000000000000e+04	2.000000000000000000e+01	1.599798000000000000e+12	7.980346302071665843e-01	5.744611442264431836e-03	4.247075145291615873e-03
1.599798000000000000e+12	2.000000000000000000e+04	2.000000000000000000e+01	1.599798000000000000e+12	7.988361042878386886e-01	5.367447282061706473e-03	4.671886411239243274e-03
1.599798000000000000e+12	2.000000000000000000e+04	2.000000000000000000e+01	1.599798000000000000e+12	7.949018320957839112e-01	5.250552719806093546e-03	5.110042871234329008e-03
1.599798000000000000e+12	2.000000000000000000e+04	2.000000000000000000e+01	1.599798000000000000e+12	7.474265878801256147e-01	6.941823725473801436e-03	1.066020399979786693e-03
1.599798000000000000e+12	2.000000000000000000e+04	2.000000000000000000e+01	1.599798000000000000e+12	7.981048447989451677e-01	7.072366912005305546e-03	2.143085972530162607e-03
1.599798000000000000e+12	2.000000000000000000e+04	2.000000000000000000e+01	1.599798000000000000e+12	7.990077590126020146e-01	5.885969788286817342e-03	4.207668873219110213e-03
1.599798000000000000e+12	2.000000000000000000e+04	2.000000000000000000e+01	1.599798000000000000e+12	7.948112967403540008e-01	5.374683319303659793e-03	4.653643482052612947e-03
1.599798000000000000e+12	2.000000000000000000e+04	2.000000000000000000e+01	1.599798000000000000e+12	7.986677993730154634e-01	5.278360898137927047e-03	5.018024047341545883e-03
1.599798000000000000e+12	2.000000000000000000e+04	2.000000000000000000e+01	1.599798000000000000e+12	7.989842123800008356e-01	7.226382129596096819e-03	9.732657112510834877e-04
1.599798000000000000e+12	2.000000000000000000e+04	2.000000000000000000e+01	1.599798000000000000e+12	7.993055561922119967e-01	6.741090776519490131e-03	2.182425538459732521e-03
1.599798000000000000e+12	2.000000000000000000e+04	2.000000000000000000e+01	1.599798000000000000e+12	7.991657675211536471e-01	6.267092365242523874e-03	4.192054567367250149e-03
1.599798000000000000e+12	2.000000000000000000e+04	2.000000000000000000e+01	1.599798000000000000e+12	7.992965704556445061e-01	5.367099709429088567e-03	4.706369169053066862e-03
1.599798000000000000e+12	2.000000000000000000e+04	2.000000000000000000e+01	1.599798000000000000e+12	7.989833752229242858e-01	5.085122932534999821e-03	5.062838057959726488e-03
1.599798000000000000e+12	2.000000000000000000e+04	2.000000000000000000e+01	1.599798000000000000e+12	7.981274194061370730e-01	7.045148071266731440e-03	9.941650283768336312e-04
1.599798000000000000e+12	2.000000000000000000e+04	2.000000000000000000e+01	1.599798000000000000e+12	7.987892563903005172e-01	7.224387114864021589e-03	2.133271355756054775e-03
1.599798000000000000e+12	2.000000000000000000e+04	2.000000000000000000e+01	1.599798000000000000e+12	7.989339222421404374e-01	5.811458545908076805e-03	4.097337024900078901e-03
1.599798000000000000e+12	2.000000000000000000e+04	2.000000000000000000e+01	1.599798000000000000e+12	7.987961952399382781e-01	5.755823994182568057e-03	4.818675013360648220e-03
1.599798000000000000e+12	2.000000000000000000e+04	2.000000000000000000e+01	1.599798000000000000e+12	7.992013000886254437e-01	4.738596115343171079e-03	5.025533464044202800e-03
1.599798000000000000e+12	2.000000000000000000e+04	2.000000000000000000e+01	1.599798000000000000e+12	7.976653147229626484e-01	6.881441074611333031e-03	1.014327334217774530e-03
1.599798000000000000e+12	2.000000000000000000e+04	2.000000000000000000e+01	1.599798000000000000e+12	7.987500484569318715e-01	6.605741473648629909e-03	2.212855861733266892e-03
1.599798000000000000e+12	2.000000000000000000e+04	2.000000000000000000e+01	1.599798000000000000e+12	7.976145786062807108e-01	5.942973955226082960e-03	4.181646877678192945e-03
1.599798000000000000e+12	2.000000000000000000e+04	2.000000000000000000e+01	1.599798000000000000e+12	7.991337350909271109e-01	5.483945854024200803e-03	4.906840763452990917e-03
1.599798000000000000e+12	2.000000000000000000e+04	2.000000000000000000e+01	1.599798000000000000e+12	7.978333155639302232e-01	4.958244986290358085e-03	5.093554430478621636e-03
1.555462000000000000e+12	2.000000000000000000e+04	2.000000000000000000e+01	1.555462000000000000e+12	8.947951190372259722e-01	6.954930755675173271e-03	9.886229482504325840e-04
1.555462000000000000e+12	2.000000000000000000e+04	2.000000000000000000e+01	1.555462000000000000e+12	8.411841049018533578e-01	6.725255648917414890e-03	2.142459306206542964e-03
1.555462000000000000e+12	2.000000000000000000e+04	2.000000000000000000e+01	1.555462000000000000e+12	8.993085265140688955e-01	5.787560034245120381e-03	4.279269881672237430e-03
1.555462000000000000e+12	2.000000000000000000e+04	2.000000000000000000e+01	1.555462000000000000e+12	8.986790571191158872e-01	5.528437648422626118e-03	4.686082960375522431e-03
1.555462000000000000e+12	2.000000000000000000e+04	2.000000000000000000e+01	1.555462000000000000e+12	8.986686956213452149e-01	5.200740742947662296e-03	5.280695508053945449e-03
1.555462000000000000e+12	2.000000000000000000e+04	2.000000000000000000e+01	1.555462000000000000e+12	8.952381755617533354e-01	7.447879171242820402e-03	1.059598372430961858e-03
1.555462000000000000e+12	2.000000000000000000e+04	2.000000000000000000e+01	1.555462000000000000e+12	8.989634223785106792e-01	7.017630862818850616e-03	2.170140789447073774e-03
1.555462000000000000e+12	2.000000000000000000e+04	2.000000000000000000e+01	1.555462000000000000e+12	8.938804232645271020e-01	5.844143323646509326e-03	4.324390950764723032e-03
1.555462000000000000e+12	2.000000000000000000e+04	2.000000000000000000e+01	1.555462000000000000e+12	8.978130148377749808e-01	5.333784656682760521e-03	4.811965473297827658e-03
1.555462000000000000e+12	2.000000000000000000e+04	2.000000000000000000e+01	1.555462000000000000e+12	8.985772425094911142e-01	5.234183367410290451e-03	5.004868505156846899e-03
1.555462000000000000e+12	2.000000000000000000e+04	2.000000000000000000e+01	1.555462000000000000e+12	8.975956371497157971e-01	7.217236722121283914e-03	1.026311175713273379e-03
1.555462000000000000e+12	2.000000000000000000e+04	2.000000000000000000e+01	1.555462000000000000e+12	8.958739830074410326e-01	7.012161310884996827e-03	2.072183539055091374e-03
1.555462000000000000e+12	2.000000000000000000e+04	2.000000000000000000e+01	1.555462000000000000e+12	8.984306792842108313e-01	5.845454918613808212e-03	4.282431858499483913e-03
1.555462000000000000e+12	2.000000000000000000e+04	2.000000000000000000e+01	1.555462000000000000e+12	8.981004455489891569e-01	5.517183016829476337e-03	4.715918311886889945e-03
1.555462000000000000e+12	2.000000000000000000e+04	2.000000000000000000e+01	1.555462000000000000e+12	8.387860554196132634e-01	4.962593561673910893e-03	5.165872347047375385e-03
1.555462000000000000e+12	2.000000000000000000e+04	2.000000000000000000e+01	1.555462000000000000e+12	8.975226935550016938e-01	7.197141934936747594e-03	1.023370097840232669e-03
1.555462000000000000e+12	2.000000000000000000e+04	2.000000000000000000e+01	1.555462000000000000e+12	8.988957470382956672e-01	7.171612968949178657e-03	2.227186522029454309e-03
1.555462000000000000e+12	2.000000000000000000e+04	2.000000000000000000e+01	1.555462000000000000e+12	8.986020315506901834e-01	5.916974353370842328e-03	4.172503641881033717e-03
1.555462000000000000e+12	2.000000000000000000e+04	2.000000000000000000e+01	1.555462000000000000e+12	8.990560116776397104e-01	5.430670371666973528e-03	4.557095158205162234e-03
1.555462000000000000e+12	2.000000000000000000e+04	2.000000000000000000e+01	1.555462000000000000e+12	8.989463361168963385e-01	5.414336832799526884e-03	5.249881719086085460e-03
1.555462000000000000e+12	2.000000000000000000e+04	2.000000000000000000e+01	1.555462000000000000e+12	8.983050586623722022e-01	7.173274974504784476e-03	9.846355721848055933e-04
1.555462000000000000e+12	2.000000000000000000e+04	2.000000000000000000e+01	1.555462000000000000e+12	8.985833808788447064e-01	6.721964257974213583e-03	2.102714671403290055e-03
1.555462000000000000e+12	2.000000000000000000e+04	2.000000000000000000e+01	1.555462000000000000e+12	8.978395475603611064e-01	6.160816515958063115e-03	4.066218550368544057e-03
1.555462000000000000e+12	2.000000000000000000e+04	2.000000000000000000e+01	1.555462000000000000e+12	8.965550743286077040e-01	5.364289350045054090e-03	4.998323125094365250e-03
1.555462000000000000e+12	2.000000000000000000e+04	2.000000000000000000e+01	1.555462000000000000e+12	8.416819543593060393e-01	5.267149013036100461e-03	5.267988376056359154e-03
1.555462000000000000e+12	2.000000000000000000e+04	2.000000000000000000e+01	1.555462000000000000e+12	8.992222614594720387e-01	7.257593484040740332e-03	1.018208118169955639e-03
1.555462000000000000e+12	2.000000000000000000e+04	2.000000000000000000e+01	1.555462000000000000e+12	8.986381643152345777e-01	6.740550635766655134e-03	2.168795129892492866e-03
1.555462000000000000e+12	2.000000000000000000e+04	2.000000000000000000e+01	1.555462000000000000e+12	8.972157774049265289e-01	6.057024094737272109e-03	3.937942782418371243e-03
1.555462000000000000e+12	2.000000000000000000e+04	2.000000000000000000e+01	1.555462000000000000e+12	8.990508758322903748e-01	5.311196926443265652e-03	4.646557555393116858e-03
1.555462000000000000e+12	2.000000000000000000e+04	2.000000000000000000e+01	1.555462000000000000e+12	8.961891379066220242e-01	4.911597023302995135e-03	5.323483384113199962e-03
1.555462000000000000e+12	2.000000000000000000e+04	2.000000000000000000e+01	1.555462000000000000e+12	8.972493981013759390e-01	7.041964414055886315e-03	1.013560031559366604e-03
1.555462000000000000e+12	2.000000000000000000e+04	2.000000000000000000e+01	1.555462000000000000e+12	8.992349504303638330e-01	6.909715632815585824e-03	2.221895902828711303e-03
1.555462000000000000e+12	2.000000000000000000e+04	2.000000000000000000e+01	1.555462000000000000e+12	8.990822681592544052e-01	5.709369101052945254e-03	4.232169312317016902e-03
1.555462000000000000e+12	2.000000000000000000e+04	2.000000000000000000e+01	1.555462000000000000e+12	8.986033463312560476e-01	5.451391402937023900e-03	4.656393519549481552e-03
1.555462000000000000e+12	2.000000000000000000e+04	2.000000000000000000e+01	1.555462000000000000e+12	8.985732536408977955e-01	5.028632277251650351e-03	5.085448885657180632e-03
1.555462000000000000e+12	2.000000000000000000e+04	2.000000000000000000e+01	1.555462000000000000e+12	8.963273202068012813e-01	6.964778750009062262e-03	1.027238717186713859e-03
1.555462000000000000e+12	2.000000000000000000e+04	2.000000000000000000e+01	1.555462000000000000e+12	8.988708876894815347e-01	6.777951715158170472e-03	2.227225685167308952e-03
1.555462000000000000e+12	2.000000000000000000e+04	2.000000000000000000e+01	1.555462000000000000e+12	8.955510393769874344e-01	5.777051972110322856e-03	4.140444591975231056e-03
1.555462000000000000e+12	2.000000000000000000e+04	2.000000000000000000e+01	1.555462000000000000e+12	8.958491459525976808e-01	5.653983980626968095e-03	4.820320681093358262e-03
1.555462000000000000e+12	2.000000000000000000e+04	2.000000000000000000e+01	1.555462000000000000e+12	8.987820903922691951e-01	4.991793850054286087e-03	4.927935377759417972e-03
1.555462000000000000e+12	2.000000000000000000e+04	2.000000000000000000e+01	1.555462000000000000e+12	8.987170899489502762e-01	6.995389054662157040e-03	9.714819323213731575e-04
1.555462000000000000e+12	2.000000000000000000e+04	2.000000000000000000e+01	1.555462000000000000e+12	8.985085153379988032e-01	7.331113341584513492e-03	2.108513145230986319e-03
1.555462000000000000e+12	2.000000000000000000e+04	2.000000000000000000e+01	1.555462000000000000e+12	8.958804730190241816e-01	5.934526823326587326e-03	4.116292418642414699e-03
1.555462000000000000e+12	2.000000000000000000e+04	2.000000000000000000e+01	1.555462000000000000e+12	8.991345336492667650e-01	5.539841912803247261e-03	4.688638504769727933e-03
1.555462000000000000e+12	2.000000000000000000e+04	2.000000000000000000e+01	1.555462000000000000e+12	8.987425666880153319e-01	4.931575429403898397e-03	5.001538137548040483e-03
1.555462000000000000e+12	2.000000000000000000e+04	2.000000000000000000e+01	1.555462000000000000e+12	8.974666791473646654e-01	7.482058426446372770e-03	9.918413878754735267e-04
1.555462000000000000e+12	2.000000000000000000e+04	2.000000000000000000e+01	1.555462000000000000e+12	8.986395774589983620e-01	6.953383351943569386e-03	2.103124457100966072e-03
1.555462000000000000e+12	2.000000000000000000e+04	2.000000000000000000e+01	1.555462000000000000e+12	8.975641382479807584e-01	6.310365201517727056e-03	4.059194056906233541e-03
1.555462000000000000e+12	2.000000000000000000e+04	2.000000000000000000e+01	1.555462000000000000e+12	8.973915122516336051e-01	5.331859996733732433e-03	4.711993632071375532e-03
1.555462000000000000e+12	2.000000000000000000e+04	2.000000000000000000e+01	1.555462000000000000e+12	8.992960972608126102e-01	4.825913641359631454e-03	5.024592777338282752e-03
1.507270000000000000e+12	2.000000000000000000e+04	2.000000000000000000e+01	1.507270000000000000e+12	9.914497471603317402e-01	7.079519865131203918e-03	9.860202578013995810e-04
1.507270000000000000e+12	2.000000000000000000e+04	2.000000000000000000e+01	1.507270000000000000e+12	9.968170253165226091e-01	6.755520451074488626e-03	2.152044160581485267e-03
1.507270000000000000e+12	2.000000000000000000e+04	2.000000000000000000e+01	1.507270000000000000e+12	9.972444760351573123e-01	6.053263428622439324e-03	4.217829422706154997e-03
1.507270000000000000e+12	2.000000000000000000e+04	2.000000000000000000e+01	1.507270000000000000e+12	9.989174654171801837e-01	5.271974770603725380e-03	4.630635990845031157e-03
1.507270000000000000e+12	2.000000000000000000e+04	2.000000000000000000e+01	1.507270000000000000e+12	9.975240349934756390e-01	4.937592342789617200e-03	5.118490481023753660e-03
1.507270000000000000e+12	2.000000000000000000e+04	2.000000000000000000e+01	1.507270000000000000e+12	9.345217162124608290e-01	7.094741313318750180e-03	1.055297089463130443e-03
1.507270000000000000e+12	2.000000000000000000e+04	2.000000000000000000e+01	1.507270000000000000e+12	9.980874683536967718e-01	6.993470605669546529e-03	2.208570728192932146e-03
1.507270000000000000e+12	2.000000000000000000e+04	2.000000000000000000e+01	1.507270000000000000e+12	9.983376137551749352e-01	5.941944656620507317e-03	4.119447777509059778e-03
1.507270000000000000e+12	2.000000000000000000e+04	2.000000000000000000e+01	1.507270000000000000e+12	9.980174895375603095e-01	5.433565442903699402e-03	4.766554497415358138e-03
1.507270000000000000e+12	2.000000000000000000e+04	2.000000000000000000e+01	1.507270000000000000e+12	9.972234354749162089e-01	5.155629040536350433e-03	4.998032402272829973e-03
1.507270000000000000e+12	2.000000000000000000e+04	2.000000000000000000e+01	1.507270000000000000e+12	9.346937609455631124e-01	7.264209668014906182e-03	9.859217762351051191e-04
1.507270000000000000e+12	2.000000000000000000e+04	2.000000000000000000e+01	1.507270000000000000e+12	9.977906039262961491e-01	6.999719285079234257e-03	2.203081407760702770e-03
1.507270000000000000e+12	2.000000000000000000e+04	2.000000000000000000e+01	1.507270000000000000e+12	9.987240332907457718e-01	5.897915619656255229e-03	4.131849838603096625e-03
1.507270000000000000e+12	2.000000000000000000e+04	2.000000000000000000e+01	1.507270000000000000e+12	9.991582776301219937e-01	5.563056514245911729e-03	4.612792500160623962e-03
1.507270000000000000e+12	2.000000000000000000e+04	2.000000000000000000e+01	1.507270000000000000e+12	9.955824467166166647e-01	5.011663341108719798e-03	5.127660318967897264e-03
1.507270000000000000e+12	2.000000000000000000e+04	2.000000000000000000e+01	1.507270000000000000e+12	9.980626470597053768e-01	7.626556344811538310e-03	9.642060449024042815e-04
1.507270000000000000e+12	2.000000000000000000e+04	2.000000000000000000e+01	1.507270000000000000e+12	9.986453215704387265e-01	7.063630824341263215e-03	2.134000609119896062e-03
1.507270000000000000e+12	2.000000000000000000e+04	2.000000000000000000e+01	1.507270000000000000e+12	9.982162753141892164e-01	6.043484425179973703e-03	4.138582426169929232e-03
1.507270000000000000e+12	2.000000000000000000e+04	2.000000000000000000e+01	1.507270000000000000e+12	9.988224693508163110e-01	5.326355155380431243e-03	4.733273394596044722e-03
1.507270000000000000e+12	2.000000000000000000e+04	2.000000000000000000e+01	1.507270000000000000e+12	9.983167512746877748e-01	4.987640513131094688e-03	5.424894916656310302e-03
1.507270000000000000e+12	2.000000000000000000e+04	2.000000000000000000e+01	1.507270000000000000e+12	9.984600052714449614e-01	7.573745046872196011e-03	1.009779557886195068e-03
1.507270000000000000e+12	2.000000000000000000e+04	2.000000000000000000e+01	1.507270000000000000e+12	9.962190624144204865e-01	6.990093068922349773e-03	2.128303614961675992e-03
1.507270000000000000e+12	2.000000000000000000e+04	2.000000000000000000e+01	1.507270000000000000e+12	9.981007656941438544e-01	5.641633050864612066e-03	4.295456602231089230e-03
1.507270000000000000e+12	2.000000000000000000e+04	2.000000000000000000e+01	1.507270000000000000e+12	9.992325036476904510e-01	5.373650700936124028e-03	4.673927204465752085e-03
1.507270000000000000e+12	2.000000000000000000e+04	2.000000000000000000e+01	1.507270000000000000e+12	9.977396172094813442e-01	5.264655864428868792e-03	4.893643266912195075e-03
1.507270000000000000e+12	2.000000000000000000e+04	2.000000000000000000e+01	1.507270000000000000e+12	9.864113125618677591e-01	7.319529177107690458e-03	1.016048933840864744e-03
1.507270000000000000e+12	2.000000000000000000e+04	2.000000000000000000e+01	1.507270000000000000e+12	9.966413354090036814e-01	6.753309732841009105e-03	2.128380633477170488e-03
1.507270000000000000e+12	2.000000000000000000e+04	2.000000000000000000e+01	1.507270000000000000e+12	9.985157956591137474e-01	5.773655183561691821e-03	4.060685011902075321e-03
1.507270000000000000e+12	2.000000000000000000e+04	2.000000000000000000e+01	1.507270000000000000e+12	9.970078422150981945e-01	5.553069840330212420e-03	4.650341227973325657e-03
1.507270000000000000e+12	2.000000000000000000e+04	2.000000000000000000e+01	1.507270000000000000e+12	9.978397991990277660e-01	5.129229801689144663e-03	4.937615193381478598e-03
1.507270000000000000e+12	2.000000000000000000e+04	2.000000000000000000e+01	1.507270000000000000e+12	9.985178844614711613e-01	7.586882070563190361e-03	1.012339663559755657e-03
1.507270000000000000e+12	2.000000000000000000e+04	2.000000000000000000e+01	1.507270000000000000e+12	9.982041104702512602e-01	6.943837775308095081e-03	2.158569446083553715e-03
1.507270000000000000e+12	2.000000000000000000e+04	2.000000000000000000e+01	1.507270000000000000e+12	9.989796710691735138e-01	5.726171639157016761e-03	4.323558422604056699e-03
1.507270000000000000e+12	2.000000000000000000e+04	2.000000000000000000e+01	1.507270000000000000e+12	9.345765944535063818e-01	5.254091634005005410e-03	4.640665363103433153e-03
1.507270000000000000e+12	2.000000000000000000e+04	2.000000000000000000e+01	1.507270000000000000e+12	9.953824795495529454e-01	5.514473504595253373e-03	4.983139272661210595e-03
1.507270000000000000e+12	2.000000000000000000e+04	2.000000000000000000e+01	1.507270000000000000e+12	9.992335512792852592e-01	7.509947265617085074e-03	9.671549257917628215e-04
1.507270000000000000e+12	2.000000000000000000e+04	2.000000000000000000e+01	1.507270000000000000e+12	9.991287879637820168e-01	6.910318235922589987e-03	2.185139083644290717e-03
1.507270000000000000e+12	2.000000000000000000e+04	2.000000000000000000e+01	1.507270000000000000e+12	9.981399046592922542e-01	5.774816746285467775e-03	4.128952760609103448e-03
1.507270000000000000e+12	2.000000000000000000e+04	2.000000000000000000e+01	1.507270000000000000e+12	9.978202800989312005e-01	5.276623928131185873e-03	4.529757916534709813e-03
1.507270000000000000e+12	2.000000000000000000e+04	2.000000000000000000e+01	1.507270000000000000e+12	9.984693993791371458e-01	5.219486517022908605e-03	5.187241254706070892e-03
1.507270000000000000e+12	2.000000000000000000e+04	2.000000000000000000e+01	1.507270000000000000e+12	9.975835486590222123e-01	7.164276337864032562e-03	1.033667721215300855e-03
1.507270000000000000e+12	2.000000000000000000e+04	2.000000000000000000e+01	1.507270000000000000e+12	9.994670992304964807e-01	6.915656922926267589e-03	2.173411178980332384e-03
1.507270000000000000e+12	2.000000000000000000e+04	2.000000000000000000e+01	1.507270000000000000e+12	9.987162886313308841e-01	5.775230517782449849e-03	4.024495191102012148e-03
1.507270000000000000e+12	2.000000000000000000e+04	2.000000000000000000e+01	1.507270000000000000e+12	9.980607570900975611e-01	5.792734107398041753e-03	4.793006351755035518e-03
1.507270000000000000e+12	2.000000000000000000e+04	2.000000000000000000e+01	1.507270000000000000e+12	9.995007730456928474e-01	5.046268507247929011e-03	5.200155623350093473e-03
1.507270000000000000e+12	2.000000000000000000e+04	2.000000000000000000e+01	1.507270000000000000e+12	9.986016687925802771e-01	6.932750505546233892e-03	9.623903467366893075e-04
1.507270000000000000e+12	2.000000000000000000e+04	2.000000000000000000e+01	1.507270000000000000e+12	9.974761118684181138e-01	6.716420364540624972e-03	2.134188650939924763e-03
1.507270000000000000e+12	2.000000000000000000e+04	2.000000000000000000e+01	1.507270000000000000e+12	9.986737145402366789e-01	5.748249972780058309e-03	4.138621841754897869e-03
1.507270000000000000e+12	2.000000000000000000e+04	2.000000000000000000e+01	1.507270000000000000e+12	9.988586554124776473e-01	5.362274626172193297e-03	4.791194101794765681e-03
1.507270000000000000e+12	2.000000000000000000e+04	2.000000000000000000e+01	1.507270000000000000e+12	9.990841831067518442e-01	5.103124978638191866e-03	5.033938500070308034e-03
