# SourcePhotonFlux	NumberRaysSurvived	PercentageRaysSurvived	PhotonFlux	Bandwidth	HorizontalFocusFWHM	VerticalFocusFWHM
6.812500000000000000e+12	1.000000000000000000e+05	1.000000000000000000e+02	6.812500000000000000e+12	4.981627379384008236e-01	3.519526578792929461e-02	4.970854445213822650e-03
6.812500000000000000e+12	1.000000000000000000e+05	1.000000000000000000e+02	6.812500000000000000e+12	4.995821060534126334e-01	3.298520167107162060e-02	1.073296642593292959e-02
6.812500000000000000e+12	1.000000000000000000e+05	1.000000000000000000e+02	6.812500000000000000e+12	4.995651941637334059e-01	3.057825722180021466e-02	2.186480122409005522e-02
6.812500000000000000e+12	1.000000000000000000e+05	1.000000000000000000e+02	6.812500000000000000e+12	4.983636822914945808e-01	2.732463271228611698e-02	2.389574464391531344e-02
6.812500000000000000e+12	1.000000000000000000e+05	1.000000000000000000e+02	6.812500000000000000e+12	4.994652352241473747e-01	2.508157648740636653e-02	2.628476135687642795e-02
6.812500000000000000e+12	1.000000000000000000e+05	1.000000000000000000e+02	6.812500000000000000e+12	4.993868685990264789e-01	3.418600180144894252e-02	5.277564253173423411e-03
6.812500000000000000e+12	1.000000000000000000e+05	1.000000000000000000e+02	6.812500000000000000e+12	4.993754093066513633e-01	3.395607912131818479e-02	1.091693522764859182e-02
6.812500000000000000e+12	1.000000000000000000e+05	1.000000000000000000e+02	6.812500000000000000e+12	4.674481470589221810e-01	2.860385718613300821e-02	2.028631042243120991e-02
6.812500000000000000e+12	1.000000000000000000e+05	1.000000000000000000e+02	6.812500000000000000e+12	4.991650310042586858e-01	2.783444927783988374e-02	2.437921120246368256e-02
6.812500000000000000e+12	1.000000000000000000e+05	1.000000000000000000e+02	6.812500000000000000e+12	4.676700419590326119e-01	2.661798174175057305e-02	2.560493186620483794e-02
6.812500000000000000e+12	1.000000000000000000e+05	1.000000000000000000e+02	6.812500000000000000e+12	4.992386625582298509e-01	3.709256230244881852e-02	5.151488629832635772e-03
6.812500000000000000e+12	1.000000000000000000e+05	1.000000000000000000e+02	6.812500000000000000e+12	4.995282291968237698e-01	3.333860377730305663e-02	1.081253173777856937e-02
6.812500000000000000e+12	1.000000000000000000e+05	1.000000000000000000e+02	6.812500000000000000e+12	4.996561342893414692e-01	2.956364367812775937e-02	2.113112801646772204e-02
6.812500000000000000e+12	1.000000000000000000e+05	1.000000000000000000e+02	6.812500000000000000e+12	4.665997751664907045e-01	2.731605913349993697e-02	2.346249164752274574e-02
6.812500000000000000e+12	1.000000000000000000e+05	1.000000000000000000e+02	6.812500000000000000e+12	4.992182908071981506e-01	2.596044775659513484e-02	2.518967855694330751e-02
6.812500000000000000e+12	1.000000000000000000e+05	1.000000000000000000e+02	6.812500000000000000e+12	4.993165435400896968e-01	3.501978388219164490e-02	5.014350321449879619e-03
6.812500000000000000e+12	1.000000000000000000e+05	1.000000000000000000e+02	6.812500000000000000e+12	4.989870046032251483e-01	3.347262803469380765e-02	1.058791308492834302e-02
6.812500000000000000e+12	1.000000000000000000e+05	1.000000000000000000e+02	6.812500000000000000e+12	4.995011373120519238e-01	3.019072831940879803e-02	2.093795425299640675e-02
6.812500000000000000e+12	1.000000000000000000e+05	1.000000000000000000e+02	6.812500000000000000e+12	4.990199599054676582e-01	2.904263756651409567e-02	2.310427744616540269e-02
6.812500000000000000e+12	1.000000000000000000e+05	1.000000000000000000e+02	6.812500000000000000e+12	4.991044222148275367e-01	2.582318583010042440e-02	2.526191950003934747e-02
6.812500000000000000e+12	1.000000000000000000e+05	1.000000000000000000e+02	6.812500000000000000e+12	4.993793664325494319e-01	3.657537626056574925e-02	5.225583496806363200e-03
6.812500000000000000e+12	1.000000000000000000e+05	1.000000000000000000e+02	6.812500000000000000e+12	4.981029151588131643e-01	3.435487340850222615e-02	1.154493831154807318e-02
6.812500000000000000e+12	1.000000000000000000e+05	1.000000000000000000e+02	6.812500000000000000e+12	4.978201037684357178e-01	2.932753049966059164e-02	1.981944054131287020e-02
6.812500000000000000e+12	1.000000000000000000e+05	1.000000000000000000e+02	6.812500000000000000e+12	4.976906709692798247e-01	2.813744377727898233e-02	2.342423978697876635e-02
6.812500000000000000e+12	1.000000000000000000e+05	1.000000000000000000e+02	6.812500000000000000e+12	4.990278905684704114e-01	2.593507728262458428e-02	2.483265139416568346e-02
6.812500000000000000e+12	1.000000000000000000e+05	1.000000000000000000e+02	6.812500000000000000e+12	4.677086689536855135e-01	3.629676514072473215e-02	4.833419553848368466e-03
6.812500000000000000e+12	1.000000000000000000e+05	1.000000000000000000e+02	6.812500000000000000e+12	4.989307670030029840e-01	3.468096454160510267e-02	1.103933148257327246e-02
6.812500000000000000e+12	1.000000000000000000e+05	1.000000000000000000e+02	6.812500000000000000e+12	4.992058277756427631e-01	2.877151661212177386e-02	2.002130690682207143e-02
6.812500000000000000e+12	1.000000000000000000e+05	1.000000000000000000e+02	6.812500000000000000e+12	4.996651195786398492e-01	2.687716231219553636e-02	2.315397605877378417e-02
6.812500000000000000e+12	1.000000000000000000e+05	1.000000000000000000e+02	6.812500000000000000e+12	4.994551471341310278e-01	2.597560867650317018e-02	2.527104463067143120e-02
6.812500000000000000e+12	1.000000000000000000e+05	1.000000000000000000e+02	6.812500000000000000e+12	4.993765698439915357e-01	3.594086556515842246e-02	5.096280837452112772e-03
6.812500000000000000e+12	1.000000000000000000e+05	1.000000000000000000e+02	6.812500000000000000e+12	4.994959425603155978e-01	3.449113003936020438e-02	1.120319682924270956e-02
6.812500000000000000e+12	1.000000000000000000e+05	1.000000000000000000e+02	6.812500000000000000e+12	4.995227063807533563e-01	2.759156045522207640e-02	2.140277879588022708e-02
6.812500000000000000e+12	1.000000000000000000e+05	1.000000000000000000e+02	6.812500000000000000e+12	4.986041542109205804e-01	2.784081251200707860e-02	2.405819796089068291e-02
6.812500000000000000e+12	1.000000000000000000e+05	1.000000000000000000e+02	6.812500000000000000e+12	4.986425685609106040e-01	2.662581878285278508e-02	2.600130699210131263e-02
6.812500000000000000e+12	1.000000000000000000e+05	1.000000000000000000e+02	6.812500000000000000e+12	4.995179033614590702e-01	3.773244280116606897e-02	5.174309792355236311e-03
6.812500000000000000e+12	1.000000000000000000e+05	1.000000000000000000e+02	6.812500000000000000e+12	4.994713661536479554e-01	3.441290426873823416e-02	1.093696660724330534e-02
6.812500000000000000e+12	1.000000000000000000e+05	1.000000000000000000e+02	6.812500000000000000e+12	4.993078897490931811e-01	2.992622988214650032e-02	2.078199493753819099e-02
6.812500000000000000e+12	1.000000000000000000e+05	1.000000000000000000e+02	6.812500000000000000e+12	4.992888390208122251e-01	2.656252526805815209e-02	2.332031793451146487e-02
6.812500000000000000e+12	1.000000000000000000e+05	1.000000000000000000e+02	6.812500000000000000e+12	4.995490829605387373e-01	2.577573389719268332e-02	2.502535095438408394e-02
6.812500000000000000e+12	1.000000000000000000e+05	1.000000000000000000e+02	6.812500000000000000e+12	4.994271184833906085e-01	3.482243993260997206e-02	4.930890167907040975e-03
6.812500000000000000e+12	1.000000000000000000e+05	1.000000000000000000e+02	6.812500000000000000e+12	4.977005143623386973e-01	3.272688381211909942e-02	1.112096376857187041e-02
6.812500000000000000e+12	1.000000000000000000e+05	1.000000000000000000e+02	6.812500000000000000e+12	4.669803304739669203e-01	2.923832608314005238e-02	2.176668025377509474e-02
6.812500000000000000e+12	1.000000000000000000e+05	1.000000000000000000e+02	6.812500000000000000e+12	4.979233453887218497e-01	2.760537760906599594e-02	2.433638893682271015e-02
6.812500000000000000e+12	1.000000000000000000e+05	1.000000000000000000e+02	6.812500000000000000e+12	4.986057394180875013e-01	2.517818180197291603e-02	2.462466412459571319e-02
6.812500000000000000e+12	1.000000000000000000e+05	1.000000000000000000e+02	6.812500000000000000e+12	4.979889138512930691e-01	3.519888948807285006e-02	5.267248762688657437e-03
6.812500000000000000e+12	1.000000000000000000e+05	1.000000000000000000e+02	6.812500000000000000e+12	4.991729183270194881e-01	3.303031976635852768e-02	1.064567539731849956e-02
6.812500000000000000e+12	1.000000000000000000e+05	1.000000000000000000e+02	6.812500000000000000e+12	4.993974292091820644e-01	2.849732860111625632e-02	2.050804923940874672e-02
6.812500000000000000e+12	1.000000000000000000e+05	1.000000000000000000e+02	6.812500000000000000e+12	4.990679794927359580e-01	2.639888599154781648e-02	2.266709907364478777e-02
6.812500000000000000e+12	1.000000000000000000e+05	1.000000000000000000e+02	6.812500000000000000e+12	4.989627457161759372e-01	2.729193526888121918e-02	2.562385882831776443e-02
7.830100000000000000e+12	1.000000000000000000e+05	1.000000000000000000e+02	7.830100000000000000e+12	9.870770309485579208e-01	3.686921794327890911e-02	5.029780533241276844e-03
7.830100000000000000e+12	1.000000000000000000e+05	1.000000000000000000e+02	7.830100000000000000e+12	9.991255999339273552e-01	3.461580458816164441e-02	1.068570574186588143e-02
7.830100000000000000e+12	1.000000000000000000e+05	1.000000000000000000e+02	7.830100000000000000e+12	9.986480740282331903e-01	2.805151730045130770e-02	2.071194238949820160e-02
7.830100000000000000e+12	1.000000000000000000e+05	1.000000000000000000e+02	7.830100000000000000e+12	9.982273520554599822e-01	2.859974208657433195e-02	2.398165762253680333e-02
7.830100000000000000e+12	1.000000000000000000e+05	1.000000000000000000e+02	7.830100000000000000e+12	9.985013415563799288e-01	2.629412368309554798e-02	2.503090309587890222e-02
7.830100000000000000e+12	1.000000000000000000e+05	1.000000000000000000e+02	7.830100000000000000e+12	9.333579785875697477e-01	3.580742779509455548e-02	5.263211357006769911e-03
7.830100000000000000e+12	1.000000000000000000e+05	1.000000000000000000e+02	7.830100000000000000e+12	9.981065547803836813e-01	3.470051141213911089e-02	1.139026647588979244e-02
7.830100000000000000e+12	1.000000000000000000e+05	1.000000000000000000e+02	7.830100000000000000e+12	9.952922331925264654e-01	3.051135589727839784e-02	1.989281182449500335e-02
7.830100000000000000e+12	1.000000000000000000e+05	1.000000000000000000e+02	7.830100000000000000e+12	9.986000824643042062e-01	2.695566465597706851e-02	2.259476876865758668e-02
7.830100000000000000e+12	1.000000000000000000e+05	1.000000000000000000e+02	7.830100000000000000e+12	9.984812776291391856e-01	2.574011859498269092e-02	2.648942872500302873e-02
7.830100000000000000e+12	1.000000000000000000e+05	1.000000000000000000e+02	7.830100000000000000e+12	9.990697019813297164e-01	3.490792974701324713e-02	5.247213499569018669e-03
7.830100000000000000e+12	1.000000000000000000e+05	1.000000000000000000e+02	7.830100000000000000e+12	9.967605460018603702e-01	3.406976800447770320e-02	1.116504731686669347e-02
7.830100000000000000e+12	1.000000000000000000e+05	1.000000000000000000e+02	7.830100000000000000e+12	9.987704300629957066e-01	2.980227527027499296e-02	2.118033565073696584e-02
7.830100000000000000e+12	1.000000000000000000e+05	1.000000000000000000e+02	7.830100000000000000e+12	9.984945646218648108e-01	2.698485923612523041e-02	2.441080409105039414e-02
7.830100000000000000e+12	1.000000000000000000e+05	1.000000000000000000e+02	7.830100000000000000e+12	9.949501444283214147e-01	2.517096869359312580e-02	2.537469090770888558e-02
7.830100000000000000e+12	1.000000000000000000e+05	1.000000000000000000e+02	7.830100000000000000e+12	9.989162806489730873e-01	3.448430268279131100e-02	5.127283042695235209e-03
7.830100000000000000e+12	1.000000000000000000e+05	1.000000000000000000e+02	7.830100000000000000e+12	9.979525231526622520e-01	3.299111783669970294e-02	1.074761928723327875e-02
7.830100000000000000e+12	1.000000000000000000e+05	1.000000000000000000e+02	7.830100000000000000e+12	9.987533330101314721e-01	2.976433183422353898e-02	2.055872436349053672e-02
7.830100000000000000e+12	1.000000000000000000e+05	1.000000000000000000e+02	7.830100000000000000e+12	9.985522848308618915e-01	2.670667648399639021e-02	2.370676456197354232e-02
7.830100000000000000e+12	1.000000000000000000e+05	1.000000000000000000e+02	7.830100000000000000e+12	9.979653742821710249e-01	2.554146836434304652e-02	2.564394118301902004e-02
7.830100000000000000e+12	1.000000000000000000e+05	1.000000000000000000e+02	7.830100000000000000e+12	9.989223888885589986e-01	3.597362353163564841e-02	5.205789652294308574e-03
7.830100000000000000e+12	1.000000000000000000e+05	1.000000000000000000e+02	7.830100000000000000e+12	9.988599697434665803e-01	3.254827770143260690e-02	1.054327836602698791e-02
7.830100000000000000e+12	1.000000000000000000e+05	1.000000000000000000e+02	7.830100000000000000e+12	9.980389987314992606e-01	3.137637078672517871e-02	2.080626835277630399e-02
7.830100000000000000e+12	1.000000000000000000e+05	1.000000000000000000e+02	7.830100000000000000e+12	9.986838164715209354e-01	2.788294382890044165e-02	2.319227983828546849e-02
7.830100000000000000e+12	1.000000000000000000e+05	1.000000000000000000e+02	7.830100000000000000e+12	9.981371880507140526e-01	2.555910978530398503e-02	2.617001958791539268e-02
7.830100000000000000e+12	1.000000000000000000e+05	1.000000000000000000e+02	7.830100000000000000e+12	9.973656705317125448e-01	3.588411014750370054e-02	4.987230390284635821e-03
7.830100000000000000e+12	1.000000000000000000e+05	1.000000000000000000e+02	7.830100000000000000e+12	9.988774792483127163e-01	3.507057977583123709e-02	1.077014279984484998e-02
7.830100000000000000e+12	1.000000000000000000e+05	1.000000000000000000e+02	7.830100000000000000e+12	9.988375133300678721e-01	2.785850379949456057e-02	2.107305191997100452e-02
7.830100000000000000e+12	1.000000000000000000e+05	1.000000000000000000e+02	7.830100000000000000e+12	9.974236641064635478e-01	2.859724679213859755e-02	2.221870061961079765e-02
7.830100000000000000e+12	1.000000000000000000e+05	1.000000000000000000e+02	7.830100000000000000e+12	9.963152593804125434e-01	2.504884338003746796e-02	2.414774915800994848e-02
7.830100000000000000e+12	1.000000000000000000e+05	1.000000000000000000e+02	7.830100000000000000e+12	9.982774003890199088e-01	3.573627703288537183e-02	4.886611936331411617e-03
7.830100000000000000e+12	1.000000000000000000e+05	1.000000000000000000e+02	7.830100000000000000e+12	9.986908325954573229e-01	3.412910318720101255e-02	1.108362418366212916e-02
7.830100000000000000e+12	1.000000000000000000e+05	1.000000000000000000e+02	7.830100000000000000e+12	9.982650852282631826e-01	3.012656028189469870e-02	2.123645581586718414e-02
7.830100000000000000e+12	1.000000000000000000e+05	1.000000000000000000e+02	7.830100000000000000e+12	9.989342900462361285e-01	2.693357466715825058e-02	2.298628473791857613e-02
7.830100000000000000e+12	1.000000000000000000e+05	1.000000000000000000e+02	7.830100000000000000e+12	9.987157835345442658e-01	2.555899925434234471e-02	2.643449969525284507e-02
7.830100000000000000e+12	1.000000000000000000e+05	1.000000000000000000e+02	7.830100000000000000e+12	9.982265010260562565e-01	3.404133190801732212e-02	5.191505082894436011e-03
7.830100000000000000e+12	1.000000000000000000e+05	1.000000000000000000e+02	7.830100000000000000e+12	9.988414672074441558e-01	3.345931726661729999e-02	1.069475098918254083e-02
7.830100000000000000e+12	1.000000000000000000e+05	1.000000000000000000e+02	7.830100000000000000e+12	9.974070178053807689e-01	3.038988042685453195e-02	2.112150462459629757e-02
7.830100000000000000e+12	1.000000000000000000e+05	1.000000000000000000e+02	7.830100000000000000e+12	9.986866494252580884e-01	2.675340494013263640e-02	2.483623881019134116e-02
7.830100000000000000e+12	1.000000000000000000e+05	1.000000000000000000e+02	7.830100000000000000e+12	9.952989177328163128e-01	2.428249500251231791e-02	2.490197125779072124e-02
7.830100000000000000e+12	1.000000000000000000e+05	1.000000000000000000e+02	7.830100000000000000e+12	9.970271810081612340e-01	3.574626026535324824e-02	5.084195498002395085e-03
7.830100000000000000e+12	1.000000000000000000e+05	1.000000000000000000e+02	7.830100000000000000e+12	9.973032777904563551e-01	3.245637540332896309e-02	1.080156920838975382e-02
7.830100000000000000e+12	1.000000000000000000e+05	1.000000000000000000e+02	7.830100000000000000e+12	9.975678702151299371e-01	2.947506656490746918e-02	2.084771482675272167e-02
7.830100000000000000e+12	1.000000000000000000e+05	1.000000000000000000e+02	7.830100000000000000e+12	9.979950337212812883e-01	2.678300621983338917e-02	2.443952367848695878e-02
7.830100000000000000e+12	1.000000000000000000e+05	1.000000000000000000e+02	7.830100000000000000e+12	9.987396466410245477e-01	2.560398811682038783e-02	2.426170024113553578e-02
7.830100000000000000e+12	1.000000000000000000e+05	1.000000000000000000e+02	7.830100000000000000e+12	9.984622368984445995e-01	3.556309498037324435e-02	4.958408073440672033e-03
7.830100000000000000e+12	1.000000000000000000e+05	1.000000000000000000e+02	7.830100000000000000e+12	9.987676180007610816e-01	3.502756511246156446e-02	1.050293913489135957e-02
7.830100000000000000e+12	1.000000000000000000e+05	1.000000000000000000e+02	7.830100000000000000e+12	9.986699397449910753e-01	2.977210537783429173e-02	1.974988519129254258e-02
7.830100000000000000e+12	1.000000000000000000e+05	1.000000000000000000e+02	7.830100000000000000e+12	9.965194675950442837e-01	2.819162485111353922e-02	2.480419636235402583e-02
7.830100000000000000e+12	1.000000000000000000e+05	1.000000000000000000e+02	7.830100000000000000e+12	9.986261672255067889e-01	2.542780224343261716e-02	2.484899406062254096e-02
8.259610000000000000e+12	1.000000000000000000e+05	1.000000000000000000e+02	8.259610000000000000e+12	1.400193597160696912e+00	3.576295727424463194e-02	4.849846479623282601e-03
8.259610000000000000e+12	1.000000000000000000e+05	1.000000000000000000e+02	8.259610000000000000e+12	1.498347733717309893e+00	3.444041418444888231e-02	1.059186527650045687e-02
8.259610000000000000e+12	1.000000000000000000e+05	1.000000000000000000e+02	8.259610000000000000e+12	1.497735393822586136e+00	3.119430650229145646e-02	2.179663212516748730e-02
8.259610000000000000e+12	1.000000000000000000e+05	1.000000000000000000e+02	8.259610000000000000e+12	1.496675316396249400e+00	2.686913562585057161e-02	2.362942572811850897e-02
8.259610000000000000e+12	1.000000000000000000e+05	1.000000000000000000e+02	8.259610000000000000e+12	1.498250306972249701e+00	2.463129187920732460e-02	2.423871457814078673e-02
8.259610000000000000e+12	1.000000000000000000e+05	1.000000000000000000e+02	8.259610000000000000e+12	1.496901929726391245e+00	3.508422309426231095e-02	5.392783661612665647e-03
8.259610000000000000e+12	1.000000000000000000e+05	1.000000000000000000e+02	8.259610000000000000e+12	1.497962205355997778e+00	3.435520126972536892e-02	1.066633454121841684e-02
8.259610000000000000e+12	1.000000000000000000e+05	1.000000000000000000e+02	8.259610000000000000e+12	1.497992203270086975e+00	2.924370709422420209e-02	2.019608175355250279e-02
8.259610000000000000e+12	1.000000000000000000e+05	1.000000000000000000e+02	8.259610000000000000e+12	1.498577359286900945e+00	2.673981112811192953e-02	2.235291250976511115e-02
8.259610000000000000e+12	1.000000000000000000e+05	1.000000000000000000e+02	8.259610000000000000e+12	1.495195835274489626e+00	2.529459372585458193e-02	2.499781440643518773e-02
8.259610000000000000e+12	1.000000000000000000e+05	1.000000000000000000e+02	8.259610000000000000e+12	1.487495073335048712e+00	3.680034079760220733e-02	4.912809487031389796e-03
8.259610000000000000e+12	1.000000000000000000e+05	1.000000000000000000e+02	8.259610000000000000e+12	1.498130040409569208e+00	3.539681857084731043e-02	1.081710873304245549e-02
8.259610000000000000e+12	1.000000000000000000e+05	1.000000000000000000e+02	8.259610000000000000e+12	1.495576348026725011e+00	2.805713777437319340e-02	2.032852119677391531e-02
8.259610000000000000e+12	1.000000000000000000e+05	1.000000000000000000e+02	8.259610000000000000e+12	1.498193177989787683e+00	2.680263556438871458e-02	2.379966616477188421e-02
8.259610000000000000e+12	1.000000000000000000e+05	1.000000000000000000e+02	8.259610000000000000e+12	1.403201846347993609e+00	2.562886550023806692e-02	2.549702557803142783e-02
8.259610000000000000e+12	1.000000000000000000e+05	1.000000000000000000e+02	8.259610000000000000e+12	1.496966440081314520e+00	3.507602209460101983e-02	5.124256006478226586e-03
8.259610000000000000e+12	1.000000000000000000e+05	1.000000000000000000e+02	8.259610000000000000e+12	1.497415228710315294e+00	3.461862355246235479e-02	1.110511584629038546e-02
8.259610000000000000e+12	1.000000000000000000e+05	1.000000000000000000e+02	8.259610000000000000e+12	1.496253285721331761e+00	2.787232463651313080e-02	2.153172671895612483e-02
8.259610000000000000e+12	1.000000000000000000e+05	1.000000000000000000e+02	8.259610000000000000e+12	1.498468210553983271e+00	2.666569676900475833e-02	2.371589584861222635e-02
8.259610000000000000e+12	1.000000000000000000e+05	1.000000000000000000e+02	8.259610000000000000e+12	1.497978160601223907e+00	2.494791863240769514e-02	2.645376527576572337e-02
8.259610000000000000e+12	1.000000000000000000e+05	1.000000000000000000e+02	8.259610000000000000e+12	1.497789699535951424e+00	3.650265187159711100e-02	4.990032745004655337e-03
8.259610000000000000e+12	1.000000000000000000e+05	1.000000000000000000e+02	8.259610000000000000e+12	1.490698420759463350e+00	3.278361962883166031e-02	1.082800589586008048e-02
8.259610000000000000e+12	1.000000000000000000e+05	1.000000000000000000e+02	8.259610000000000000e+12	1.498545066284668881e+00	3.106615319422942334e-02	2.137316597224328193e-02
8.259610000000000000e+12	1.000000000000000000e+05	1.000000000000000000e+02	8.259610000000000000e+12	1.497263237659990365e+00	2.700708164841846698e-02	2.382673014897584984e-02
8.259610000000000000e+12	1.000000000000000000e+05	1.000000000000000000e+02	8.259610000000000000e+12	1.495625809981811383e+00	2.631474434428796028e-02	2.546473640645581168e-02
8.259610000000000000e+12	1.000000000000000000e+05	1.000000000000000000e+02	8.259610000000000000e+12	1.497535210276555562e+00	3.370516550473659501e-02	5.285037397539013235e-03
8.259610000000000000e+12	1.000000000000000000e+05	1.000000000000000000e+02	8.259610000000000000e+12	1.498499656470767105e+00	3.455410489281809244e-02	1.060987662910445328e-02
8.259610000000000000e+12	1.000000000000000000e+05	1.000000000000000000e+02	8.259610000000000000e+12	1.498693653221562228e+00	2.969453873936744176e-02	2.129473751338191792e-02
8.259610000000000000e+12	1.000000000000000000e+05	1.000000000000000000e+02	8.259610000000000000e+12	1.496724623207683180e+00	2.671490855330537623e-02	2.330945128055960172e-02
8.259610000000000000e+12	1.000000000000000000e+05	1.000000000000000000e+02	8.259610000000000000e+12	1.498217655222060740e+00	2.618526610272524716e-02	2.632687595429538535e-02
8.259610000000000000e+12	1.000000000000000000e+05	1.000000000000000000e+02	8.259610000000000000e+12	1.497585405074596476e+00	3.634160701936277327e-02	5.257486797939378217e-03
8.259610000000000000e+12	1.000000000000000000e+05	1.000000000000000000e+02	8.259610000000000000e+12	1.496844345021827394e+00	3.448543481697872309e-02	1.093428342670673716e-02
8.259610000000000000e+12	1.000000000000000000e+05	1.000000000000000000e+02	8.259610000000000000e+12	1.491416269034925746e+00	2.833029130743464075e-02	2.003955158599254882e-02
8.259610000000000000e+12	1.000000000000000000e+05	1.000000000000000000e+02	8.259610000000000000e+12	1.498267711343032715e+00	2.759386118330800497e-02	2.343176048286638863e-02
8.259610000000000000e+12	1.000000000000000000e+05	1.000000000000000000e+02	8.259610000000000000e+12	1.497364137561362440e+00	2.464280515302987376e-02	2.497019144962347309e-02
8.259610000000000000e+12	1.000000000000000000e+05	1.000000000000000000e+02	8.259610000000000000e+12	1.498960031409069416e+00	3.577603516193403332e-02	4.804428235952719513e-03
8.259610000000000000e+12	1.000000000000000000e+05	1.000000000000000000e+02	8.259610000000000000e+12	1.402395023638832949e+00	3.644468472191719766e-02	1.104049258509595156e-02
8.259610000000000000e+12	1.000000000000000000e+05	1.000000000000000000e+02	8.259610000000000000e+12	1.498953310664137506e+00	3.056623032842868334e-02	2.091136469614169116e-02
8.259610000000000000e+12	1.000000000000000000e+05	1.000000000000000000e+02	8.259610000000000000e+12	1.493619005585060222e+00	2.594578097275058656e-02	2.341010852049941679e-02
8.259610000000000000e+12	1.000000000000000000e+05	1.000000000000000000e+02	8.259610000000000000e+12	1.498388531658565670e+00	2.659183238864774174e-02	2.513508945656721047e-02
8.259610000000000000e+12	1.000000000000000000e+05	1.000000000000000000e+02	8.259610000000000000e+12	1.498286998705589124e+00	3.501628476347011520e-02	4.977866620785369352e-03
8.259610000000000000e+12	1.000000000000000000e+05	1.000000000000000000e+02	8.259610000000000000e+12	1.498800344149958663e+00	3.269528044429725888e-02	1.039796949298062156e-02
8.259610000000000000e+12	1.000000000000000000e+05	1.000000000000000000e+02	8.259610000000000000e+12	1.498501853513471316e+00	2.866805533648627072e-02	2.104129332344722644e-02
8.259610000000000000e+12	1.000000000000000000e+05	1.000000000000000000e+02	8.259610000000000000e+12	1.497586546296270082e+00	2.620749918696834574e-02	2.299607796047840186e-02
8.259610000000000000e+12	1.000000000000000000e+05	1.000000000000000000e+02	8.259610000000000000e+12	1.497209728211055246e+00	2.475726552625687887e-02	2.593339509848049951e-02
8.259610000000000000e+12	1.000000000000000000e+05	1.000000000000000000e+02	8.259610000000000000e+12	1.496987079479458860e+00	3.394571194901256639e-02	4.961373097487143183e-03
8.259610000000000000e+12	1.000000000000000000e+05	1.000000000000000000e+02	8.259610000000000000e+12	1.402808862061915240e+00	3.400268386656719183e-02	1.059474099346393444e-02
8.259610000000000000e+12	1.000000000000000000e+05	1.000000000000000000e+02	8.259610000000000000e+12	1.498969927730286145e+00	2.964352960469070555e-02	2.080510619206328224e-02
8.259610000000000000e+12	1.000000000000000000e+05	1.000000000000000000e+02	8.259610000000000000e+12	1.495910960055152783e+00	2.743431146297604234e-02	2.333180679572712662e-02
8.259610000000000000e+12	1.000000000000000000e+05	1.000000000000000000e+02	8.259610000000000000e+12	1.498576096009810454e+00	2.547862684933941899e-02	2.566938348204313505e-02
8.420630000000000000e+12	1.000000000000000000e+05	1.000000000000000000e+02	8.420630000000000000e+12	1.995222013109742010e+00	3.809569265579842989e-02	4.991363752579769733e-03
8.420630000000000000e+12	1.000000000000000000e+05	1.000000000000000000e+02	8.420630000000000000e+12	1.996479001236548312e+00	3.477474498803527492e-02	1.006179302495465409e-02
8.420630000000000000e+12	1.000000000000000000e+05	1.000000000000000000e+02	8.420630000000000000e+12	1.996875526597978068e+00	3.003767212944292303e-02	2.162989516330375908e-02
8.420630000000000000e+12	1.000000000000000000e+05	1.000000000000000000e+02	8.420630000000000000e+12	1.988456467413288964e+00	2.791222497761492588e-02	2.445729960551447021e-02
8.420630000000000000e+12	1.000000000000000000e+05	1.000000000000000000e+02	8.420630000000000000e+12	1.997852942302370094e+00	2.485535654833849473e-02	2.667969319933653424e-02
8.420630000000000000e+12	1.000000000000000000e+05	1.000000000000000000e+02	8.420630000000000000e+12	1.997801862516916938e+00	3.570411663785416634e-02	4.942945101445573100e-03
8.420630000000000000e+12	1.000000000000000000e+05	1.000000000000000000e+02	8.420630000000000000e+12	1.997355944629725766e+00	3.465603022055932514e-02	1.063279744750886616e-02
8.420630000000000000e+12	1.000000000000000000e+05	1.000000000000000000e+02	8.420630000000000000e+12	1.995603222308864222e+00	2.932737563525960461e-02	2.081332119806223596e-02
8.420630000000000000e+12	1.000000000000000000e+05	1.000000000000000000e+02	8.420630000000000000e+12	1.993578544224192228e+00	2.717507655297108499e-02	2.451234531020948099e-02
8.420630000000000000e+12	1.000000000000000000e+05	1.000000000000000000e+02	8.420630000000000000e+12	1.997004863438269329e+00	2.492276460214502831e-02	2.479470841778937118e-02
8.420630000000000000e+12	1.000000000000000000e+05	1.000000000000000000e+02	8.420630000000000000e+12	1.994284691699340417e+00	3.499336298025741698e-02	5.166118456709540771e-03
8.420630000000000000e+12	1.000000000000000000e+05	1.000000000000000000e+02	8.420630000000000000e+12	1.997816826146936453e+00	3.545273091350076289e-02	1.060235370477681516e-02
8.420630000000000000e+12	1.000000000000000000e+05	1.000000000000000000e+02	8.420630000000000000e+12	1.998528882040091048e+00	2.996584520730173964e-02	2.133799672564265851e-02
8.420630000000000000e+12	1.000000000000000000e+05	1.000000000000000000e+02	8.420630000000000000e+12	1.996171189847518734e+00	2.725801876383075056e-02	2.383302905235776259e-02
8.420630000000000000e+12	1.000000000000000000e+05	1.000000000000000000e+02	8.420630000000000000e+12	1.992290151738870918e+00	2.505626223915653067e-02	2.671666490287945978e-02
8.420630000000000000e+12	1.000000000000000000e+05	1.000000000000000000e+02	8.420630000000000000e+12	1.998078601990891823e+00	3.583989570123158330e-02	4.932986904137925434e-03
8.420630000000000000e+12	1.000000000000000000e+05	1.000000000000000000e+02	8.420630000000000000e+12	1.996112838591170613e+00	3.501351087736741252e-02	1.076186394968717611e-02
8.420630000000000000e+12	1.000000000000000000e+05	1.000000000000000000e+02	8.420630000000000000e+12	1.994257202600601797e+00	2.948194013876832137e-02	2.107782016466561159e-02
8.420630000000000000e+12	1.000000000000000000e+05	1.000000000000000000e+02	8.420630000000000000e+12	1.994452546269076310e+00	2.671893009085448203e-02	2.419314358375846200e-02
8.420630000000000000e+12	1.000000000000000000e+05	1.000000000000000000e+02	8.420630000000000000e+12	1.998302421071684876e+00	2.570487465182241110e-02	2.680272952869222625e-02
8.420630000000000000e+12	1.000000000000000000e+05	1.000000000000000000e+02	8.420630000000000000e+12	1.995776120411028476e+00	3.533405472380381218e-02	5.092569714962691396e-03
8.420630000000000000e+12	1.000000000000000000e+05	1.000000000000000000e+02	8.420630000000000000e+12	1.997880974847839664e+00	3.387431782714787204e-02	1.072869083512170696e-02
8.420630000000000000e+12	1.000000000000000000e+05	1.000000000000000000e+02	8.420630000000000000e+12	1.993139573347252780e+00	2.995826579580411833e-02	2.108962707549829479e-02
8.420630000000000000e+12	1.000000000000000000e+05	1.000000000000000000e+02	8.420630000000000000e+12	1.991927040609107191e+00	2.641379529736348486e-02	2.452653947188340386e-02
8.420630000000000000e+12	1.000000000000000000e+05	1.000000000000000000e+02	8.420630000000000000e+12	1.997442498297823388e+00	2.513737586732939233e-02	2.568268320902356017e-02
8.420630000000000000e+12	1.000000000000000000e+05	1.000000000000000000e+02	8.420630000000000000e+12	1.997041028924832151e+00	3.599678546173643023e-02	5.003946299075264989e-03
8.420630000000000000e+12	1.000000000000000000e+05	1.000000000000000000e+02	8.420630000000000000e+12	1.997766408051938836e+00	3.720673499506251675e-02	1.090525903765589451e-02
8.420630000000000000e+12	1.000000000000000000e+05	1.000000000000000000e+02	8.420630000000000000e+12	1.996500733786479076e+00	3.079870922401489047e-02	2.098681389531816335e-02
8.420630000000000000e+12	1.000000000000000000e+05	1.000000000000000000e+02	8.420630000000000000e+12	1.997093840028082878e+00	2.606443399403088335e-02	2.374676885421018319e-02
8.420630000000000000e+12	1.000000000000000000e+05	1.000000000000000000e+02	8.420630000000000000e+12	1.995998261802560680e+00	2.625076878380185746e-02	2.558833888589092179e-02
8.420630000000000000e+12	1.000000000000000000e+05	1.000000000000000000e+02	8.420630000000000000e+12	1.998260092520513398e+00	3.861498685415528515e-02	5.129984787426905557e-03
8.420630000000000000e+12	1.000000000000000000e+05	1.000000000000000000e+02	8.420630000000000000e+12	1.998760946992433674e+00	3.271932465444400001e-02	1.052265885969561228e-02
8.420630000000000000e+12	1.000000000000000000e+05	1.000000000000000000e+02	8.420630000000000000e+12	1.996136177140351631e+00	3.006823479729532969e-02	2.073026242622750745e-02
8.420630000000000000e+12	1.000000000000000000e+05	1.000000000000000000e+02	8.420630000000000000e+12	1.996578302061652765e+00	2.659224909016785765e-02	2.371625396096344041e-02
8.420630000000000000e+12	1.000000000000000000e+05	1.000000000000000000e+02	8.420630000000000000e+12	1.997995264307155683e+00	2.635603958944934821e-02	2.580699019356477025e-02
8.420630000000000000e+12	1.000000000000000000e+05	1.000000000000000000e+02	8.420630000000000000e+12	1.994751784275103912e+00	3.561044961228668898e-02	4.990271112215706462e-03
8.420630000000000000e+12	1.000000000000000000e+05	1.000000000000000000e+02	8.420630000000000000e+12	1.998386634259259109e+00	3.488267292399752778e-02	1.121762828895960830e-02
8.420630000000000000e+12	1.000000000000000000e+05	1.000000000000000000e+02	8.420630000000000000e+12	1.995476039483492059e+00	2.977685185914671906e-02	2.039747762462348207e-02
8.420630000000000000e+12	1.000000000000000000e+05	1.000000000000000000e+02	8.420630000000000000e+12	1.982677785727173569e+00	2.658418835338201627e-02	2.311296572726370679e-02
8.420630000000000000e+12	1.000000000000000000e+05	1.000000000000000000e+02	8.420630000000000000e+12	1.995708287732304687e+00	2.490882445465766870e-02	2.669244606159102903e-02
8.420630000000000000e+12	1.000000000000000000e+05	1.000000000000000000e+02	8.420630000000000000e+12	1.995594406957479805e+00	3.409197489955497623e-02	4.976747917044316467e-03
8.420630000000000000e+12	1.000000000000000000e+05	1.000000000000000000e+02	8.420630000000000000e+12	1.998045731681395321e+00	3.319113459226097351e-02	1.044683780139798318e-02
8.420630000000000000e+12	1.000000000000000000e+05	1.000000000000000000e+02	8.420630000000000000e+12	1.986206881449470441e+00	2.989305964390441203e-02	2.040394287515867947e-02
8.420630000000000000e+12	1.000000000000000000e+05	1.000000000000000000e+02	8.420630000000000000e+12	1.998367784086849452e+00	2.729224197980307728e-02	2.393543023414101967e-02
8.420630000000000000e+12	1.000000000000000000e+05	1.000000000000000000e+02	8.420630000000000000e+12	1.997332529840150528e+00	2.667527804236785594e-02	2.481488697540951138e-02
8.420630000000000000e+12	1.000000000000000000e+05	1.000000000000000000e+02	8.420630000000000000e+12	1.997520092047352591e+00	3.596949238463589132e-02	4.941367578679288844e-03
8.420630000000000000e+12	1.000000000000000000e+05	1.000000000000000000e+02	8.420630000000000000e+12	1.995988815497321323e+00	3.443510130775791905e-02	1.141499245007929556e-02
8.420630000000000000e+12	1.000000000000000000e+05	1.000000000000000000e+02	8.420630000000000000e+12	1.995354484039444376e+00	2.860393910381414662e-02	2.085624417261260771e-02
8.420630000000000000e+12	1.000000000000000000e+05	1.000000000000000000e+02	8.420630000000000000e+12	1.869838726064171563e+00	2.751385083067593371e-02	2.327707354075620946e-02
8.420630000000000000e+12	1.000000000000000000e+05	1.000000000000000000e+02	8.420630000000000000e+12	1.997505772560225434e+00	2.506475279527896685e-02	2.497129182656828567e-02
8.429120000000000000e+12	1.000000000000000000e+05	1.000000000000000000e+02	8.429120000000000000e+12	2.496786169689857893e+00	3.678760903369400481e-02	5.197801463319215616e-03
8.429120000000000000e+12	1.000000000000000000e+05	1.000000000000000000e+02	8.429120000000000000e+12	2.498851297722467280e+00	3.538974976353304047e-02	1.097350913253711605e-02
8.429120000000000000e+12	1.000000000000000000e+05	1.000000000000000000e+02	8.429120000000000000e+12	2.497557713738024265e+00	2.914829193372374741e-02	2.099186556236702639e-02
8.429120000000000000e+12	1.000000000000000000e+05	1.000000000000000000e+02	8.429120000000000000e+12	2.338849435350370154e+00	2.698854346203919882e-02	2.326323415753117282e-02
8.429120000000000000e+12	1.000000000000000000e+05	1.000000000000000000e+02	8.429120000000000000e+12	2.497283896584576723e+00	2.631795744435713041e-02	2.490984752263516316e-02
8.429120000000000000e+12	1.000000000000000000e+05	1.000000000000000000e+02	8.429120000000000000e+12	2.490795594472274388e+00	3.600782924093941240e-02	5.057418316851141835e-03
8.429120000000000000e+12	1.000000000000000000e+05	1.000000000000000000e+02	8.429120000000000000e+12	2.497314134274347452e+00	3.365560520495985974e-02	1.073524596169773450e-02
8.429120000000000000e+12	1.000000000000000000e+05	1.000000000000000000e+02	8.429120000000000000e+12	2.494942427564183163e+00	2.930855276676970836e-02	2.104832777826307413e-02
8.429120000000000000e+12	1.000000000000000000e+05	1.000000000000000000e+02	8.429120000000000000e+12	2.495116031533780365e+00	2.680688273811305741e-02	2.386792798602697593e-02
8.429120000000000000e+12	1.000000000000000000e+05	1.000000000000000000e+02	8.429120000000000000e+12	2.491513472749920854e+00	2.441303665903189410e-02	2.536547493899437081e-02
8.429120000000000000e+12	1.000000000000000000e+05	1.000000000000000000e+02	8.429120000000000000e+12	2.497537923656727887e+00	3.718808809314853858e-02	4.851713359791814950e-03
8.429120000000000000e+12	1.000000000000000000e+05	1.000000000000000000e+02	8.429120000000000000e+12	2.496587055095096819e+00	3.390181646943132149e-02	1.094657713532780352e-02
8.429120000000000000e+12	1.000000000000000000e+05	1.000000000000000000e+02	8.429120000000000000e+12	2.496826119104571085e+00	2.911170437786693779e-02	2.095352010758643260e-02
8.429120000000000000e+12	1.000000000000000000e+05	1.000000000000000000e+02	8.429120000000000000e+12	2.496144028515845825e+00	2.635471296447833289e-02	2.433707494794154491e-02
8.429120000000000000e+12	1.000000000000000000e+05	1.000000000000000000e+02	8.429120000000000000e+12	2.497971481661261262e+00	2.630100339123250114e-02	2.655144508484080790e-02
8.429120000000000000e+12	1.000000000000000000e+05	1.000000000000000000e+02	8.429120000000000000e+12	2.496761655553291437e+00	3.432456118725836502e-02	4.822322638885247204e-03
8.429120000000000000e+12	1.000000000000000000e+05	1.000000000000000000e+02	8.429120000000000000e+12	2.498759206838167213e+00	3.289860183890062212e-02	1.153852205601639189e-02
8.429120000000000000e+12	1.000000000000000000e+05	1.000000000000000000e+02	8.429120000000000000e+12	2.497513096093189056e+00	3.031171551727267557e-02	2.066975997338284937e-02
8.429120000000000000e+12	1.000000000000000000e+05	1.000000000000000000e+02	8.429120000000000000e+12	2.495828979734142195e+00	2.733491173944468250e-02	2.265580134833367412e-02
8.429120000000000000e+12	1.000000000000000000e+05	1.000000000000000000e+02	8.429120000000000000e+12	2.491726609513625679e+00	2.448709617214541584e-02	2.554796948390367778e-02
8.429120000000000000e+12	1.000000000000000000e+05	1.000000000000000000e+02	8.429120000000000000e+12	2.497933483494944262e+00	3.591722576996782268e-02	5.063088187764021655e-03
8.429120000000000000e+12	1.000000000000000000e+05	1.000000000000000000e+02	8.429120000000000000e+12	2.495277249987247981e+00	3.414434971464506280e-02	1.074966046133198939e-02
8.429120000000000000e+12	1.000000000000000000e+05	1.000000000000000000e+02	8.429120000000000000e+12	2.496219265660238218e+00	2.963600327451970662e-02	2.164675568924228841e-02
8.429120000000000000e+12	1.000000000000000000e+05	1.000000000000000000e+02	8.429120000000000000e+12	2.498406168129167604e+00	2.838965930092201065e-02	2.261475723429441295e-02
8.429120000000000000e+12	1.000000000000000000e+05	1.000000000000000000e+02	8.429120000000000000e+12	2.495002635689161252e+00	2.549004842242730273e-02	2.474687932985477137e-02
8.429120000000000000e+12	1.000000000000000000e+05	1.000000000000000000e+02	8.429120000000000000e+12	2.498070423005265273e+00	3.484133851808500493e-02	5.126744224810612753e-03
8.429120000000000000e+12	1.000000000000000000e+05	1.000000000000000000e+02	8.429120000000000000e+12	2.336426457680681690e+00	3.644025277972044730e-02	1.075836342938697732e-02
8.429120000000000000e+12	1.000000000000000000e+05	1.000000000000000000e+02	8.429120000000000000e+12	2.496888294669406427e+00	2.857948704929105105e-02	2.056454597331687159e-02
8.429120000000000000e+12	1.000000000000000000e+05	1.000000000000000000e+02	8.429120000000000000e+12	2.498065534419128930e+00	2.734390819926104527e-02	2.361176744752416928e-02
8.429120000000000000e+12	1.000000000000000000e+05	1.000000000000000000e+02	8.429120000000000000e+12	2.494968614228219028e+00	2.618748400379354233e-02	2.593175327237438529e-02
8.429120000000000000e+12	1.000000000000000000e+05	1.000000000000000000e+02	8.429120000000000000e+12	2.496603478338966120e+00	3.490912703493389418e-02	4.863024365833782184e-03
8.429120000000000000e+12	1.000000000000000000e+05	1.000000000000000000e+02	8.429120000000000000e+12	2.497990515645688081e+00	3.425320841409628531e-02	1.069680113606582932e-02
8.429120000000000000e+12	1.000000000000000000e+05	1.000000000000000000e+02	8.429120000000000000e+12	2.487996814053531125e+00	2.971550878211318830e-02	2.043766242934669936e-02
8.429120000000000000e+12	1.000000000000000000e+05	1.000000000000000000e+02	8.429120000000000000e+12	2.491442312067920106e+00	2.640719276420790823e-02	2.245225351004657283e-02
8.429120000000000000e+12	1.000000000000000000e+05	1.000000000000000000e+02	8.429120000000000000e+12	2.484326415555187850e+00	2.497920111435815785e-02	2.530664776561322715e-02
8.429120000000000000e+12	1.000000000000000000e+05	1.000000000000000000e+02	8.429120000000000000e+12	2.494467005640763180e+00	3.585256095049290520e-02	4.856784861530779283e-03
8.429120000000000000e+12	1.000000000000000000e+05	1.000000000000000000e+02	8.429120000000000000e+12	2.491659039298247169e+00	3.545433267753321516e-02	1.123000933766721623e-02
8.429120000000000000e+12	1.000000000000000000e+05	1.000000000000000000e+02	8.429120000000000000e+12	2.497120853067281043e+00	2.949449589074627093e-02	2.096824142090335588e-02
8.429120000000000000e+12	1.000000000000000000e+05	1.000000000000000000e+02	8.429120000000000000e+12	2.496397511732447949e+00	2.643919619207132227e-02	2.322741490474867360e-02
8.429120000000000000e+12	1.000000000000000000e+05	1.000000000000000000e+02	8.429120000000000000e+12	2.338397319743871439e+00	2.504205673118072711e-02	2.517293501338133122e-02
8.429120000000000000e+12	1.000000000000000000e+05	1.000000000000000000e+02	8.429120000000000000e+12	2.497482450985353264e+00	3.629539249968132680e-02	5.104768763124829800e-03
8.429120000000000000e+12	1.000000000000000000e+05	1.000000000000000000e+02	8.429120000000000000e+12	2.496958618097051108e+00	3.522329587714621152e-02	1.084841252800793597e-02
8.429120000000000000e+12	1.000000000000000000e+05	1.000000000000000000e+02	8.429120000000000000e+12	2.496552257662187913e+00	2.964681686032911295e-02	2.078463039481219521e-02
8.429120000000000000e+12	1.000000000000000000e+05	1.000000000000000000e+02	8.429120000000000000e+12	2.474618996655499448e+00	2.784990248150268771e-02	2.302283356757383465e-02
8.429120000000000000e+12	1.000000000000000000e+05	1.000000000000000000e+02	8.429120000000000000e+12	2.492579525250039119e+00	2.690543016773192658e-02	2.576036596970789419e-02
8.429120000000000000e+12	1.000000000000000000e+05	1.000000000000000000e+02	8.429120000000000000e+12	2.492429468984937557e+00	3.497556046847173639e-02	4.842435023827838109e-03
8.429120000000000000e+12	1.000000000000000000e+05	1.000000000000000000e+02	8.429120000000000000e+12	2.498527421729158871e+00	3.462571762331675268e-02	1.092102347388961350e-02
8.429120000000000000e+12	1.000000000000000000e+05	1.000000000000000000e+02	8.429120000000000000e+12	2.475247121633401548e+00	2.978855024058255779e-02	2.047850444219375537e-02
8.429120000000000000e+12	1.000000000000000000e+05	1.000000000000000000e+02	8.429120000000000000e+12	2.497106258314761185e+00	2.691161833472163756e-02	2.247549718216060657e-02
8.429120000000000000e+12	1.000000000000000000e+05	1.000000000000000000e+02	8.429120000000000000e+12	2.494944028525333035e+00	2.518359613872975244e-02	2.565630092101400805e-02
8.341990000000000000e+12	1.000000000000000000e+05	1.000000000000000000e+02	8.341990000000000000e+12	2.996005131510810493e+00	3.552628866306863781e-02	5.256218906131796334e-03
8.341990000000000000e+12	1.000000000000000000e+05	1.000000000000000000e+02	8.341990000000000000e+12	2.995939971365260135e+00	3.476738779801009233e-02	1.043890805304003785e-02
8.341990000000000000e+12	1.000000000000000000e+05	1.000000000000000000e+02	8.341990000000000000e+12	2.990234185614826679e+00	2.901360031440292087e-02	2.100506705990278292e-02
8.341990000000000000e+12	1.000000000000000000e+05	1.000000000000000000e+02	8.341990000000000000e+12	2.994711517357518282e+00	2.720034249758072550e-02	2.307638983485730752e-02
8.341990000000000000e+12	1.000000000000000000e+05	1.000000000000000000e+02	8.341990000000000000e+12	2.995563490587846989e+00	2.534954955905752844e-02	2.515892245980711969e-02
8.341990000000000000e+12	1.000000000000000000e+05	1.000000000000000000e+02	8.341990000000000000e+12	2.995233192914565912e+00	3.529320328163042253e-02	5.093801786254724753e-03
8.341990000000000000e+12	1.000000000000000000e+05	1.000000000000000000e+02	8.341990000000000000e+12	2.996854753857405740e+00	3.416155498555635550e-02	1.096996269125066065e-02
8.341990000000000000e+12	1.000000000000000000e+05	1.000000000000000000e+02	8.341990000000000000e+12	2.997012205559713038e+00	2.838271726122717359e-02	2.049013171627982535e-02
8.341990000000000000e+12	1.000000000000000000e+05	1.000000000000000000e+02	8.341990000000000000e+12	2.992992158382185242e+00	2.604367322169466245e-02	2.430025186498470727e-02
8.341990000000000000e+12	1.000000000000000000e+05	1.000000000000000000e+02	8.341990000000000000e+12	2.995882599992819362e+00	2.587667094280530697e-02	2.437554392699883138e-02
8.341990000000000000e+12	1.000000000000000000e+05	1.000000000000000000e+02	8.341990000000000000e+12	2.995974208634925251e+00	3.535482877105065869e-02	5.003856313248957258e-03
8.341990000000000000e+12	1.000000000000000000e+05	1.000000000000000000e+02	8.341990000000000000e+12	2.994491918678704678e+00	3.352466733697181261e-02	1.092611982246658245e-02
8.341990000000000000e+12	1.000000000000000000e+05	1.000000000000000000e+02	8.341990000000000000e+12	2.804966620184044857e+00	2.964294999502435288e-02	2.024254614273036934e-02
8.341990000000000000e+12	1.000000000000000000e+05	1.000000000000000000e+02	8.341990000000000000e+12	2.996278305737996472e+00	2.713327399214958760e-02	2.419304865248059905e-02
8.341990000000000000e+12	1.000000000000000000e+05	1.000000000000000000e+02	8.341990000000000000e+12	2.988390550328858808e+00	2.586481547111956283e-02	2.538644261107098066e-02
8.341990000000000000e+12	1.000000000000000000e+05	1.000000000000000000e+02	8.341990000000000000e+12	2.994301174709744551e+00	3.510823650982905497e-02	4.944068064393327723e-03
8.341990000000000000e+12	1.000000000000000000e+05	1.000000000000000000e+02	8.341990000000000000e+12	2.993813132265495280e+00	3.369989633383567440e-02	1.042326004570584032e-02
8.341990000000000000e+12	1.000000000000000000e+05	1.000000000000000000e+02	8.341990000000000000e+12	2.987588138575210994e+00	2.922852219202600604e-02	2.034967882372660380e-02
8.341990000000000000e+12	1.000000000000000000e+05	1.000000000000000000e+02	8.341990000000000000e+12	2.996125513482275071e+00	2.826973481493604695e-02	2.422057447892517895e-02
8.341990000000000000e+12	1.000000000000000000e+05	1.000000000000000000e+02	8.341990000000000000e+12	2.998527046290655473e+00	2.598731547749821846e-02	2.588515451544224494e-02
8.341990000000000000e+12	1.000000000000000000e+05	1.000000000000000000e+02	8.341990000000000000e+12	2.995897500994578966e+00	3.712165433085875405e-02	5.084409544256765327e-03
8.341990000000000000e+12	1.000000000000000000e+05	1.000000000000000000e+02	8.341990000000000000e+12	2.987106874776054521e+00	3.500674351332559719e-02	1.129694936492103320e-02
8.341990000000000000e+12	1.000000000000000000e+05	1.000000000000000000e+02	8.341990000000000000e+12	2.988381067114005418e+00	2.944588630717889094e-02	2.149721599006588352e-02
8.341990000000000000e+12	1.000000000000000000e+05	1.000000000000000000e+02	8.341990000000000000e+12	2.995729607558587304e+00	2.680440564859841099e-02	2.389457165703400693e-02
8.341990000000000000e+12	1.000000000000000000e+05	1.000000000000000000e+02	8.341990000000000000e+12	2.995349811942378260e+00	2.458320991659055862e-02	2.574909974716120889e-02
8.341990000000000000e+12	1.000000000000000000e+05	1.000000000000000000e+02	8.341990000000000000e+12	2.994967211606945234e+00	3.477210198530077123e-02	5.082801935159289054e-03
8.341990000000000000e+12	1.000000000000000000e+05	1.000000000000000000e+02	8.341990000000000000e+12	2.994030693454442282e+00	3.460720314103917644e-02	1.114993767923563341e-02
8.341990000000000000e+12	1.000000000000000000e+05	1.000000000000000000e+02	8.341990000000000000e+12	2.995814629383494410e+00	2.835008145937543272e-02	2.100383378322846079e-02
8.341990000000000000e+12	1.000000000000000000e+05	1.000000000000000000e+02	8.341990000000000000e+12	2.993812502800937914e+00	2.684980206990282905e-02	2.334217534418885770e-02
8.341990000000000000e+12	1.000000000000000000e+05	1.000000000000000000e+02	8.341990000000000000e+12	2.995853928304222702e+00	2.526301213836366216e-02	2.527956720425066431e-02
8.341990000000000000e+12	1.000000000000000000e+05	1.000000000000000000e+02	8.341990000000000000e+12	2.994461088540447236e+00	3.604722255526491420e-02	5.041907832131533804e-03
8.341990000000000000e+12	1.000000000000000000e+05	1.000000000000000000e+02	8.341990000000000000e+12	2.995203048496295928e+00	3.469549647528800962e-02	1.122633807453457880e-02
8.341990000000000000e+12	1.000000000000000000e+05	1.000000000000000000e+02	8.341990000000000000e+12	2.993638421283776552e+00	3.023817666019035927e-02	2.187810292105150586e-02
8.341990000000000000e+12	1.000000000000000000e+05	1.000000000000000000e+02	8.341990000000000000e+12	2.980484762951800981e+00	2.816951651242096538e-02	2.388462613549808405e-02
8.341990000000000000e+12	1.000000000000000000e+05	1.000000000000000000e+02	8.341990000000000000e+12	2.996787800440506633e+00	2.521680152164051947e-02	2.543108342411928846e-02
8.341990000000000000e+12	1.000000000000000000e+05	1.000000000000000000e+02	8.341990000000000000e+12	2.997056203301781352e+00	3.712669038247616571e-02	4.975034738009925447e-03
8.341990000000000000e+12	1.000000000000000000e+05	1.000000000000000000e+02	8.341990000000000000e+12	2.996571795120144266e+00	3.589696709572350736e-02	1.083394547734168115e-02
8.341990000000000000e+12	1.000000000000000000e+05	1.000000000000000000e+02	8.341990000000000000e+12	2.996760715969139621e+00	2.844934189136884978e-02	2.212087050483050460e-02
8.341990000000000000e+12	1.000000000000000000e+05	1.000000000000000000e+02	8.341990000000000000e+12	2.803926889299856118e+00	2.784552674461105576e-02	2.445079716355397226e-02
8.341990000000000000e+12	1.000000000000000000e+05	1.000000000000000000e+02	8.341990000000000000e+12	2.996068198844568542e+00	2.496745731982632360e-02	2.555696114080235892e-02
8.341990000000000000e+12	1.000000000000000000e+05	1.000000000000000000e+02	8.341990000000000000e+12	2.995363371775693118e+00	3.533509361680763072e-02	4.893465290981160662e-03
8.341990000000000000e+12	1.000000000000000000e+05	1.000000000000000000e+02	8.341990000000000000e+12	2.804075345476160219e+00	3.565395155793763676e-02	1.044748736977552973e-02
8.341990000000000000e+12	1.000000000000000000e+05	1.000000000000000000e+02	8.341990000000000000e+12	2.990913000878845374e+00	2.877087353205117284e-02	2.130267928673601138e-02
8.341990000000000000e+12	1.000000000000000000e+05	1.000000000000000000e+02	8.341990000000000000e+12	2.995283685050435629e+00	2.770868119071982424e-02	2.335221951528496098e-02
8.341990000000000000e+12	1.000000000000000000e+05	1.000000000000000000e+02	8.341990000000000000e+12	2.995331460903889909e+00	2.555513715407620873e-02	2.594685766830591780e-02
8.341990000000000000e+12	1.000000000000000000e+05	1.000000000000000000e+02	8.341990000000000000e+12	2.994694838414125204e+00	3.554664260996080738e-02	4.945704912077734071e-03
8.341990000000000000e+12	1.000000000000000000e+05	1.000000000000000000e+02	8.341990000000000000e+12	2.996735585214446385e+00	3.347141039042676736e-02	1.090812254346605441e-02
8.341990000000000000e+12	1.000000000000000000e+05	1.000000000000000000e+02	8.341990000000000000e+12	2.994539249017088789e+00	2.883430680039159727e-02	1.977121953215409123e-02
8.341990000000000000e+12	1.000000000000000000e+05	1.000000000000000000e+02	8.341990000000000000e+12	2.996571408814270310e+00	2.665679504692599483e-02	2.324550082820451419e-02
8.341990000000000000e+12	1.000000000000000000e+05	1.000000000000000000e+02	8.341990000000000000e+12	2.991688158420584109e+00	2.572080365959399442e-02	2.554294382581667744e-02
8.191780000000000000e+12	1.000000000000000000e+05	1.000000000000000000e+02	8.191780000000000000e+12	3.497169827624020400e+00	3.573678880259219953e-02	5.163320570920655259e-03
8.191780000000000000e+12	1.000000000000000000e+05	1.000000000000000000e+02	8.191780000000000000e+12	3.488736504219468681e+00	3.463691441820957589e-02	1.167826119737997402e-02
8.191780000000000000e+12	1.000000000000000000e+05	1.000000000000000000e+02	8.191780000000000000e+12	3.498395775237440830e+00	2.923517843412364384e-02	1.992982245243796885e-02
8.191780000000000000e+12	1.000000000000000000e+05	1.000000000000000000e+02	8.191780000000000000e+12	3.268170001819027171e+00	2.725596410427194582e-02	2.430380122752007210e-02
8.191780000000000000e+12	1.000000000000000000e+05	1.000000000000000000e+02	8.191780000000000000e+12	3.494072158171184217e+00	2.460840640699507240e-02	2.528226067250722783e-02
8.191780000000000000e+12	1.000000000000000000e+05	1.000000000000000000e+02	8.191780000000000000e+12	3.497632893571972268e+00	3.532467595936167326e-02	4.913111422441787668e-03
8.191780000000000000e+12	1.000000000000000000e+05	1.000000000000000000e+02	8.191780000000000000e+12	3.497371404778186754e+00	3.604911341566491290e-02	1.077049160415342356e-02
8.191780000000000000e+12	1.000000000000000000e+05	1.000000000000000000e+02	8.191780000000000000e+12	3.496540300390916123e+00	2.955716971093421200e-02	2.010867681600915849e-02
8.191780000000000000e+12	1.000000000000000000e+05	1.000000000000000000e+02	8.191780000000000000e+12	3.492977683802018785e+00	2.935002868228124215e-02	2.285645943372533601e-02
8.191780000000000000e+12	1.000000000000000000e+05	1.000000000000000000e+02	8.191780000000000000e+12	3.492966312685075625e+00	2.516631327145352898e-02	2.494637262730303728e-02
8.191780000000000000e+12	1.000000000000000000e+05	1.000000000000000000e+02	8.191780000000000000e+12	3.238273826215642970e+00	3.628182542952493317e-02	4.941787073834779873e-03
8.191780000000000000e+12	1.000000000000000000e+05	1.000000000000000000e+02	8.191780000000000000e+12	3.487517536674749952e+00	3.330182483776934765e-02	1.145085606342017247e-02
8.191780000000000000e+12	1.000000000000000000e+05	1.000000000000000000e+02	8.191780000000000000e+12	3.495562072550728594e+00	2.984199711110408978e-02	2.123773970600192906e-02
8.191780000000000000e+12	1.000000000000000000e+05	1.000000000000000000e+02	8.191780000000000000e+12	3.496866753666381555e+00	2.691371737121722035e-02	2.391863591534229214e-02
8.191780000000000000e+12	1.000000000000000000e+05	1.000000000000000000e+02	8.191780000000000000e+12	3.497595701577119964e+00	2.571028729035259100e-02	2.439009252377901185e-02
8.191780000000000000e+12	1.000000000000000000e+05	1.000000000000000000e+02	8.191780000000000000e+12	3.497692220013777664e+00	3.477172532760434975e-02	5.050899808079827198e-03
8.191780000000000000e+12	1.000000000000000000e+05	1.000000000000000000e+02	8.191780000000000000e+12	3.493007583328744836e+00	3.478222823563185961e-02	1.110188602572094105e-02
8.191780000000000000e+12	1.000000000000000000e+05	1.000000000000000000e+02	8.191780000000000000e+12	3.491829834844793368e+00	2.989137885122370927e-02	2.044832525933518164e-02
8.191780000000000000e+12	1.000000000000000000e+05	1.000000000000000000e+02	8.191780000000000000e+12	3.489349488223888240e+00	2.734283681618846634e-02	2.305191392919328508e-02
8.191780000000000000e+12	1.000000000000000000e+05	1.000000000000000000e+02	8.191780000000000000e+12	3.258519520157277860e+00	2.502265383308359750e-02	2.505135863974852772e-02
8.191780000000000000e+12	1.000000000000000000e+05	1.000000000000000000e+02	8.191780000000000000e+12	3.496762902314912935e+00	3.532751513136878074e-02	4.928241722438759728e-03
8.191780000000000000e+12	1.000000000000000000e+05	1.000000000000000000e+02	8.191780000000000000e+12	3.497253017170533163e+00	3.461011234909554257e-02	1.031495607275365392e-02
8.191780000000000000e+12	1.000000000000000000e+05	1.000000000000000000e+02	8.191780000000000000e+12	3.493853221568315348e+00	2.864059860920172701e-02	2.022754471683898062e-02
8.191780000000000000e+12	1.000000000000000000e+05	1.000000000000000000e+02	8.191780000000000000e+12	3.494667478366045632e+00	2.714100617241829022e-02	2.367710253377654228e-02
8.191780000000000000e+12	1.000000000000000000e+05	1.000000000000000000e+02	8.191780000000000000e+12	3.493730736864654407e+00	2.552682477681634393e-02	2.559554491629944389e-02
8.191780000000000000e+12	1.000000000000000000e+05	1.000000000000000000e+02	8.191780000000000000e+12	3.496998233011709090e+00	3.685862573527082242e-02	4.996724624832233827e-03
8.191780000000000000e+12	1.000000000000000000e+05	1.000000000000000000e+02	8.191780000000000000e+12	3.493942077425253867e+00	3.423202450985046719e-02	1.071088797883772495e-02
8.191780000000000000e+12	1.000000000000000000e+05	1.000000000000000000e+02	8.191780000000000000e+12	3.494025758540556303e+00	2.804878376061524861e-02	2.016359183728796620e-02
8.191780000000000000e+12	1.000000000000000000e+05	1.000000000000000000e+02	8.191780000000000000e+12	3.491636396989906466e+00	2.732477744169975464e-02	2.497667133798343528e-02
8.191780000000000000e+12	1.000000000000000000e+05	1.000000000000000000e+02	8.191780000000000000e+12	3.486410702002831208e+00	2.468216430495387068e-02	2.579295473808968994e-02
8.191780000000000000e+12	1.000000000000000000e+05	1.000000000000000000e+02	8.191780000000000000e+12	3.495209157649514786e+00	3.556001745815297321e-02	4.999871533538050028e-03
8.191780000000000000e+12	1.000000000000000000e+05	1.000000000000000000e+02	8.191780000000000000e+12	3.494046328734111917e+00	3.372866744781625320e-02	1.132088456957122333e-02
8.191780000000000000e+12	1.000000000000000000e+05	1.000000000000000000e+02	8.191780000000000000e+12	3.491308747733910423e+00	2.935752479617607241e-02	2.079520763848766510e-02
8.191780000000000000e+12	1.000000000000000000e+05	1.000000000000000000e+02	8.191780000000000000e+12	3.496936753107092954e+00	2.857299650401666155e-02	2.428494708996055060e-02
8.191780000000000000e+12	1.000000000000000000e+05	1.000000000000000000e+02	8.191780000000000000e+12	3.496098318742406175e+00	2.540734112486607923e-02	2.690401495795474718e-02
8.191780000000000000e+12	1.000000000000000000e+05	1.000000000000000000e+02	8.191780000000000000e+12	3.258223281916676317e+00	3.488427062143717450e-02	4.977254472921873070e-03
8.191780000000000000e+12	1.000000000000000000e+05	1.000000000000000000e+02	8.191780000000000000e+12	3.497821235984884147e+00	3.500041018560488826e-02	1.073720473171381300e-02
8.191780000000000000e+12	1.000000000000000000e+05	1.000000000000000000e+02	8.191780000000000000e+12	3.494625405561419207e+00	3.010453849636720441e-02	2.122835731109918439e-02
8.191780000000000000e+12	1.000000000000000000e+05	1.000000000000000000e+02	8.191780000000000000e+12	3.490474126214940132e+00	2.668638967542922777e-02	2.423069631628126108e-02
8.191780000000000000e+12	1.000000000000000000e+05	1.000000000000000000e+02	8.191780000000000000e+12	3.491885996912151402e+00	2.664446225409161650e-02	2.555739970043881606e-02
8.191780000000000000e+12	1.000000000000000000e+05	1.000000000000000000e+02	8.191780000000000000e+12	3.495142475391912917e+00	3.651455920716860371e-02	5.028504193540043847e-03
8.191780000000000000e+12	1.000000000000000000e+05	1.000000000000000000e+02	8.191780000000000000e+12	3.496966912377319936e+00	3.558161970009648956e-02	1.070187751501221717e-02
8.191780000000000000e+12	1.000000000000000000e+05	1.000000000000000000e+02	8.191780000000000000e+12	3.495925236456878249e+00	2.888494177727137305e-02	2.141704281349371408e-02
8.191780000000000000e+12	1.000000000000000000e+05	1.000000000000000000e+02	8.191780000000000000e+12	3.496656726428409634e+00	2.745292504458107796e-02	2.338349154890002196e-02
8.191780000000000000e+12	1.000000000000000000e+05	1.000000000000000000e+02	8.191780000000000000e+12	3.489708320729460134e+00	2.467441786118052330e-02	2.460770194782695847e-02
8.191780000000000000e+12	1.000000000000000000e+05	1.000000000000000000e+02	8.191780000000000000e+12	3.496042074441720438e+00	3.533157234034149663e-02	5.024672818596946297e-03
8.191780000000000000e+12	1.000000000000000000e+05	1.000000000000000000e+02	8.191780000000000000e+12	3.496433846145828195e+00	3.408699382924472443e-02	1.103485100778927794e-02
8.191780000000000000e+12	1.000000000000000000e+05	1.000000000000000000e+02	8.191780000000000000e+12	3.491612001898738438e+00	2.974835685930458246e-02	2.057041485080443599e-02
8.191780000000000000e+12	1.000000000000000000e+05	1.000000000000000000e+02	8.191780000000000000e+12	3.494781525962844082e+00	2.667973762213778771e-02	2.417009166983187171e-02
8.191780000000000000e+12	1.000000000000000000e+05	1.000000000000000000e+02	8.191780000000000000e+12	3.494859788862777261e+00	2.453279851006288231e-02	2.660417106005228891e-02
7.998990000000000000e+12	1.000000000000000000e+05	1.000000000000000000e+02	7.998990000000000000e+12	3.990189902203383099e+00	3.576071312956602410e-02	4.928595878879266264e-03
7.998990000000000000e+12	1.000000000000000000e+05	1.000000000000000000e+02	7.998990000000000000e+12	3.988776088221311689e+00	3.551305317000293810e-02	1.122386489039662628e-02
7.998990000000000000e+12	1.000000000000000000e+05	1.000000000000000000e+02	7.998990000000000000e+12	3.994606568115886880e+00	3.090273127342731477e-02	2.098050469088719866e-02
7.998990000000000000e+12	1.000000000000000000e+05	1.000000000000000000e+02	7.998990000000000000e+12	3.996828296837065864e+00	2.817883830900222430e-02	2.493105070369392232e-02
7.998990000000000000e+12	1.000000000000000000e+05	1.000000000000000000e+02	7.998990000000000000e+12	3.988383202983823317e+00	2.534142923494065586e-02	2.533122066092069469e-02
7.998990000000000000e+12	1.000000000000000000e+05	1.000000000000000000e+02	7.998990000000000000e+12	3.995390046007378348e+00	3.494269824233572908e-02	5.063793140592404499e-03
7.998990000000000000e+12	1.000000000000000000e+05	1.000000000000000000e+02	7.998990000000000000e+12	3.997143559556661785e+00	3.334367478754409614e-02	1.098093083012339349e-02
7.998990000000000000e+12	1.000000000000000000e+05	1.000000000000000000e+02	7.998990000000000000e+12	3.995397814022817240e+00	3.019700558940789994e-02	2.156863472113648705e-02
7.998990000000000000e+12	1.000000000000000000e+05	1.000000000000000000e+02	7.998990000000000000e+12	3.998317787782616595e+00	2.717968954945790272e-02	2.235959006382643929e-02
7.998990000000000000e+12	1.000000000000000000e+05	1.000000000000000000e+02	7.998990000000000000e+12	3.995008547016095868e+00	2.508569738482906847e-02	2.556209096118812127e-02
7.998990000000000000e+12	1.000000000000000000e+05	1.000000000000000000e+02	7.998990000000000000e+12	3.988836138804708664e+00	3.591487413275760987e-02	5.144471843443111647e-03
7.998990000000000000e+12	1.000000000000000000e+05	1.000000000000000000e+02	7.998990000000000000e+12	3.992114659381604813e+00	3.471429359136209147e-02	1.141017224126020420e-02
7.998990000000000000e+12	1.000000000000000000e+05	1.000000000000000000e+02	7.998990000000000000e+12	3.991157883764935743e+00	2.874611483732483763e-02	2.160630411824854269e-02
7.998990000000000000e+12	1.000000000000000000e+05	1.000000000000000000e+02	7.998990000000000000e+12	3.990881838628228984e+00	2.827352372966700569e-02	2.436282209394174947e-02
7.998990000000000000e+12	1.000000000000000000e+05	1.000000000000000000e+02	7.998990000000000000e+12	3.989848899971002449e+00	2.636444628359869286e-02	2.567918157482712571e-02
7.998990000000000000e+12	1.000000000000000000e+05	1.000000000000000000e+02	7.998990000000000000e+12	3.994319493936927756e+00	3.563097923329057448e-02	4.873445428089923440e-03
7.998990000000000000e+12	1.000000000000000000e+05	1.000000000000000000e+02	7.998990000000000000e+12	3.994165988894019304e+00	3.516279681713637556e-02	1.078463809527159881e-02
7.998990000000000000e+12	1.000000000000000000e+05	1.000000000000000000e+02	7.998990000000000000e+12	3.993749297954400479e+00	2.964639184012495335e-02	2.061130974143310715e-02
7.998990000000000000e+12	1.000000000000000000e+05	1.000000000000000000e+02	7.998990000000000000e+12	3.994226723067458629e+00	2.765763337730935828e-02	2.381054603211208223e-02
7.998990000000000000e+12	1.000000000000000000e+05	1.000000000000000000e+02	7.998990000000000000e+12	3.993677450195446177e+00	2.542847889497048056e-02	2.608284340546577346e-02
7.998990000000000000e+12	1.000000000000000000e+05	1.000000000000000000e+02	7.998990000000000000e+12	3.987413050956547522e+00	3.744444454524329530e-02	5.033511423919959961e-03
7.998990000000000000e+12	1.000000000000000000e+05	1.000000000000000000e+02	7.998990000000000000e+12	3.993669119120750288e+00	3.350849363950639953e-02	1.095517716847556160e-02
7.998990000000000000e+12	1.000000000000000000e+05	1.000000000000000000e+02	7.998990000000000000e+12	3.471104284878232527e+00	2.927249812306535054e-02	2.038670783554525495e-02
7.998990000000000000e+12	1.000000000000000000e+05	1.000000000000000000e+02	7.998990000000000000e+12	3.991671595482785051e+00	2.689668144715867681e-02	2.418548117579203197e-02
7.998990000000000000e+12	1.000000000000000000e+05	1.000000000000000000e+02	7.998990000000000000e+12	3.979497246660867127e+00	2.624931701810683318e-02	2.536785373164655161e-02
7.998990000000000000e+12	1.000000000000000000e+05	1.000000000000000000e+02	7.998990000000000000e+12	3.742215385343869993e+00	3.528670849338348681e-02	4.988598335350182857e-03
7.998990000000000000e+12	1.000000000000000000e+05	1.000000000000000000e+02	7.998990000000000000e+12	3.995111725773040412e+00	3.395801919853798367e-02	1.073214211233513779e-02
7.998990000000000000e+12	1.000000000000000000e+05	1.000000000000000000e+02	7.998990000000000000e+12	3.990173151035833143e+00	2.872305721132216091e-02	2.123537572645807850e-02
7.998990000000000000e+12	1.000000000000000000e+05	1.000000000000000000e+02	7.998990000000000000e+12	3.994180521439193221e+00	2.683723641030853063e-02	2.335943205619621724e-02
7.998990000000000000e+12	1.000000000000000000e+05	1.000000000000000000e+02	7.998990000000000000e+12	3.974509160478919334e+00	2.625276359903046600e-02	2.555021435617164591e-02
7.998990000000000000e+12	1.000000000000000000e+05	1.000000000000000000e+02	7.998990000000000000e+12	3.737132939400628295e+00	3.470911862736900805e-02	5.330101999898933032e-03
7.998990000000000000e+12	1.000000000000000000e+05	1.000000000000000000e+02	7.998990000000000000e+12	3.990524223994725617e+00	3.536183456002652686e-02	1.071542986265081390e-02
7.998990000000000000e+12	1.000000000000000000e+05	1.000000000000000000e+02	7.998990000000000000e+12	3.995038795063010184e+00	2.942984894143408844e-02	2.103834436609555020e-02
7.998990000000000000e+12	1.000000000000000000e+05	1.000000000000000000e+02	7.998990000000000000e+12	3.974056483701770226e+00	2.687341659651829723e-02	2.326821741026306387e-02
7.998990000000000000e+12	1.000000000000000000e+05	1.000000000000000000e+02	7.998990000000000000e+12	3.993338996865077206e+00	2.639180449068963610e-02	2.509012023670773028e-02
7.998990000000000000e+12	1.000000000000000000e+05	1.000000000000000000e+02	7.998990000000000000e+12	3.994921061900003956e+00	3.613191064798048496e-02	4.866328556255417222e-03
7.998990000000000000e+12	1.000000000000000000e+05	1.000000000000000000e+02	7.998990000000000000e+12	3.996527780961059761e+00	3.370545388259744979e-02	1.091212769229866174e-02
7.998990000000000000e+12	1.000000000000000000e+05	1.000000000000000000e+02	7.998990000000000000e+12	3.995828837605768236e+00	3.133546182621262111e-02	2.096027283683625161e-02
7.998990000000000000e+12	1.000000000000000000e+05	1.000000000000000000e+02	7.998990000000000000e+12	3.996482852278222531e+00	2.683549854714544283e-02	2.353184584526533257e-02
7.998990000000000000e+12	1.000000000000000000e+05	1.000000000000000000e+02	7.998990000000000000e+12	3.994916876114621207e+00	2.542561466267500084e-02	2.531419028979863331e-02
7.998990000000000000e+12	1.000000000000000000e+05	1.000000000000000000e+02	7.998990000000000000e+12	3.990637097030685254e+00	3.522574035633365547e-02	4.970825141884168373e-03
7.998990000000000000e+12	1.000000000000000000e+05	1.000000000000000000e+02	7.998990000000000000e+12	3.993946281951502808e+00	3.612193557432010621e-02	1.066635677878027301e-02
7.998990000000000000e+12	1.000000000000000000e+05	1.000000000000000000e+02	7.998990000000000000e+12	3.994669611210702076e+00	2.905729272954038489e-02	2.048668512450039364e-02
7.998990000000000000e+12	1.000000000000000000e+05	1.000000000000000000e+02	7.998990000000000000e+12	3.993980976199691391e+00	2.877911997091284202e-02	2.409337506680324023e-02
7.998990000000000000e+12	1.000000000000000000e+05	1.000000000000000000e+02	7.998990000000000000e+12	3.996006500443127329e+00	2.369298057671585453e-02	2.512766732022101573e-02
7.998990000000000000e+12	1.000000000000000000e+05	1.000000000000000000e+02	7.998990000000000000e+12	3.988326573614813242e+00	3.440720537305666515e-02	5.071636671088872866e-03
7.998990000000000000e+12	1.000000000000000000e+05	1.000000000000000000e+02	7.998990000000000000e+12	3.993750242284659357e+00	3.302870736824314868e-02	1.106427930866633533e-02
7.998990000000000000e+12	1.000000000000000000e+05	1.000000000000000000e+02	7.998990000000000000e+12	3.988072893031403332e+00	2.971486977613041480e-02	2.090823438839096646e-02
7.998990000000000000e+12	1.000000000000000000e+05	1.000000000000000000e+02	7.998990000000000000e+12	3.995668675454635554e+00	2.741972927012100575e-02	2.453420381726495458e-02
7.998990000000000000e+12	1.000000000000000000e+05	1.000000000000000000e+02	7.998990000000000000e+12	3.989166577819651227e+00	2.479122493145179129e-02	2.546777215239310818e-02
7.777310000000000000e+12	1.000000000000000000e+05	1.000000000000000000e+02	7.777310000000000000e+12	4.473975595186129972e+00	3.477465377837586635e-02	4.943114741252163137e-03
7.777310000000000000e+12	1.000000000000000000e+05	1.000000000000000000e+02	7.777310000000000000e+12	4.205920524509267011e+00	3.362627824458707532e-02	1.071229653103271395e-02
7.777310000000000000e+12	1.000000000000000000e+05	1.000000000000000000e+02	7.777310000000000000e+12	4.496542632570344367e+00	2.893780017122560277e-02	2.139634940836118715e-02
7.777310000000000000e+12	1.000000000000000000e+05	1.000000000000000000e+02	7.777310000000000000e+12	4.493395285595579658e+00	2.764218824211312972e-02	2.343041480187761302e-02
7.777310000000000000e+12	1.000000000000000000e+05	1.000000000000000000e+02	7.777310000000000000e+12	4.493343478106726074e+00	2.600370371473831321e-02	2.640347754026972638e-02
7.777310000000000000e+12	1.000000000000000000e+05	1.000000000000000000e+02	7.777310000000000000e+12	4.476190877808766899e+00	3.723939585621410114e-02	5.297991862154809509e-03
7.777310000000000000e+12	1.000000000000000000e+05	1.000000000000000000e+02	7.777310000000000000e+12	4.494817111892553285e+00	3.508815431409425395e-02	1.085070394723536800e-02
7.777310000000000000e+12	1.000000000000000000e+05	1.000000000000000000e+02	7.777310000000000000e+12	4.469402116322635621e+00	2.922071661823254576e-02	2.162195475382361343e-02
7.777310000000000000e+12	1.000000000000000000e+05	1.000000000000000000e+02	7.777310000000000000e+12	4.489065074188874682e+00	2.666892328341380347e-02	2.405982736648914003e-02
7.777310000000000000e+12	1.000000000000000000e+05	1.000000000000000000e+02	7.777310000000000000e+12	4.492886212547455571e+00	2.617091683705145139e-02	2.502434252578423363e-02
7.777310000000000000e+12	1.000000000000000000e+05	1.000000000000000000e+02	7.777310000000000000e+12	4.487978185748579207e+00	3.608618361060642044e-02	5.131555878566366677e-03
7.777310000000000000e+12	1.000000000000000000e+05	1.000000000000000000e+02	7.777310000000000000e+12	4.479369915037205274e+00	3.506080655442498500e-02	1.036091769527545774e-02
7.777310000000000000e+12	1.000000000000000000e+05	1.000000000000000000e+02	7.777310000000000000e+12	4.492153396421054268e+00	2.922727459306904280e-02	2.141215929249741870e-02
7.777310000000000000e+12	1.000000000000000000e+05	1.000000000000000000e+02	7.777310000000000000e+12	4.490502227744945785e+00	2.758591508414738255e-02	2.357959155943445059e-02
7.777310000000000000e+12	1.000000000000000000e+05	1.000000000000000000e+02	7.777310000000000000e+12	4.193930277098066206e+00	2.481296780836955360e-02	2.582936173523687692e-02
7.777310000000000000e+12	1.000000000000000000e+05	1.000000000000000000e+02	7.777310000000000000e+12	4.487613467775008580e+00	3.598570967468373710e-02	5.116850489201163130e-03
7.777310000000000000e+12	1.000000000000000000e+05	1.000000000000000000e+02	7.777310000000000000e+12	4.494478735191478336e+00	3.585806484474589328e-02	1.113593261014727068e-02
7.777310000000000000e+12	1.000000000000000000e+05	1.000000000000000000e+02	7.777310000000000000e+12	4.493010157753451139e+00	2.958487176685421077e-02	2.086251820940517032e-02
7.777310000000000000e+12	1.000000000000000000e+05	1.000000000000000000e+02	7.777310000000000000e+12	4.495280058388198441e+00	2.715335185833486764e-02	2.278547579102581030e-02
7.777310000000000000e+12	1.000000000000000000e+05	1.000000000000000000e+02	7.777310000000000000e+12	4.494731680584481914e+00	2.707168416399763355e-02	2.624940859543042904e-02
7.777310000000000000e+12	1.000000000000000000e+05	1.000000000000000000e+02	7.777310000000000000e+12	4.491525293311861233e+00	3.586637487252392065e-02	4.923177860924028183e-03
7.777310000000000000e+12	1.000000000000000000e+05	1.000000000000000000e+02	7.777310000000000000e+12	4.492916904394223643e+00	3.360982128987106965e-02	1.051357335701645114e-02
7.777310000000000000e+12	1.000000000000000000e+05	1.000000000000000000e+02	7.777310000000000000e+12	4.489197737801805310e+00	3.080408257979031644e-02	2.033109275184272202e-02
7.777310000000000000e+12	1.000000000000000000e+05	1.000000000000000000e+02	7.777310000000000000e+12	4.482775371643038298e+00	2.682144675022526958e-02	2.499161562547182538e-02
7.777310000000000000e+12	1.000000000000000000e+05	1.000000000000000000e+02	7.777310000000000000e+12	4.208409771796530308e+00	2.633574506518050404e-02	2.633994188028179750e-02
7.777310000000000000e+12	1.000000000000000000e+05	1.000000000000000000e+02	7.777310000000000000e+12	4.496111307297359971e+00	3.628796742020370253e-02	5.091040590849778627e-03
7.777310000000000000e+12	1.000000000000000000e+05	1.000000000000000000e+02	7.777310000000000000e+12	4.493190821576172667e+00	3.370275317883327654e-02	1.084397564946246520e-02
7.777310000000000000e+12	1.000000000000000000e+05	1.000000000000000000e+02	7.777310000000000000e+12	4.486078887024632422e+00	3.028512047368635968e-02	1.968971391209185795e-02
7.777310000000000000e+12	1.000000000000000000e+05	1.000000000000000000e+02	7.777310000000000000e+12	4.495254379161451652e+00	2.655598463221632913e-02	2.323278777696558342e-02
7.777310000000000000e+12	1.000000000000000000e+05	1.000000000000000000e+02	7.777310000000000000e+12	4.480945689533109899e+00	2.455798511651497568e-02	2.661741692056599981e-02
7.777310000000000000e+12	1.000000000000000000e+05	1.000000000000000000e+02	7.777310000000000000e+12	4.486246990506879584e+00	3.520982207027942984e-02	5.067800157796832801e-03
7.777310000000000000e+12	1.000000000000000000e+05	1.000000000000000000e+02	7.777310000000000000e+12	4.496174752151818943e+00	3.454857816407792825e-02	1.110947951414355608e-02
7.777310000000000000e+12	1.000000000000000000e+05	1.000000000000000000e+02	7.777310000000000000e+12	4.495411340796271915e+00	2.854684550526472714e-02	2.116084656158508451e-02
7.777310000000000000e+12	1.000000000000000000e+05	1.000000000000000000e+02	7.777310000000000000e+12	4.493016731656280349e+00	2.725695701468511950e-02	2.328196759774740776e-02
7.777310000000000000e+12	1.000000000000000000e+05	1.000000000000000000e+02	7.777310000000000000e+12	4.492866268204489089e+00	2.514316138625825175e-02	2.542724442828590489e-02
7.777310000000000000e+12	1.000000000000000000e+05	1.000000000000000000e+02	7.777310000000000000e+12	4.481636601034006517e+00	3.482389375004531218e-02	5.136193585933568860e-03
7.777310000000000000e+12	1.000000000000000000e+05	1.000000000000000000e+02	7.777310000000000000e+12	4.494354438447407674e+00	3.388975857579085149e-02	1.113612842583654519e-02
7.777310000000000000e+12	1.000000000000000000e+05	1.000000000000000000e+02	7.777310000000000000e+12	4.477755196884936950e+00	2.888525986055161601e-02	2.070222295987615702e-02
7.777310000000000000e+12	1.000000000000000000e+05	1.000000000000000000e+02	7.777310000000000000e+12	4.479245729762988404e+00	2.826991990313483874e-02	2.410160340546679131e-02
7.777310000000000000e+12	1.000000000000000000e+05	1.000000000000000000e+02	7.777310000000000000e+12	4.493910451961346197e+00	2.495896925027142957e-02	2.463967688879709073e-02
7.777310000000000000e+12	1.000000000000000000e+05	1.000000000000000000e+02	7.777310000000000000e+12	4.493585449744751159e+00	3.497694527331078607e-02	4.857409661606865679e-03
7.777310000000000000e+12	1.000000000000000000e+05	1.000000000000000000e+02	7.777310000000000000e+12	4.492542576689993794e+00	3.665556670792256833e-02	1.054256572615493159e-02
7.777310000000000000e+12	1.000000000000000000e+05	1.000000000000000000e+02	7.777310000000000000e+12	4.479402365095120686e+00	2.967263411663293576e-02	2.058146209321207176e-02
7.777310000000000000e+12	1.000000000000000000e+05	1.000000000000000000e+02	7.777310000000000000e+12	4.495672668246333714e+00	2.769920956401623544e-02	2.344319252384863966e-02
7.777310000000000000e+12	1.000000000000000000e+05	1.000000000000000000e+02	7.777310000000000000e+12	4.493712833440076437e+00	2.465787714701949199e-02	2.500769068774020415e-02
7.777310000000000000e+12	1.000000000000000000e+05	1.000000000000000000e+02	7.777310000000000000e+12	4.487333395736823327e+00	3.741029213223186212e-02	4.959206939377367417e-03
7.777310000000000000e+12	1.000000000000000000e+05	1.000000000000000000e+02	7.777310000000000000e+12	4.493197887294991588e+00	3.476691675971784606e-02	1.051562228550483036e-02
7.777310000000000000e+12	1.000000000000000000e+05	1.000000000000000000e+02	7.777310000000000000e+12	4.487820691239903681e+00	3.155182600758863615e-02	2.029597028453116597e-02
7.777310000000000000e+12	1.000000000000000000e+05	1.000000000000000000e+02	7.777310000000000000e+12	4.486957561258168248e+00	2.665929998366866130e-02	2.355996816035687766e-02
7.777310000000000000e+12	1.000000000000000000e+05	1.000000000000000000e+02	7.777310000000000000e+12	4.496480486304062829e+00	2.412956820679815900e-02	2.512296388669141289e-02
7.536350000000000000e+12	1.000000000000000000e+05	1.000000000000000000e+02	7.536350000000000000e+12	4.957248735801658590e+00	3.539759932565601785e-02	4.930101289006998122e-03
7.536350000000000000e+12	1.000000000000000000e+05	1.000000000000000000e+02	7.536350000000000000e+12	4.984085126582613157e+00	3.377760225537244226e-02	1.076022080290742547e-02
7.536350000000000000e+12	1.000000000000000000e+05	1.000000000000000000e+02	7.536350000000000000e+12	4.986222380175786562e+00	3.026631714311219662e-02	2.108914711353077412e-02
7.536350000000000000e+12	1.000000000000000000e+05	1.000000000000000000e+02	7.536350000000000000e+12	4.994587327085900696e+00	2.635987385301862690e-02	2.315317995422515665e-02
7.536350000000000000e+12	1.000000000000000000e+05	1.000000000000000000e+02	7.536350000000000000e+12	4.987620174967378084e+00	2.468796171394808600e-02	2.559245240511876657e-02
7.536350000000000000e+12	1.000000000000000000e+05	1.000000000000000000e+02	7.536350000000000000e+12	4.672608581062304367e+00	3.547370656659375177e-02	5.276485447315652430e-03
7.536350000000000000e+12	1.000000000000000000e+05	1.000000000000000000e+02	7.536350000000000000e+12	4.990437341768483748e+00	3.496735302834773351e-02	1.104285364096466160e-02
7.536350000000000000e+12	1.000000000000000000e+05	1.000000000000000000e+02	7.536350000000000000e+12	4.991688068775874676e+00	2.970972328310253485e-02	2.059723888754529803e-02
7.536350000000000000e+12	1.000000000000000000e+05	1.000000000000000000e+02	7.536350000000000000e+12	4.990087447687801436e+00	2.716782721451849875e-02	2.383277248707679069e-02
7.536350000000000000e+12	1.000000000000000000e+05	1.000000000000000000e+02	7.536350000000000000e+12	4.986117177374580933e+00	2.577814520268175216e-02	2.499016201136414900e-02
7.536350000000000000e+12	1.000000000000000000e+05	1.000000000000000000e+02	7.536350000000000000e+12	4.673468804727815673e+00	3.632104834007453265e-02	4.929608881175525162e-03
7.536350000000000000e+12	1.000000000000000000e+05	1.000000000000000000e+02	7.536350000000000000e+12	4.988953019631480856e+00	3.499859642539616955e-02	1.101540703880351385e-02
7.536350000000000000e+12	1.000000000000000000e+05	1.000000000000000000e+02	7.536350000000000000e+12	4.993620166453728970e+00	2.948957809828127788e-02	2.065924919301548313e-02
7.536350000000000000e+12	1.000000000000000000e+05	1.000000000000000000e+02	7.536350000000000000e+12	4.995791388150609968e+00	2.781528257122956038e-02	2.306396250080312155e-02
7.536350000000000000e+12	1.000000000000000000e+05	1.000000000000000000e+02	7.536350000000000000e+12	4.977912233583083434e+00	2.505831670554359986e-02	2.563830159483948545e-02
7.536350000000000000e+12	1.000000000000000000e+05	1.000000000000000000e+02	7.536350000000000000e+12	4.990313235298526884e+00	3.813278172405769328e-02	4.821030224512021407e-03
7.536350000000000000e+12	1.000000000000000000e+05	1.000000000000000000e+02	7.536350000000000000e+12	4.993226607852193411e+00	3.531815412170631607e-02	1.067000304559947987e-02
7.536350000000000000e+12	1.000000000000000000e+05	1.000000000000000000e+02	7.536350000000000000e+12	4.991081376570946304e+00	3.021742212589986765e-02	2.069291213084964443e-02
7.536350000000000000e+12	1.000000000000000000e+05	1.000000000000000000e+02	7.536350000000000000e+12	4.994112346754081777e+00	2.663177577690215708e-02	2.366636697298022535e-02
7.536350000000000000e+12	1.000000000000000000e+05	1.000000000000000000e+02	7.536350000000000000e+12	4.991583756373438874e+00	2.493820256565547344e-02	2.712447458328155064e-02
7.536350000000000000e+12	1.000000000000000000e+05	1.000000000000000000e+02	7.536350000000000000e+12	4.992300026357225029e+00	3.786872523436098092e-02	5.048897789430975558e-03
7.536350000000000000e+12	1.000000000000000000e+05	1.000000000000000000e+02	7.536350000000000000e+12	4.981095312072102210e+00	3.495046534461174886e-02	1.064151807480838083e-02
7.536350000000000000e+12	1.000000000000000000e+05	1.000000000000000000e+02	7.536350000000000000e+12	4.990503828470719050e+00	2.820816525432305946e-02	2.147728301115544441e-02
7.536350000000000000e+12	1.000000000000000000e+05	1.000000000000000000e+02	7.536350000000000000e+12	4.996162518238452144e+00	2.686825350468061840e-02	2.336963602232875956e-02
7.536350000000000000e+12	1.000000000000000000e+05	1.000000000000000000e+02	7.536350000000000000e+12	4.988698086047406832e+00	2.632327932214434396e-02	2.446821633456097711e-02
7.536350000000000000e+12	1.000000000000000000e+05	1.000000000000000000e+02	7.536350000000000000e+12	4.932056562809338907e+00	3.659764588553845316e-02	5.080244669204324152e-03
7.536350000000000000e+12	1.000000000000000000e+05	1.000000000000000000e+02	7.536350000000000000e+12	4.983206677045018296e+00	3.376654866420504553e-02	1.064190316738585287e-02
7.536350000000000000e+12	1.000000000000000000e+05	1.000000000000000000e+02	7.536350000000000000e+12	4.992578978295568959e+00	2.886827591780845997e-02	2.030342505951037574e-02
7.536350000000000000e+12	1.000000000000000000e+05	1.000000000000000000e+02	7.536350000000000000e+12	4.985039211075490861e+00	2.776534920165106210e-02	2.325170613986662915e-02
7.536350000000000000e+12	1.000000000000000000e+05	1.000000000000000000e+02	7.536350000000000000e+12	4.989198995995138830e+00	2.564614900844572332e-02	2.468807596690739473e-02
7.536350000000000000e+12	1.000000000000000000e+05	1.000000000000000000e+02	7.536350000000000000e+12	4.992589422307355917e+00	3.793441035281595181e-02	5.061698317798778504e-03
7.536350000000000000e+12	1.000000000000000000e+05	1.000000000000000000e+02	7.536350000000000000e+12	4.991020552351256079e+00	3.471918887654047714e-02	1.079284723041776944e-02
7.536350000000000000e+12	1.000000000000000000e+05	1.000000000000000000e+02	7.536350000000000000e+12	4.994898355345867458e+00	2.863085819578508467e-02	2.161779211302028436e-02
7.536350000000000000e+12	1.000000000000000000e+05	1.000000000000000000e+02	7.536350000000000000e+12	4.672882972267531798e+00	2.627045817002502531e-02	2.320332681551716403e-02
7.536350000000000000e+12	1.000000000000000000e+05	1.000000000000000000e+02	7.536350000000000000e+12	4.976912397747764949e+00	2.757236752297626686e-02	2.491569636330605297e-02
7.536350000000000000e+12	1.000000000000000000e+05	1.000000000000000000e+02	7.536350000000000000e+12	4.996167756396426185e+00	3.754973632808542711e-02	4.835774628958813999e-03
7.536350000000000000e+12	1.000000000000000000e+05	1.000000000000000000e+02	7.536350000000000000e+12	4.995643939818910084e+00	3.455159117961294907e-02	1.092569541822145315e-02
7.536350000000000000e+12	1.000000000000000000e+05	1.000000000000000000e+02	7.536350000000000000e+12	4.990699523296461493e+00	2.887408373142733714e-02	2.064476380304551897e-02
7.536350000000000000e+12	1.000000000000000000e+05	1.000000000000000000e+02	7.536350000000000000e+12	4.989101400494655891e+00	2.638311964065592763e-02	2.264878958267355080e-02
7.536350000000000000e+12	1.000000000000000000e+05	1.000000000000000000e+02	7.536350000000000000e+12	4.992346996895685507e+00	2.609743258511454389e-02	2.593620627353035446e-02
7.536350000000000000e+12	1.000000000000000000e+05	1.000000000000000000e+02	7.536350000000000000e+12	4.987917743295111173e+00	3.582138168932016281e-02	5.168338606076504707e-03
7.536350000000000000e+12	1.000000000000000000e+05	1.000000000000000000e+02	7.536350000000000000e+12	4.997335496152482293e+00	3.457828461463133968e-02	1.086705589490166192e-02
7.536350000000000000e+12	1.000000000000000000e+05	1.000000000000000000e+02	7.536350000000000000e+12	4.993581443156654309e+00	2.887615258891224751e-02	2.012247595551006074e-02
7.536350000000000000e+12	1.000000000000000000e+05	1.000000000000000000e+02	7.536350000000000000e+12	4.990303785450487695e+00	2.896367053699020963e-02	2.396503175877517586e-02
7.536350000000000000e+12	1.000000000000000000e+05	1.000000000000000000e+02	7.536350000000000000e+12	4.997503865228464015e+00	2.523134253623964332e-02	2.600077811675046563e-02
7.536350000000000000e+12	1.000000000000000000e+05	1.000000000000000000e+02	7.536350000000000000e+12	4.993008343962901385e+00	3.466375252773117033e-02	4.811951733683446537e-03
7.536350000000000000e+12	1.000000000000000000e+05	1.000000000000000000e+02	7.536350000000000000e+12	4.987380559342090791e+00	3.358210182270312399e-02	1.067094325469962295e-02
7.536350000000000000e+12	1.000000000000000000e+05	1.000000000000000000e+02	7.536350000000000000e+12	4.993368572701183616e+00	2.874124986390029154e-02	2.069310920877448848e-02
7.536350000000000000e+12	1.000000000000000000e+05	1.000000000000000000e+02	7.536350000000000000e+12	4.994293277062388015e+00	2.681137313086096735e-02	2.395597050897382840e-02
7.536350000000000000e+12	1.000000000000000000e+05	1.000000000000000000e+02	7.536350000000000000e+12	4.995420915533759221e+00	2.551562489319095933e-02	2.516969250035153843e-02
