Simulation Number PG.cFactor ExitSlit.openingHeight SU.photonEnergy PG.orderDiffraction SU.numberRays
0                 2.5        0.016                  100             1                   100000.0     
1                 2.5        0.016                  150             1                   100000.0     
2                 2.5        0.016                  200             1                   100000.0     
3                 2.5        0.016                  250             1                   100000.0     
4                 2.5        0.016                  300             1                   100000.0     
5                 2.5        0.016                  350             1                   100000.0     
6                 2.5        0.016                  400             1                   100000.0     
7                 2.5        0.016                  450             1                   100000.0     
8                 2.5        0.016                  500             1                   100000.0     
9                 2.5        0.016                  550             1                   100000.0     
10                2.5        0.016                  600             1                   100000.0     
11                2.5        0.016                  650             1                   100000.0     
12                2.5        0.016                  700             1                   100000.0     
13                2.5        0.016                  750             1                   100000.0     
14                2.5        0.016                  800             1                   100000.0     
15                2.5        0.016                  850             1                   100000.0     
16                2.5        0.016                  900             1                   100000.0     
17                2.5        0.016                  950             1                   100000.0     
18                2.5        0.016                  1000            1                   100000.0     
19                2.5        0.016                  1050            1                   100000.0     
20                2.5        0.016                  1100            1                   100000.0     
21                2.5        0.016                  1150            1                   100000.0     
22                2.5        0.016                  1200            1                   100000.0     
23                2.5        0.016                  1250            1                   100000.0     
24                2.5        0.016                  1300            1                   100000.0     
25                2.5        0.016                  1350            1                   100000.0     
26                2.5        0.016                  1400            1                   100000.0     
27                2.5        0.016                  1450            1                   100000.0     
28                2.5        0.016                  1500            1                   100000.0     
29                2.5        0.016                  1550            1                   100000.0     
30                2.5        0.016                  1600            1                   100000.0     
31                2.5        0.016                  1650            1                   100000.0     
32                2.5        0.016                  1700            1                   100000.0     
33                2.5        0.016                  1750            1                   100000.0     
34                2.5        0.016                  1800            1                   100000.0     
35                2.5        0.016                  1850            1                   100000.0     
36                2.5        0.016                  1900            1                   100000.0     
37                2.5        0.016                  1950            1                   100000.0     
38                2.5        0.016                  2000            1                   100000.0     
39                2.5        0.016                  2050            1                   100000.0     
40                2.5        0.016                  2100            1                   100000.0     
