# SourcePhotonFlux	NumberRaysSurvived	PercentageRaysSurvived	PhotonFlux	Bandwidth	HorizontalFocusFWHM	VerticalFocusFWHM
nan	8.375000000000000000e+00	8.375000000000000500e-03	nan	4.585477137252242253e-04	3.642417743668718410e-03	1.255597490155509395e-04
nan	1.156250000000000000e+01	1.156249999999999986e-02	nan	6.712669409353597995e-04	3.326905122151199105e-03	1.298550366785548968e-04
nan	6.000000000000000000e+00	6.000000000000000992e-03	nan	8.213213249504518199e-04	2.719307495445066718e-03	1.420073457338778171e-04
nan	1.025000000000000000e+01	1.025000000000000043e-02	nan	1.307509023952583508e-03	2.492796403523463589e-03	1.253647507096804150e-04
nan	1.343750000000000000e+01	1.343749999999999979e-02	nan	1.353570907322069810e-03	2.710096612328963088e-03	1.295540334751091728e-04
nan	1.581250000000000000e+01	1.581250000000000017e-02	nan	1.590028412603393566e-03	2.679324151863285257e-03	1.305532977390446499e-04
nan	2.131250000000000000e+01	2.131249999999999811e-02	nan	1.827049238366795780e-03	2.426899086013006770e-03	1.312223144983622062e-04
nan	2.875000000000000000e+01	2.874999999999999778e-02	nan	1.935605976765231162e-03	1.923010293763084558e-03	1.614084678139123745e-04
nan	3.193750000000000000e+01	3.193750000000000061e-02	nan	1.944486557640345836e-03	1.780403907874805996e-03	1.644602372823844496e-04
nan	3.912500000000000000e+01	3.912500000000000006e-02	nan	2.150848818494921488e-03	1.742404025182115639e-03	1.643094922140907904e-04
nan	4.075000000000000000e+01	4.074999999999999456e-02	nan	2.169199252833209357e-03	1.705967914388651242e-03	1.313114173069451340e-04
nan	4.275000000000000000e+01	4.274999999999999634e-02	nan	2.181625193010461317e-03	1.665971469997193539e-03	1.557078652725697591e-04
nan	4.775000000000000000e+01	4.775000000000000078e-02	nan	2.421535936775853770e-03	1.617157292514664543e-03	1.677203423238368663e-04
nan	5.037500000000000000e+01	5.037499999999999617e-02	nan	3.347872545589325455e-03	1.792011882744738022e-03	1.694355247042834468e-04
nan	5.531250000000000000e+01	5.531250000000000056e-02	nan	3.669365977550853586e-03	1.666070680084991542e-03	1.780842491576613924e-04
nan	6.350000000000000000e+01	6.350000000000000089e-02	nan	4.176734679262494865e-03	1.582669686040823415e-03	1.776381783004146167e-04
nan	6.312500000000000000e+01	6.312500000000000056e-02	nan	3.228120775723652969e-03	1.522293501273348218e-03	1.663991991935823817e-04
nan	6.856250000000000000e+01	6.856249999999999845e-02	nan	3.440957481302575616e-03	1.504672167381480938e-03	1.652682368505173252e-04
nan	6.862500000000000000e+01	6.862500000000000544e-02	nan	4.385686715011161141e-03	1.541601895988730557e-03	1.694397371159672651e-04
nan	7.137500000000000000e+01	7.137499999999999400e-02	nan	4.396176808327822982e-03	1.408650963864532032e-03	1.705893095697478634e-04
nan	7.068750000000000000e+01	7.068750000000000033e-02	nan	4.533163062149014877e-03	1.691215707760933881e-03	1.684147121286968629e-04
nan	6.912500000000000000e+01	6.912499999999999201e-02	nan	4.607719427298206938e-03	1.656258748419559479e-03	1.653717192527571112e-04
nan	6.943750000000000000e+01	6.943749999999999922e-02	nan	5.399559289585909028e-03	1.439221995562209571e-03	1.755607679566867471e-04
nan	7.643750000000000000e+01	7.643750000000000544e-02	nan	5.248046782597270976e-03	1.401167355025119150e-03	1.777981805142977989e-04
nan	6.737500000000000000e+01	6.737499999999999045e-02	nan	5.475374358908879913e-03	1.403337592962980527e-03	1.557257571393084474e-04
nan	6.668750000000000000e+01	6.668750000000001066e-02	nan	5.763823528852185518e-03	1.195647224720099069e-03	1.649495718734225681e-04
nan	6.262500000000000000e+01	6.262500000000000011e-02	nan	6.320740547522518682e-03	1.419518075076516006e-03	1.745074413621047836e-04
nan	5.656250000000000000e+01	5.656249999999999473e-02	nan	5.542089094973334795e-03	1.354021944395015272e-03	1.778427068095534812e-04
nan	5.325000000000000000e+01	5.324999999999999178e-02	nan	6.837531180309497358e-03	1.530114066433491040e-03	1.618974337344833458e-04
nan	4.787500000000000000e+01	4.787500000000000089e-02	nan	6.630718207333075043e-03	1.138420494448279642e-03	1.599703106335173368e-04
nan	4.343750000000000000e+01	4.343750000000000389e-02	nan	5.661732463636326429e-03	1.768684331167918794e-03	1.752391314372574475e-04
nan	4.150000000000000000e+01	4.150000000000000216e-02	nan	6.291638003432353798e-03	1.537711364145759752e-03	1.538561578112571300e-04
nan	3.918750000000000000e+01	3.918750000000000011e-02	nan	8.111372997475996272e-03	1.597107193225419993e-03	1.673888880559319366e-04
nan	3.212500000000000000e+01	3.212500000000000078e-02	nan	8.016582206451516868e-03	1.324289039063534937e-03	1.380019314856240488e-04
nan	2.943750000000000000e+01	2.943749999999999839e-02	nan	8.331563925423779438e-03	1.679229403808082640e-03	1.610112827408016582e-04
nan	2.431250000000000000e+01	2.431250000000000078e-02	nan	9.123339204158635585e-03	1.612208416388468150e-03	1.410185288944466007e-04
nan	2.150000000000000000e+01	2.150000000000000175e-02	nan	1.067356506913070061e-02	1.534179718253048715e-03	1.336694107989941838e-04
nan	1.662500000000000000e+01	1.662500000000000089e-02	nan	1.130782566656486285e-02	1.741137158919365754e-03	1.247186779271914421e-04
nan	1.493750000000000000e+01	1.493749999999999939e-02	nan	1.029119231684308758e-02	1.722348127962952365e-03	1.282671441693129864e-04
nan	6.375000000000000000e+00	6.374999999999999591e-03	nan	4.710663612194973125e-04	3.848997659995505999e-03	1.114560554894570080e-04
nan	7.000000000000000000e+00	6.999999999999999278e-03	nan	6.400139112206238443e-04	3.558390450431511785e-03	1.074514207414859748e-04
nan	4.000000000000000000e+00	4.000000000000000083e-03	nan	8.732339457865704322e-04	2.148608968312742257e-03	1.149543148300419710e-04
nan	7.187500000000000000e+00	7.187499999999999445e-03	nan	1.129399289620763467e-03	2.578536110266229937e-03	1.079970645270984027e-04
nan	9.500000000000000000e+00	9.499999999999998029e-03	nan	1.349315334396457592e-03	2.696276637378809508e-03	1.095142038653928106e-04
nan	1.193750000000000000e+01	1.193750000000000019e-02	nan	1.705472336524432647e-03	2.468185542117729957e-03	1.114459532502645050e-04
nan	1.806250000000000000e+01	1.806249999999999870e-02	nan	1.886360727525962771e-03	2.487863944796437146e-03	1.117913030616597258e-04
nan	1.981250000000000000e+01	1.981250000000000025e-02	nan	2.080479349256320575e-03	2.377961143064886811e-03	1.122536675737058933e-04
nan	2.593750000000000000e+01	2.593750000000000222e-02	nan	1.979562084667992484e-03	2.010885363637908863e-03	1.311672101327299687e-04
nan	2.400000000000000000e+01	2.400000000000000050e-02	nan	1.882038640845378873e-03	2.076847680659655963e-03	1.292534000844297961e-04
nan	3.081250000000000000e+01	3.081249999999999961e-02	nan	2.612565681808121099e-03	2.298316490273805829e-03	1.266682989020763493e-04
nan	3.368750000000000000e+01	3.368750000000000216e-02	nan	2.396884149924005669e-03	1.419729887076257285e-03	1.249805833501687474e-04
nan	3.687500000000000000e+01	3.687499999999999806e-02	nan	1.159243628087835987e-03	1.376514070340118835e-03	1.461482807296206180e-04
nan	3.937500000000000000e+01	3.937499999999999334e-02	nan	3.226394158296841397e-03	1.430131121565303247e-03	1.329454832889423216e-04
nan	4.293750000000000000e+01	4.293750000000000344e-02	nan	3.047759519226644898e-03	1.609866558994387182e-03	1.384837613191543205e-04
nan	4.875000000000000000e+01	4.875000000000000167e-02	nan	3.618246711305062036e-03	1.490057635660789123e-03	1.472562716392999353e-04
nan	4.962500000000000000e+01	4.962499999999999550e-02	nan	3.179169513337853914e-03	1.582482928540100350e-03	1.290408634710712532e-04
nan	5.625000000000000000e+01	5.624999999999999445e-02	nan	3.736610275140606063e-03	1.773522778223885540e-03	1.464100672547610890e-04
nan	5.800000000000000000e+01	5.799999999999999600e-02	nan	4.172873514505681669e-03	1.262306509598153971e-03	1.269124424534940297e-04
nan	5.518750000000000000e+01	5.518750000000000044e-02	nan	3.964877875944239349e-03	1.449203259771599667e-03	1.380148315830477534e-04
nan	5.731250000000000000e+01	5.731250000000000233e-02	nan	3.874132883254333137e-03	1.670505850388358552e-03	1.407506329740829576e-04
nan	6.212500000000000000e+01	6.212499999999999967e-02	nan	4.643566183730740704e-03	1.269691828891673056e-03	1.509264872809971123e-04
nan	5.893750000000000000e+01	5.893749999999999684e-02	nan	5.054399386665409111e-03	1.610059950334029625e-03	1.384937028780621263e-04
nan	6.075000000000000000e+01	6.074999999999999845e-02	nan	6.235768123090679182e-03	1.623944447718821214e-03	1.409583583572404761e-04
nan	5.850000000000000000e+01	5.849999999999999645e-02	nan	6.105117825143224763e-03	1.295491077847415974e-03	1.467691072019388038e-04
nan	5.318750000000000000e+01	5.318749999999999867e-02	nan	5.510722974094051096e-03	1.244687417284279143e-03	1.454862667760623506e-04
nan	5.068750000000000000e+01	5.068749999999999645e-02	nan	5.904965411573925849e-03	1.470451930278318577e-03	1.369642203353857316e-04
nan	4.768750000000000000e+01	4.768750000000000766e-02	nan	6.714992369239780601e-03	1.069549485599073689e-03	1.375284144300341967e-04
nan	4.687500000000000000e+01	4.687500000000000000e-02	nan	6.699531055616603226e-03	1.266184220562652620e-03	1.132133677043128820e-04
nan	4.393750000000000000e+01	4.393749999999999739e-02	nan	6.876354058448441720e-03	1.528383058568723567e-03	1.396142234159996037e-04
nan	3.300000000000000000e+01	3.300000000000000155e-02	nan	6.421685910325436453e-03	1.311817208200750755e-03	1.351159768864238549e-04
nan	3.462500000000000000e+01	3.462500000000000300e-02	nan	7.725680905650733621e-03	1.607604663231004295e-03	1.322127270258567676e-04
nan	3.043750000000000000e+01	3.043749999999999928e-02	nan	6.278878491713157928e-03	1.114402893765066961e-03	1.384865524785004504e-04
nan	2.706250000000000000e+01	2.706249999999999975e-02	nan	7.040739738839063566e-03	1.378349330093546314e-03	1.379735499819933532e-04
nan	2.300000000000000000e+01	2.299999999999999961e-02	nan	9.440171644955515015e-03	1.672041717334656931e-03	1.113931489167886723e-04
nan	1.856250000000000000e+01	1.856250000000000261e-02	nan	9.305585998837514333e-03	1.620076412471841646e-03	1.065943228581887816e-04
nan	1.543750000000000000e+01	1.543749999999999983e-02	nan	8.867068851695587839e-03	1.596661030140097970e-03	1.161387971518077302e-04
nan	1.293750000000000000e+01	1.293749999999999935e-02	nan	1.033984746154441477e-02	1.615176940881056077e-03	1.071768428409469834e-04
nan	1.287500000000000000e+01	1.287500000000000103e-02	nan	9.228504617624155165e-03	1.752825971301695930e-03	1.048835822447548023e-04
nan	4.062500000000000000e+00	4.062500000000000139e-03	nan	4.358778778336966711e-04	3.410432853955411726e-03	7.504210698875749788e-05
nan	5.062500000000000000e+00	5.062500000000000160e-03	nan	5.924562654534067541e-04	3.216744199037363527e-03	9.438486035383435494e-05
nan	2.500000000000000000e+00	2.500000000000000052e-03	nan	7.460976121454675983e-04	2.428023617418233800e-03	7.219926298107020668e-05
nan	4.937500000000000000e+00	4.937500000000000916e-03	nan	8.979427412471128328e-04	2.539057333576208702e-03	8.858013614954009674e-05
nan	4.875000000000000000e+00	4.874999999999999993e-03	nan	1.309209311840004320e-03	2.510543123517400364e-03	8.824004994849714311e-05
nan	6.937500000000000000e+00	6.937500000000000090e-03	nan	1.572970332094257616e-03	2.644874653489000076e-03	8.187975217681100961e-05
nan	1.112500000000000000e+01	1.112499999999999947e-02	nan	1.855124830057950421e-03	2.193627989689427276e-03	8.526667534622267715e-05
nan	1.406250000000000000e+01	1.406249999999999861e-02	nan	2.081851972243343573e-03	2.391453857241471366e-03	9.132087520027520769e-05
nan	1.625000000000000000e+01	1.625000000000000056e-02	nan	2.494110647715264140e-03	2.218880549158448214e-03	8.572989422568261567e-05
nan	1.550000000000000000e+01	1.549999999999999989e-02	nan	2.642048069620982296e-03	2.280177022185751051e-03	7.903270464027536664e-05
nan	2.275000000000000000e+01	2.274999999999999939e-02	nan	2.947975953083431869e-03	2.172860613642569466e-03	8.824806411999121703e-05
nan	2.393750000000000000e+01	2.393750000000000044e-02	nan	3.094224822492767056e-03	2.024745479415708625e-03	8.968908078558522688e-05
nan	2.506250000000000000e+01	2.506250000000000144e-02	nan	2.523901114335271555e-03	1.743370721255028738e-03	9.359948163616073260e-05
nan	2.787500000000000000e+01	2.787499999999999700e-02	nan	2.764973676384840928e-03	1.520619577669983426e-03	1.187009861977294763e-04
nan	3.231250000000000000e+01	3.231250000000000094e-02	nan	2.259473350527230195e-03	1.491578211069116309e-03	1.049647255277919857e-04
nan	3.381250000000000000e+01	3.381250000000000228e-02	nan	2.692042754247836456e-03	1.886905555886523580e-03	9.646900460925414130e-05
nan	3.918750000000000000e+01	3.918750000000000011e-02	nan	3.528791094502992109e-03	1.522269815157936516e-03	9.167813328672269493e-05
nan	4.256250000000000000e+01	4.256249999999999617e-02	nan	3.964101050506485535e-03	1.672575383480985611e-03	1.068919008663617230e-04
nan	4.025000000000000000e+01	4.025000000000000105e-02	nan	3.411242641099931916e-03	1.479403336693328394e-03	1.127284379521017576e-04
nan	4.143750000000000000e+01	4.143750000000000211e-02	nan	3.407032697253953302e-03	1.713305077086931059e-03	1.068767895366247434e-04
nan	4.643750000000000000e+01	4.643749999999999267e-02	nan	4.419895508959825747e-03	1.718034693160401917e-03	1.049793831878082786e-04
nan	4.337500000000000000e+01	4.337499999999999689e-02	nan	3.027770696334641798e-03	1.406988890849966353e-03	1.060247278836527383e-04
nan	4.475000000000000000e+01	4.474999999999999811e-02	nan	4.375406079404342563e-03	1.228075433203297800e-03	1.131513441881767945e-04
nan	4.368750000000000000e+01	4.368750000000000411e-02	nan	4.503636578803593693e-03	1.543339184842328418e-03	1.154097708732129929e-04
nan	4.337500000000000000e+01	4.337500000000000383e-02	nan	5.273342127793512191e-03	1.311486870686364532e-03	9.967630195848429814e-05
nan	4.325000000000000000e+01	4.324999999999999678e-02	nan	5.366767507780423330e-03	1.449272323266020436e-03	9.461108927008197392e-05
nan	4.037500000000000000e+01	4.037499999999999423e-02	nan	4.849288020452036108e-03	1.458298169668906328e-03	1.065111846838725487e-04
nan	3.968750000000000000e+01	3.968750000000000056e-02	nan	5.821966544203860394e-03	1.350918524294312389e-03	1.132341043749520750e-04
nan	3.737500000000000000e+01	3.737500000000000544e-02	nan	5.014236005393968298e-03	1.365234077769114391e-03	1.206536781153255005e-04
nan	3.381250000000000000e+01	3.381250000000000228e-02	nan	5.971136859898251714e-03	1.532013639505401146e-03	1.094543564637589817e-04
nan	3.018750000000000000e+01	3.018749999999999906e-02	nan	6.461068190105834219e-03	1.263738972112423038e-03	1.171861062165440365e-04
nan	2.650000000000000000e+01	2.650000000000000272e-02	nan	5.855632948950528771e-03	1.020881692871190936e-03	1.042136350572475656e-04
nan	2.412500000000000000e+01	2.412500000000000061e-02	nan	7.725307369013196569e-03	1.691981870120187878e-03	8.740648390736988668e-05
nan	1.925000000000000000e+01	1.924999999999999975e-02	nan	8.886603640359978448e-03	1.880449241212094318e-03	8.832187753063166645e-05
nan	1.781250000000000000e+01	1.781250000000000194e-02	nan	9.184083658456842006e-03	1.658760990013132030e-03	8.621440845272889948e-05
nan	1.668750000000000000e+01	1.668750000000000094e-02	nan	9.572897528014753799e-03	1.577777477903166085e-03	8.969766517389231775e-05
nan	1.462500000000000000e+01	1.462500000000000085e-02	nan	9.837724337314526085e-03	1.591492440805899718e-03	8.857726435970635580e-05
nan	1.087500000000000000e+01	1.087500000000000099e-02	nan	9.128881066715600207e-03	1.640704227884684204e-03	8.945729823059013334e-05
nan	9.062500000000000000e+00	9.062500000000001110e-03	nan	9.514680098065480401e-03	1.631264043482089565e-03	8.727614348703084657e-05
nan	1.625000000000000000e+00	1.625000000000000142e-03	nan	4.689548367818227570e-04	2.534345676781510522e-03	6.791292930918515656e-05
nan	3.000000000000000000e+00	3.000000000000000062e-03	nan	6.503032456824703236e-04	3.489313818216852742e-03	5.862135171959221230e-05
nan	1.625000000000000000e+00	1.625000000000000142e-03	nan	6.826748250398981385e-04	3.116151612562279277e-03	6.052776308195085663e-05
nan	2.750000000000000000e+00	2.749999999999999840e-03	nan	1.225011837801920746e-03	2.184783009123308917e-03	5.990038510696090715e-05
nan	3.500000000000000000e+00	3.500000000000000073e-03	nan	1.315154769516026223e-03	2.557403687289312028e-03	6.064303318816624034e-05
nan	3.562500000000000000e+00	3.562499999999999695e-03	nan	1.240242913375612030e-03	2.228994156048985133e-03	6.417872213994307981e-05
nan	5.312500000000000000e+00	5.312500000000000382e-03	nan	1.622929816841872956e-03	2.227620588433269159e-03	6.210114464654487119e-05
nan	8.000000000000000000e+00	8.000000000000000167e-03	nan	2.244264991238823382e-03	2.447647590457664377e-03	6.863888168276363882e-05
nan	9.375000000000000000e+00	9.375000000000001388e-03	nan	2.177701227277552883e-03	2.142639041948952126e-03	6.591550074313363896e-05
nan	9.500000000000000000e+00	9.499999999999999764e-03	nan	2.373349918450289205e-03	2.000308308910824992e-03	6.428656367977131716e-05
nan	1.175000000000000000e+01	1.175000000000000003e-02	nan	2.839790962376599007e-03	2.375987698175189948e-03	6.402480439571900199e-05
nan	1.275000000000000000e+01	1.275000000000000092e-02	nan	2.956101302030623209e-03	2.105845218290816265e-03	6.448243215546486625e-05
nan	1.625000000000000000e+01	1.625000000000000056e-02	nan	3.150248696483434752e-03	2.018295969052400201e-03	5.944630484188890055e-05
nan	1.800000000000000000e+01	1.800000000000000211e-02	nan	3.569301372678061572e-03	2.014924795998309336e-03	6.274342308208674484e-05
nan	1.737500000000000000e+01	1.737500000000000155e-02	nan	3.967545657096398400e-03	2.124420030818724436e-03	6.499728115829995795e-05
nan	2.387500000000000000e+01	2.387500000000000039e-02	nan	3.294754105708042145e-03	1.896983626577077638e-03	7.210037548339916528e-05
nan	2.331250000000000000e+01	2.331249999999999989e-02	nan	3.917274465039454964e-03	1.703813523596892391e-03	6.935441003100032364e-05
nan	2.468750000000000000e+01	2.468750000000000111e-02	nan	4.269931431456293683e-03	1.909363155461280643e-03	7.130194892670243406e-05
nan	2.456250000000000000e+01	2.456250000000000100e-02	nan	3.056157309500656324e-03	1.723072480578674050e-03	8.094242733271241389e-05
nan	2.687500000000000000e+01	2.687499999999999958e-02	nan	3.977185037168595727e-03	1.251291564705309936e-03	6.577386644863099125e-05
nan	2.912500000000000000e+01	2.912500000000000158e-02	nan	4.811456282553194796e-03	1.602629779349572237e-03	5.740718476264025384e-05
nan	2.825000000000000000e+01	2.825000000000000080e-02	nan	3.421768766074251289e-03	1.148087781327695144e-03	7.299483238521064393e-05
nan	3.206250000000000000e+01	3.206250000000000072e-02	nan	4.710339225198367785e-03	1.905198857544839050e-03	6.437129444305898915e-05
nan	2.925000000000000000e+01	2.924999999999999822e-02	nan	3.881167523061890279e-03	1.283456619694962539e-03	7.719487298674850288e-05
nan	3.050000000000000000e+01	3.049999999999999933e-02	nan	5.115506957764637264e-03	1.120165434171238247e-03	7.493043484448958826e-05
nan	2.937500000000000000e+01	2.937499999999999833e-02	nan	2.346092217294426518e-03	1.027428709736648077e-03	6.465061622587773844e-05
nan	2.725000000000000000e+01	2.725000000000000339e-02	nan	5.886400922875623110e-03	9.299229635827362984e-04	9.066668080137660671e-05
nan	2.612500000000000000e+01	2.612499999999999545e-02	nan	5.995698261589659482e-03	1.287411209424444390e-03	7.543091217552795689e-05
nan	2.450000000000000000e+01	2.450000000000000094e-02	nan	5.694659115828989981e-03	1.427548026999401034e-03	6.834984002294072541e-05
nan	2.431250000000000000e+01	2.431250000000000078e-02	nan	6.864192761507588621e-03	1.582325898477596887e-03	6.554644147716706475e-05
nan	2.175000000000000000e+01	2.174999999999999850e-02	nan	7.712535301737589305e-03	1.783011245665627959e-03	7.220679000198945057e-05
nan	1.775000000000000000e+01	1.775000000000000189e-02	nan	8.394144009075395901e-03	1.759050070478324632e-03	6.994520936457733300e-05
nan	1.668750000000000000e+01	1.668750000000000094e-02	nan	8.107736049992375627e-03	1.622592596159343203e-03	6.565485771052042446e-05
nan	1.568750000000000000e+01	1.568750000000000006e-02	nan	8.228100942633403969e-03	1.698654712315642197e-03	6.832911459700255778e-05
nan	1.281250000000000000e+01	1.281249999999999924e-02	nan	8.757886383695779459e-03	1.746392510721345029e-03	6.248130944177518247e-05
nan	1.250000000000000000e+01	1.249999999999999896e-02	nan	9.116777049720376641e-03	1.654929441460529452e-03	6.526737248348365647e-05
nan	8.625000000000000000e+00	8.625000000000000722e-03	nan	7.937260036578736369e-03	1.724118159297477297e-03	6.436575531824701888e-05
nan	7.562500000000000000e+00	7.562499999999999778e-03	nan	9.676597583551970957e-03	1.729662012861191795e-03	6.560256684672430337e-05
nan	6.437500000000000000e+00	6.437500000000000513e-03	nan	1.021944594951836038e-02	1.689118020616695503e-03	6.421044898033779547e-05
nan	nan	nan	nan	nan	nan	nan
nan	nan	nan	nan	nan	nan	nan
nan	1.250000000000000000e-01	1.250000000000000026e-04	nan	8.359289903333346492e-05	4.017580694269221086e-04	3.387233964479867150e-07
nan	nan	nan	nan	nan	nan	nan
nan	nan	nan	nan	nan	nan	nan
nan	nan	nan	nan	nan	nan	nan
nan	nan	nan	nan	nan	nan	nan
nan	1.187500000000000000e+00	1.187500000000000187e-03	nan	1.701052908218575639e-03	2.189823208603603605e-03	2.269440893765041844e-05
nan	nan	nan	nan	nan	nan	nan
nan	1.625000000000000000e+00	1.625000000000000142e-03	nan	2.241651421969105377e-03	1.882835792400026909e-03	1.790501155275164017e-05
nan	1.000000000000000000e+00	1.000000000000000021e-03	nan	2.605526273839716897e-03	1.636695972100419769e-03	1.656727523438776016e-05
nan	nan	nan	nan	nan	nan	nan
nan	2.187500000000000000e+00	2.187500000000000208e-03	nan	2.804158547282727988e-03	1.684560631204586739e-03	1.892248188008673618e-05
nan	1.750000000000000000e+00	1.750000000000000036e-03	nan	2.927234638473743839e-03	1.808041708718372432e-03	1.733860632066694480e-05
nan	2.000000000000000000e+00	2.000000000000000042e-03	nan	3.480319262091596637e-03	2.212996506848544532e-03	2.023997032637075004e-05
nan	2.562500000000000000e+00	2.562499999999999674e-03	nan	3.596292947168074940e-03	1.775573336922720968e-03	1.656800018792108095e-05
nan	3.187500000000000000e+00	3.187499999999999795e-03	nan	4.309928656421355836e-03	1.630293352340146749e-03	2.278681191772260383e-05
nan	4.125000000000000000e+00	4.125000000000000194e-03	nan	4.271729941731119452e-03	1.926103806382549032e-03	2.205444958764318230e-05
nan	3.875000000000000000e+00	3.875000000000000406e-03	nan	4.247610566125959233e-03	1.733024273750516072e-03	1.840934599839541728e-05
nan	3.750000000000000000e+00	3.749999999999999861e-03	nan	5.192443915913561719e-03	1.528863296391601463e-03	1.852146001585576495e-05
nan	3.187500000000000000e+00	3.187500000000000229e-03	nan	4.083308913721495070e-03	1.595854836395823543e-03	2.100014659163094641e-05
nan	3.750000000000000000e+00	3.750000000000000295e-03	nan	4.913602898176643724e-03	1.720247842161246824e-03	2.153184086797735357e-05
nan	3.687500000000000000e+00	3.687500000000000239e-03	nan	5.387629516821548781e-03	1.523849971103437544e-03	2.013343185696017765e-05
nan	5.375000000000000000e+00	5.375000000000000437e-03	nan	5.147898928214863189e-03	1.496711432835922447e-03	1.915684545037492858e-05
nan	4.062500000000000000e+00	4.062500000000000139e-03	nan	5.751406863569539368e-03	1.775238948497810838e-03	2.097755995232444338e-05
nan	4.000000000000000000e+00	4.000000000000000083e-03	nan	6.428603104122056211e-03	1.659854690105273594e-03	2.204103964916420889e-05
nan	4.000000000000000000e+00	4.000000000000000083e-03	nan	6.761097490674623095e-03	1.788799767635324434e-03	2.297086097096026879e-05
nan	3.875000000000000000e+00	3.874999999999999972e-03	nan	7.187103963489397014e-03	1.432598131565507608e-03	2.055332583945622765e-05
nan	4.000000000000000000e+00	4.000000000000000083e-03	nan	6.872698566427782284e-03	1.521994313866017632e-03	2.085037445786709352e-05
nan	3.687500000000000000e+00	3.687499999999999806e-03	nan	8.093334734581642681e-03	1.613078699424243126e-03	2.145629263951750998e-05
nan	2.875000000000000000e+00	2.875000000000000385e-03	nan	6.972493732192977002e-03	1.654223154553107096e-03	2.181226770145373097e-05
nan	3.125000000000000000e+00	3.125000000000000173e-03	nan	6.818180439830985075e-03	1.412556320623426604e-03	1.873158501886127667e-05
nan	2.750000000000000000e+00	2.750000000000000274e-03	nan	9.763229116215417502e-03	1.442188398784451054e-03	2.087591235194519550e-05
nan	2.187500000000000000e+00	2.187499999999999774e-03	nan	6.156873011185788613e-03	1.515013568363484699e-03	2.034120657734022242e-05
nan	2.375000000000000000e+00	2.374999999999999941e-03	nan	6.300666502390018381e-03	1.776762800451345053e-03	2.305677639504499955e-05
nan	2.187500000000000000e+00	2.187500000000000208e-03	nan	7.653619286199322448e-03	1.139567590030789168e-03	2.387728944641251871e-05
nan	1.875000000000000000e+00	1.874999999999999931e-03	nan	1.049179188912260745e-02	1.765001008495896244e-03	2.271266815098702728e-05
nan	1.312500000000000000e+00	1.312500000000000082e-03	nan	6.881048591927636966e-03	1.230246093349189216e-03	1.769513320828644830e-05
nan	1.312500000000000000e+00	1.312500000000000082e-03	nan	7.337096330189460391e-03	1.266666275777770471e-03	2.258782623384690986e-05
