# SourcePhotonFlux	NumberRaysSurvived	PercentageRaysSurvived	PhotonFlux	Bandwidth	HorizontalFocusFWHM	VerticalFocusFWHM
nan	1.000000000000000000e+05	1.000000000000000000e+02	nan	9.993895258874019305e-02	1.092194079131074969e-01	1.025723900579910836e-01
nan	1.000000000000000000e+05	1.000000000000000000e+02	nan	1.497079509523757679e-01	9.020168562442541782e-02	8.402274327119799158e-02
nan	1.000000000000000000e+05	1.000000000000000000e+02	nan	1.997083313004068827e-01	8.320058145208829303e-02	7.313686279692371839e-02
nan	1.000000000000000000e+05	1.000000000000000000e+02	nan	2.496936307266111044e-01	7.495232241943147744e-02	6.817014332736963389e-02
nan	1.000000000000000000e+05	1.000000000000000000e+02	nan	2.997630737803831380e-01	7.511640053180428100e-02	5.972616068400311840e-02
nan	1.000000000000000000e+05	1.000000000000000000e+02	nan	3.496782987617450544e-01	6.944291289068439677e-02	5.736874387789721308e-02
nan	1.000000000000000000e+05	1.000000000000000000e+02	nan	3.982817093151425070e-01	6.683444269033310403e-02	5.263587678750936832e-02
nan	1.000000000000000000e+05	1.000000000000000000e+02	nan	4.489361511519973647e-01	6.329577314130180321e-02	4.789979444269021336e-02
nan	1.000000000000000000e+05	1.000000000000000000e+02	nan	4.995366677388375365e-01	6.194515003628128791e-02	4.801249390384072779e-02
nan	1.000000000000000000e+05	1.000000000000000000e+02	nan	5.492170260133946158e-01	5.896132564786455560e-02	4.290946137980292813e-02
nan	1.000000000000000000e+05	1.000000000000000000e+02	nan	5.988200236546958877e-01	5.900142638384345967e-02	4.401260640790986833e-02
nan	1.000000000000000000e+05	1.000000000000000000e+02	nan	6.493332217280567420e-01	5.600031724842240155e-02	4.208563134389430027e-02
nan	1.000000000000000000e+05	1.000000000000000000e+02	nan	6.993204337812812810e-01	5.481221259714895433e-02	3.866226801196918222e-02
nan	1.000000000000000000e+05	1.000000000000000000e+02	nan	7.486136587997123115e-01	5.500299332693552729e-02	3.768494819552126868e-02
nan	1.000000000000000000e+05	1.000000000000000000e+02	nan	7.986441124575662798e-01	5.401222046984349712e-02	3.647119747094400288e-02
nan	1.000000000000000000e+05	1.000000000000000000e+02	nan	8.487298475997704372e-01	5.087416935132811624e-02	3.537480332847615927e-02
nan	1.000000000000000000e+05	1.000000000000000000e+02	nan	8.992856584444268719e-01	5.024467848934072861e-02	3.599332567299408370e-02
nan	1.000000000000000000e+05	1.000000000000000000e+02	nan	9.478963435866774034e-01	5.093533414982483881e-02	3.553926284467190388e-02
nan	1.000000000000000000e+05	1.000000000000000000e+02	nan	9.988800721120014714e-01	4.984821934539204052e-02	3.318903548850171692e-02
nan	1.000000000000000000e+05	1.000000000000000000e+02	nan	1.048141109901280288e+00	5.162504043736255988e-02	3.209512298999475655e-02
nan	1.000000000000000000e+05	1.000000000000000000e+02	nan	1.099321157472104460e+00	4.972522567193243120e-02	3.134159745348564369e-02
nan	1.000000000000000000e+05	1.000000000000000000e+02	nan	1.147111988449069031e+00	4.717779040716665873e-02	3.018513962559635222e-02
nan	1.000000000000000000e+05	1.000000000000000000e+02	nan	1.198437265427457987e+00	5.174720489896222908e-02	3.073889337991968576e-02
nan	1.000000000000000000e+05	1.000000000000000000e+02	nan	1.238724738992345920e+00	4.931310285590333881e-02	2.970617116912178252e-02
nan	1.000000000000000000e+05	1.000000000000000000e+02	nan	1.298173278154820309e+00	4.849268706371460957e-02	2.831294139961610876e-02
nan	1.000000000000000000e+05	1.000000000000000000e+02	nan	1.347593841827176675e+00	4.799930650407030486e-02	2.777248217097481875e-02
nan	1.000000000000000000e+05	1.000000000000000000e+02	nan	1.397859380470379165e+00	4.603138783888855584e-02	2.938702015019548086e-02
nan	1.000000000000000000e+05	1.000000000000000000e+02	nan	1.448091432248929777e+00	4.840659298808608346e-02	2.850481822723607839e-02
nan	1.000000000000000000e+05	1.000000000000000000e+02	nan	1.497270779045607014e+00	4.436859259240810011e-02	2.722230469499707650e-02
nan	1.000000000000000000e+05	1.000000000000000000e+02	nan	1.549171785967700998e+00	4.433591201568203022e-02	2.705156852509630824e-02
nan	1.000000000000000000e+05	1.000000000000000000e+02	nan	1.598509633115725137e+00	4.573715827761476449e-02	2.686227678183909784e-02
nan	1.000000000000000000e+05	1.000000000000000000e+02	nan	1.648124001094913638e+00	4.426854868734286103e-02	2.532372814951029324e-02
nan	1.000000000000000000e+05	1.000000000000000000e+02	nan	1.697161850256236448e+00	4.552013034521014412e-02	2.594527364436368527e-02
nan	1.000000000000000000e+05	1.000000000000000000e+02	nan	1.748055279713128130e+00	4.475768137322971851e-02	2.550114844461259453e-02
nan	1.000000000000000000e+05	1.000000000000000000e+02	nan	1.797178643333040782e+00	4.592580857633153657e-02	2.535225217651480498e-02
nan	1.000000000000000000e+05	1.000000000000000000e+02	nan	1.846002579502567187e+00	4.391873398941950613e-02	2.420186978265616989e-02
nan	1.000000000000000000e+05	1.000000000000000000e+02	nan	1.898202620856636713e+00	4.421396071799327948e-02	2.498430293761015608e-02
nan	1.000000000000000000e+05	1.000000000000000000e+02	nan	1.947829890331604474e+00	4.304217772495124578e-02	2.469408600024457223e-02
nan	1.000000000000000000e+05	1.000000000000000000e+02	nan	1.997129306387193992e+00	4.483599315869993274e-02	2.450179237408112165e-02
nan	1.000000000000000000e+05	1.000000000000000000e+02	nan	9.957961560170502935e-02	1.074772895749944446e-01	9.775023883160111060e-02
nan	1.000000000000000000e+05	1.000000000000000000e+02	nan	1.497186355092523513e-01	9.556762314336368636e-02	8.382709396019326353e-02
nan	1.000000000000000000e+05	1.000000000000000000e+02	nan	1.997891845266508426e-01	8.243618248805618942e-02	7.337106678944020632e-02
nan	1.000000000000000000e+05	1.000000000000000000e+02	nan	2.495269598408569323e-01	7.553501513866411887e-02	6.942066880464634049e-02
nan	1.000000000000000000e+05	1.000000000000000000e+02	nan	2.992785170677478845e-01	6.965764161415882727e-02	6.167734942360574013e-02
nan	1.000000000000000000e+05	1.000000000000000000e+02	nan	3.484638806354354301e-01	6.883793269276707039e-02	5.687764856249181988e-02
nan	1.000000000000000000e+05	1.000000000000000000e+02	nan	3.989429157555832717e-01	6.539561817624858775e-02	5.396730270522867579e-02
nan	1.000000000000000000e+05	1.000000000000000000e+02	nan	4.123451277197395237e-01	6.186277047109853960e-02	4.962863256203142726e-02
nan	1.000000000000000000e+05	1.000000000000000000e+02	nan	4.990241773374748391e-01	6.129280379347107344e-02	4.780882113208601014e-02
nan	1.000000000000000000e+05	1.000000000000000000e+02	nan	5.474616292466123468e-01	5.902813402243227425e-02	4.431864314070677047e-02
nan	1.000000000000000000e+05	1.000000000000000000e+02	nan	5.990649271767836126e-01	5.800067372335158955e-02	4.331749156289334962e-02
nan	1.000000000000000000e+05	1.000000000000000000e+02	nan	6.491609342653816839e-01	5.522323279709909216e-02	4.135572065818911291e-02
nan	1.000000000000000000e+05	1.000000000000000000e+02	nan	6.952158467032631961e-01	5.337360403148137117e-02	3.855590983719975329e-02
nan	1.000000000000000000e+05	1.000000000000000000e+02	nan	7.486800974065488390e-01	5.288064853252075204e-02	3.745692901572071631e-02
nan	1.000000000000000000e+05	1.000000000000000000e+02	nan	7.985836458473727362e-01	5.386257342574992529e-02	3.884783160691559351e-02
nan	1.000000000000000000e+05	1.000000000000000000e+02	nan	8.432304725145058910e-01	5.001736709904456429e-02	3.612513738730373930e-02
nan	1.000000000000000000e+05	1.000000000000000000e+02	nan	8.990046505166731095e-01	5.364854366109101519e-02	3.562841229601337867e-02
nan	1.000000000000000000e+05	1.000000000000000000e+02	nan	9.491430903767366090e-01	4.964362970295602140e-02	3.335868430779483779e-02
nan	1.000000000000000000e+05	1.000000000000000000e+02	nan	9.986821201554789695e-01	4.859691739737271449e-02	3.420149989963346127e-02
nan	1.000000000000000000e+05	1.000000000000000000e+02	nan	1.046879224135693676e+00	4.848214765824303274e-02	3.286366313835695219e-02
nan	1.000000000000000000e+05	1.000000000000000000e+02	nan	1.097238198642799034e+00	4.608228746899682704e-02	3.284802062121131710e-02
nan	1.000000000000000000e+05	1.000000000000000000e+02	nan	1.148615942023468506e+00	4.799304301313810084e-02	3.185691875678220431e-02
nan	1.000000000000000000e+05	1.000000000000000000e+02	nan	1.197777452162711143e+00	4.700306775836766288e-02	3.062328103688912243e-02
nan	1.000000000000000000e+05	1.000000000000000000e+02	nan	1.245221895538008994e+00	4.814978704215877592e-02	2.975535101118052111e-02
nan	1.000000000000000000e+05	1.000000000000000000e+02	nan	1.298280030976115995e+00	4.835302109008922378e-02	2.867985872170703693e-02
nan	1.000000000000000000e+05	1.000000000000000000e+02	nan	1.230019622388033529e+00	4.759339188042971402e-02	2.778559451047801082e-02
nan	1.000000000000000000e+05	1.000000000000000000e+02	nan	1.398080160551444351e+00	4.658186402169903206e-02	2.893805628070132349e-02
nan	1.000000000000000000e+05	1.000000000000000000e+02	nan	1.447563924120572665e+00	4.436527751236424982e-02	2.664628360700329462e-02
nan	1.000000000000000000e+05	1.000000000000000000e+02	nan	1.496797427527724267e+00	4.680758273499684846e-02	2.819498546910056622e-02
nan	1.000000000000000000e+05	1.000000000000000000e+02	nan	1.548324046669108611e+00	4.364854478251482817e-02	2.839057257251985031e-02
nan	1.000000000000000000e+05	1.000000000000000000e+02	nan	1.597697713310651579e+00	4.384623690905416898e-02	2.808575233955021982e-02
nan	1.000000000000000000e+05	1.000000000000000000e+02	nan	1.514907867084324566e+00	4.329072341745873742e-02	2.617852157465798760e-02
nan	1.000000000000000000e+05	1.000000000000000000e+02	nan	1.698269408830469729e+00	4.647364698085244827e-02	2.565548792268909639e-02
nan	1.000000000000000000e+05	1.000000000000000000e+02	nan	1.745651309371737625e+00	4.813861599496406518e-02	2.639907884240786512e-02
nan	1.000000000000000000e+05	1.000000000000000000e+02	nan	1.793479696898657494e+00	4.383845172626595066e-02	2.519958472748175943e-02
nan	1.000000000000000000e+05	1.000000000000000000e+02	nan	1.848224313073899339e+00	4.597126342077416383e-02	2.430518886617087995e-02
nan	1.000000000000000000e+05	1.000000000000000000e+02	nan	1.899111590079996859e+00	4.680520361816419700e-02	2.429846214144672917e-02
nan	1.000000000000000000e+05	1.000000000000000000e+02	nan	1.945429727535497477e+00	4.219304245420006649e-02	2.464247437885562150e-02
nan	1.000000000000000000e+05	1.000000000000000000e+02	nan	1.995556563001116501e+00	4.183261040201501774e-02	2.387945642850761510e-02
nan	1.000000000000000000e+05	1.000000000000000000e+02	nan	9.991146481145207758e-02	1.154746867051097275e-01	1.041908916673033869e-01
nan	1.000000000000000000e+05	1.000000000000000000e+02	nan	1.492252752920819603e-01	9.677861084292374572e-02	8.929038568327823944e-02
nan	1.000000000000000000e+05	1.000000000000000000e+02	nan	1.997250930818950110e-01	8.135939330239511103e-02	7.471317514814067307e-02
nan	1.000000000000000000e+05	1.000000000000000000e+02	nan	2.496166845813974078e-01	7.340990671415992264e-02	6.713212000080637232e-02
nan	1.000000000000000000e+05	1.000000000000000000e+02	nan	2.996536418735189500e-01	7.371219292999639516e-02	5.737999662297045556e-02
nan	1.000000000000000000e+05	1.000000000000000000e+02	nan	3.217172656767518513e-01	6.489886162796348890e-02	5.690603856520748405e-02
nan	1.000000000000000000e+05	1.000000000000000000e+02	nan	3.994575352036946470e-01	6.354018886190790361e-02	5.255504300725982736e-02
nan	1.000000000000000000e+05	1.000000000000000000e+02	nan	4.494735035565469161e-01	6.092684889791599723e-02	4.939145531697310826e-02
nan	1.000000000000000000e+05	1.000000000000000000e+02	nan	4.991057044266398179e-01	5.848560161110691324e-02	4.413744740070169037e-02
nan	1.000000000000000000e+05	1.000000000000000000e+02	nan	5.496640529631804384e-01	6.192091288327412901e-02	4.429449214288062875e-02
nan	1.000000000000000000e+05	1.000000000000000000e+02	nan	5.991743716328414848e-01	5.982595320171855968e-02	4.164493590339303497e-02
nan	1.000000000000000000e+05	1.000000000000000000e+02	nan	6.493744219418999819e-01	5.453831423916084137e-02	4.151573099824557717e-02
nan	1.000000000000000000e+05	1.000000000000000000e+02	nan	6.994793604493452222e-01	5.582274440240614366e-02	4.029159238755619654e-02
nan	1.000000000000000000e+05	1.000000000000000000e+02	nan	7.475180492498907370e-01	5.508945187062985055e-02	3.885093587710242852e-02
nan	1.000000000000000000e+05	1.000000000000000000e+02	nan	7.933703760806452010e-01	5.262713339049016753e-02	3.618457066766641445e-02
nan	1.000000000000000000e+05	1.000000000000000000e+02	nan	8.489050326500091614e-01	5.038605825975683850e-02	3.629747301117038777e-02
nan	1.000000000000000000e+05	1.000000000000000000e+02	nan	8.991839942322599200e-01	5.006912680720769504e-02	3.433368383017467579e-02
nan	1.000000000000000000e+05	1.000000000000000000e+02	nan	9.493795861453691032e-01	5.221380216875803199e-02	3.461609591487940091e-02
nan	1.000000000000000000e+05	1.000000000000000000e+02	nan	9.991700840161570341e-01	4.903228804765168147e-02	3.353178170368353861e-02
nan	1.000000000000000000e+05	1.000000000000000000e+02	nan	1.047943169218456205e+00	4.816547811955117914e-02	3.298323649092391174e-02
nan	1.000000000000000000e+05	1.000000000000000000e+02	nan	1.098239974420266662e+00	4.979854706233070166e-02	3.206976901632617449e-02
nan	1.000000000000000000e+05	1.000000000000000000e+02	nan	1.147774847886239513e+00	4.801118988826268141e-02	2.976198030025382912e-02
nan	1.000000000000000000e+05	1.000000000000000000e+02	nan	1.197505767619816197e+00	5.062326236981386229e-02	3.098707869432523049e-02
nan	1.000000000000000000e+05	1.000000000000000000e+02	nan	1.148566244089806787e+00	4.732637979933021488e-02	2.972874610945213866e-02
nan	1.000000000000000000e+05	1.000000000000000000e+02	nan	1.288188100871991537e+00	4.695094615283584155e-02	2.922947186767228117e-02
nan	1.000000000000000000e+05	1.000000000000000000e+02	nan	1.340567351907566263e+00	4.852975734830866639e-02	2.887916404502438930e-02
nan	1.000000000000000000e+05	1.000000000000000000e+02	nan	1.397718647688236615e+00	4.562968331207456485e-02	2.833158784640843475e-02
nan	1.000000000000000000e+05	1.000000000000000000e+02	nan	1.447230778874029511e+00	4.847616897225487387e-02	2.742901014158405024e-02
nan	1.000000000000000000e+05	1.000000000000000000e+02	nan	1.498015722902948710e+00	4.601405362155992773e-02	2.968857088474913947e-02
nan	1.000000000000000000e+05	1.000000000000000000e+02	nan	1.548247134720384111e+00	4.645652232909101842e-02	2.664314643367047750e-02
nan	1.000000000000000000e+05	1.000000000000000000e+02	nan	1.596817313186704723e+00	4.465525503452896783e-02	2.820335717840773138e-02
nan	1.000000000000000000e+05	1.000000000000000000e+02	nan	1.638983020967202719e+00	4.674301741971129132e-02	2.613617043842779430e-02
nan	1.000000000000000000e+05	1.000000000000000000e+02	nan	1.697398828222219436e+00	4.531769946644299135e-02	2.705480318600755191e-02
nan	1.000000000000000000e+05	1.000000000000000000e+02	nan	1.746291637545652975e+00	4.763885301847001208e-02	2.515805083565288147e-02
nan	1.000000000000000000e+05	1.000000000000000000e+02	nan	1.786665028112793152e+00	4.416660135701128143e-02	2.510112429342362464e-02
nan	1.000000000000000000e+05	1.000000000000000000e+02	nan	1.845010553004783560e+00	4.469288672481324526e-02	2.427686724304786714e-02
nan	1.000000000000000000e+05	1.000000000000000000e+02	nan	1.896506070876171179e+00	4.368594808950851394e-02	2.402272656999464295e-02
nan	1.000000000000000000e+05	1.000000000000000000e+02	nan	1.940490947800981303e+00	4.620548356180262384e-02	2.390226154115666218e-02
nan	1.000000000000000000e+05	1.000000000000000000e+02	nan	1.836868684369551419e+00	4.234816137502458999e-02	2.514548067010340809e-02
nan	1.000000000000000000e+05	1.000000000000000000e+02	nan	9.992701049990060369e-02	1.086996758186966061e-01	1.062332211864580878e-01
nan	1.000000000000000000e+05	1.000000000000000000e+02	nan	1.497571161960280506e-01	9.545299401067243450e-02	8.912698366455573673e-02
nan	1.000000000000000000e+05	1.000000000000000000e+02	nan	1.997862431994974486e-01	8.393586215362398850e-02	7.485673450180090061e-02
nan	1.000000000000000000e+05	1.000000000000000000e+02	nan	2.494185652196989622e-01	7.338009043270506127e-02	6.459730432573909664e-02
nan	1.000000000000000000e+05	1.000000000000000000e+02	nan	2.994730013577111549e-01	7.026040393662767725e-02	6.170955126627968024e-02
nan	1.000000000000000000e+05	1.000000000000000000e+02	nan	3.493316107892496802e-01	6.638831875963668860e-02	5.822277796545227008e-02
nan	1.000000000000000000e+05	1.000000000000000000e+02	nan	3.978742550121694421e-01	6.103762654658789755e-02	5.046395658952923524e-02
nan	1.000000000000000000e+05	1.000000000000000000e+02	nan	4.494797045106651012e-01	6.529405889711907551e-02	4.930508668035200881e-02
nan	1.000000000000000000e+05	1.000000000000000000e+02	nan	4.988310565535982732e-01	5.855997202140287433e-02	4.629852704969063260e-02
nan	1.000000000000000000e+05	1.000000000000000000e+02	nan	5.494949277410228206e-01	5.868640411008234359e-02	4.648769563494738188e-02
nan	1.000000000000000000e+05	1.000000000000000000e+02	nan	5.987060062295483931e-01	5.696363366132498746e-02	4.172464929301673842e-02
nan	1.000000000000000000e+05	1.000000000000000000e+02	nan	6.490661428075839012e-01	5.457260659715386375e-02	3.918078055880502841e-02
nan	1.000000000000000000e+05	1.000000000000000000e+02	nan	6.992164542609486944e-01	5.214956589031775891e-02	4.021381088407363635e-02
nan	1.000000000000000000e+05	1.000000000000000000e+02	nan	7.463716691113972956e-01	5.055967141284949118e-02	3.850610042400386124e-02
nan	1.000000000000000000e+05	1.000000000000000000e+02	nan	7.991703084985033456e-01	5.187641752825873642e-02	3.569721148672506256e-02
nan	1.000000000000000000e+05	1.000000000000000000e+02	nan	7.814575300205677255e-01	5.071384103721051501e-02	3.778554359117616834e-02
nan	1.000000000000000000e+05	1.000000000000000000e+02	nan	8.962766948760645391e-01	5.304158917585650307e-02	3.738963246440850374e-02
nan	1.000000000000000000e+05	1.000000000000000000e+02	nan	9.493265976704776676e-01	4.964898830620932679e-02	3.212283499750050869e-02
nan	1.000000000000000000e+05	1.000000000000000000e+02	nan	9.984951764658944739e-01	4.989786136742394018e-02	3.233397856190028952e-02
nan	1.000000000000000000e+05	1.000000000000000000e+02	nan	1.047320811391898587e+00	4.878043210630862020e-02	3.363551377704079165e-02
nan	1.000000000000000000e+05	1.000000000000000000e+02	nan	1.009980942111075475e+00	4.842014125444564498e-02	3.362766472908690352e-02
nan	1.000000000000000000e+05	1.000000000000000000e+02	nan	1.147262073920558123e+00	4.698068947002120854e-02	3.146658199270244843e-02
nan	1.000000000000000000e+05	1.000000000000000000e+02	nan	1.197962280658316558e+00	5.005812403836266966e-02	3.092005254784119944e-02
nan	1.000000000000000000e+05	1.000000000000000000e+02	nan	1.249090077752384786e+00	4.769093777078303731e-02	2.829892527960069237e-02
nan	1.000000000000000000e+05	1.000000000000000000e+02	nan	1.298940088808308246e+00	4.715724447088958521e-02	3.129265624678725932e-02
nan	1.000000000000000000e+05	1.000000000000000000e+02	nan	1.346757969651150688e+00	4.718168777593989560e-02	3.145847781405947119e-02
nan	1.000000000000000000e+05	1.000000000000000000e+02	nan	1.394944099840699892e+00	4.723270768034253803e-02	3.061911327001433369e-02
nan	1.000000000000000000e+05	1.000000000000000000e+02	nan	1.435108308400117494e+00	4.801473185224822138e-02	2.754304567213512397e-02
nan	1.000000000000000000e+05	1.000000000000000000e+02	nan	1.499031325003329584e+00	4.368203137826773275e-02	2.921702089177833500e-02
nan	1.000000000000000000e+05	1.000000000000000000e+02	nan	1.540629313965155234e+00	4.652557321642943056e-02	2.820566176046878509e-02
nan	1.000000000000000000e+05	1.000000000000000000e+02	nan	1.597602753377486806e+00	4.778897589833540349e-02	2.691731158632962306e-02
nan	1.000000000000000000e+05	1.000000000000000000e+02	nan	1.648387961908838406e+00	4.295047127673254361e-02	2.605558492091957640e-02
nan	1.000000000000000000e+05	1.000000000000000000e+02	nan	1.697871553302661596e+00	4.631524593506299720e-02	2.649827228407451718e-02
nan	1.000000000000000000e+05	1.000000000000000000e+02	nan	1.747205407519402343e+00	4.462020197075653588e-02	2.515092167022902128e-02
nan	1.000000000000000000e+05	1.000000000000000000e+02	nan	1.797187029334224917e+00	4.347443537408421377e-02	2.530256227957040915e-02
nan	1.000000000000000000e+05	1.000000000000000000e+02	nan	1.846522212486945591e+00	4.456905781893191060e-02	2.520232478361148290e-02
nan	1.000000000000000000e+05	1.000000000000000000e+02	nan	1.890831465708743053e+00	4.440748154697132799e-02	2.533889430942969090e-02
nan	1.000000000000000000e+05	1.000000000000000000e+02	nan	1.947659646545787382e+00	4.309075279794958441e-02	2.465667932942797180e-02
nan	1.000000000000000000e+05	1.000000000000000000e+02	nan	1.995573468079385293e+00	4.560844346155130957e-02	2.387921542603236441e-02
nan	1.000000000000000000e+05	1.000000000000000000e+02	nan	9.981994068975552636e-02	1.052447659402108715e-01	1.104228797454746974e-01
nan	1.000000000000000000e+05	1.000000000000000000e+02	nan	1.498536067104438985e-01	9.368840004676037836e-02	8.764617995968215780e-02
nan	1.000000000000000000e+05	1.000000000000000000e+02	nan	1.998824646763992519e-01	8.249728250653487471e-02	7.481602753857879984e-02
nan	1.000000000000000000e+05	1.000000000000000000e+02	nan	2.496910598650217139e-01	7.252989353259120531e-02	6.883038910089384066e-02
nan	1.000000000000000000e+05	1.000000000000000000e+02	nan	2.995106094812456377e-01	7.272227085790874956e-02	6.445867497117434286e-02
nan	1.000000000000000000e+05	1.000000000000000000e+02	nan	3.490971843701942134e-01	6.801000769920839684e-02	5.371261590341167014e-02
nan	1.000000000000000000e+05	1.000000000000000000e+02	nan	3.995781415884493981e-01	6.481276728055274106e-02	5.276283228128726688e-02
nan	1.000000000000000000e+05	1.000000000000000000e+02	nan	4.457848893662372802e-01	6.455678617189251900e-02	4.702204056376403651e-02
nan	1.000000000000000000e+05	1.000000000000000000e+02	nan	4.987183089246229883e-01	5.777476230624629949e-02	4.637043701494388687e-02
nan	1.000000000000000000e+05	1.000000000000000000e+02	nan	5.494055898290923778e-01	5.577628614912077953e-02	4.625723758474643843e-02
nan	1.000000000000000000e+05	1.000000000000000000e+02	nan	5.985811054081864313e-01	5.537710280676005209e-02	4.167673144840162991e-02
nan	1.000000000000000000e+05	1.000000000000000000e+02	nan	6.495686406971401539e-01	5.396534681558697727e-02	4.008576004802304193e-02
nan	1.000000000000000000e+05	1.000000000000000000e+02	nan	6.942486754909111824e-01	5.186936223075740149e-02	3.995192084649426545e-02
nan	1.000000000000000000e+05	1.000000000000000000e+02	nan	7.477861039732829340e-01	5.236266401529866832e-02	3.765118101117717608e-02
nan	1.000000000000000000e+05	1.000000000000000000e+02	nan	7.974176950648086404e-01	5.198608235293114554e-02	3.782519255314616136e-02
nan	1.000000000000000000e+05	1.000000000000000000e+02	nan	8.483283785522246490e-01	5.129337855125233603e-02	3.684226061343644221e-02
nan	1.000000000000000000e+05	1.000000000000000000e+02	nan	8.965472004420576013e-01	5.198646107727151328e-02	3.482083429968525767e-02
nan	1.000000000000000000e+05	1.000000000000000000e+02	nan	9.474943680708065585e-01	5.114745513185772752e-02	3.593056964831770062e-02
nan	1.000000000000000000e+05	1.000000000000000000e+02	nan	9.980920204984329303e-01	5.136061080596628081e-02	3.182784945392372333e-02
nan	1.000000000000000000e+05	1.000000000000000000e+02	nan	1.048238358065532339e+00	4.843158209541763293e-02	3.281704762526489738e-02
nan	1.000000000000000000e+05	1.000000000000000000e+02	nan	1.098191693348667286e+00	4.898468237677156001e-02	3.373504382525521067e-02
nan	1.000000000000000000e+05	1.000000000000000000e+02	nan	1.056389841873668356e+00	4.794919148834669853e-02	3.135145691417708796e-02
nan	1.000000000000000000e+05	1.000000000000000000e+02	nan	1.198593455787033690e+00	5.099711041745493001e-02	2.903324515750952545e-02
nan	1.000000000000000000e+05	1.000000000000000000e+02	nan	1.246767086826139348e+00	4.607658107974312023e-02	3.000809463065324395e-02
nan	1.000000000000000000e+05	1.000000000000000000e+02	nan	1.296876641650897000e+00	4.539065805537920856e-02	2.948282243244924189e-02
nan	1.000000000000000000e+05	1.000000000000000000e+02	nan	1.346827586249617070e+00	4.680027746992419108e-02	2.779534719826786196e-02
nan	1.000000000000000000e+05	1.000000000000000000e+02	nan	1.395995022881834302e+00	4.726653632159538015e-02	2.724757189225258946e-02
nan	1.000000000000000000e+05	1.000000000000000000e+02	nan	1.448144638323526578e+00	4.699892471938481309e-02	2.831135707238122828e-02
nan	1.000000000000000000e+05	1.000000000000000000e+02	nan	1.496312621001038679e+00	4.543644448382243989e-02	2.653743502402658092e-02
nan	1.000000000000000000e+05	1.000000000000000000e+02	nan	1.547010426038639253e+00	4.476714177978547565e-02	2.678760569075084794e-02
nan	1.000000000000000000e+05	1.000000000000000000e+02	nan	1.598935468174261132e+00	4.442838745636899789e-02	2.616258028967185026e-02
nan	1.000000000000000000e+05	1.000000000000000000e+02	nan	1.649112811821908053e+00	4.401644466296807112e-02	2.625645867105252593e-02
nan	1.000000000000000000e+05	1.000000000000000000e+02	nan	1.698682257528162154e+00	4.508326347128820133e-02	2.547469978477515107e-02
nan	1.000000000000000000e+05	1.000000000000000000e+02	nan	1.609197742760077432e+00	4.602382286840786541e-02	2.615038872258895405e-02
nan	1.000000000000000000e+05	1.000000000000000000e+02	nan	1.799025589332245545e+00	4.599804329388603591e-02	2.474678122384128126e-02
nan	1.000000000000000000e+05	1.000000000000000000e+02	nan	1.844870660992114608e+00	4.272061434321709761e-02	2.477163296611607779e-02
nan	1.000000000000000000e+05	1.000000000000000000e+02	nan	1.897699637946175244e+00	4.521426066697355195e-02	2.332187312937835516e-02
nan	1.000000000000000000e+05	1.000000000000000000e+02	nan	1.946637305304307120e+00	4.290680939610079514e-02	2.425276854799134074e-02
nan	1.000000000000000000e+05	1.000000000000000000e+02	nan	1.997364084072671631e+00	4.431613760173613858e-02	2.339451655538105079e-02
