# SourcePhotonFlux	NumberRaysSurvived	PercentageRaysSurvived	PhotonFlux	Bandwidth	HorizontalFocusFWHM	VerticalFocusFWHM
3.011670000000000000e+12	1.325999999999999979e+01	1.325999999999999401e-02	3.993474420000000000e+08	1.709882850696778454e-03	1.196302031599537907e-01	2.063175632458244535e-02
3.300160000000000000e+12	2.394000000000000128e+01	2.393999999999998213e-02	7.900583040000000000e+08	2.575300829211712300e-03	1.221277953418621887e-01	2.054744084999271525e-02
3.540540000000000000e+12	2.833999999999999986e+01	2.833999999999997979e-02	1.003389036000000000e+09	3.548797655873544080e-03	1.246136905926534255e-01	2.052859147790207089e-02
3.748020000000000000e+12	4.375000000000000000e+01	4.374999999999999029e-02	1.639758750000000000e+09	4.624562789608584711e-03	1.262228778664767903e-01	2.047330207012520650e-02
3.931350000000000000e+12	5.720000000000000284e+01	5.720000000000000084e-02	2.248732200000000000e+09	5.674159004889496594e-03	1.234690394022062571e-01	2.070111248199014639e-02
4.096050000000000000e+12	8.040000000000000568e+01	8.040000000000001312e-02	3.293224200000000000e+09	6.597478306368226297e-03	1.248153481542895460e-01	2.058117426997276012e-02
4.245860000000000000e+12	1.060600000000000023e+02	1.060599999999999876e-01	4.503159116000000000e+09	6.595470928748178169e-03	1.000915293107351584e-01	2.183026766598339732e-02
4.383450000000000000e+12	1.291899999999999977e+02	1.291899999999999715e-01	5.662979055000000000e+09	7.393661196480536858e-03	9.112247774147805290e-02	2.350362879904979024e-02
4.510800000000000000e+12	1.489000000000000057e+02	1.488999999999998936e-01	6.716581200000000000e+09	8.637932756880104673e-03	9.123788170657835817e-02	2.425541110351706747e-02
4.629430000000000000e+12	1.644799999999999898e+02	1.644799999999999318e-01	7.614486464000000000e+09	9.912865672544200757e-03	9.108478937224687155e-02	2.427710629906829759e-02
4.740500000000000000e+12	1.752100000000000080e+02	1.752100000000000046e-01	8.305830050000000000e+09	1.100712890943754060e-02	9.559354332602089388e-02	2.442536777711476481e-02
4.844980000000000000e+12	1.793899999999999864e+02	1.793900000000001049e-01	8.691409622000000000e+09	1.170488859856447933e-02	9.551523948765192062e-02	2.451718286227362251e-02
4.943630000000000000e+12	1.725500000000000114e+02	1.725499999999999812e-01	8.530233565000000000e+09	1.370567195312361215e-02	9.087057648918320241e-02	2.473375091939837914e-02
5.037080000000000000e+12	1.588499999999999943e+02	1.588499999999999912e-01	8.001401580000000000e+09	1.443092096683841474e-02	8.876392410550644485e-02	2.397227567674756199e-02
5.125860000000000000e+12	1.360999999999999943e+02	1.361000000000000265e-01	6.976295460000000000e+09	1.547416727513819916e-02	9.416904994204151891e-02	2.425922219839299690e-02
5.210430000000000000e+12	1.179699999999999989e+02	1.179699999999999638e-01	6.146744271000000000e+09	1.655499969078881237e-02	9.175401971871879891e-02	2.278283046474955525e-02
5.291170000000000000e+12	1.034500000000000028e+02	1.034499999999999725e-01	5.473715365000000000e+09	1.890660890891549331e-02	9.965299535040220147e-02	2.247962598787380667e-02
5.368410000000000000e+12	9.543000000000000682e+01	9.543000000000002869e-02	5.123073663000000000e+09	2.174165468392624118e-02	1.102143853295606268e-01	2.130329391357634050e-02
5.442440000000000000e+12	8.942000000000000171e+01	8.942000000000001336e-02	4.866629848000000000e+09	2.361734125178607813e-02	1.202333069723691694e-01	2.089316718143439597e-02
5.513500000000000000e+12	8.842000000000000171e+01	8.841999999999997084e-02	4.875036700000000000e+09	2.606958776878794820e-02	1.214611913337007298e-01	2.073489087483697604e-02
5.581830000000000000e+12	8.618999999999999773e+01	8.618999999999996109e-02	4.810979277000000000e+09	2.772619449824071519e-02	1.265811068217516933e-01	2.052637689102847565e-02
5.647610000000000000e+12	9.176000000000000512e+01	9.176000000000003598e-02	5.182246936000000000e+09	2.937149248073499599e-02	1.208220110350122639e-01	2.104900117173277505e-02
5.711030000000000000e+12	9.659000000000000341e+01	9.659000000000000918e-02	5.516283877000000000e+09	2.991324648844191636e-02	1.138129680787834108e-01	2.184468825712040235e-02
5.772230000000000000e+12	9.975000000000000000e+01	9.975000000000003308e-02	5.757799425000000000e+09	3.082009230698823724e-02	1.079099453271808312e-01	2.199091728392234615e-02
5.831360000000000000e+12	1.025999999999999943e+02	1.026000000000000384e-01	5.982975360000000000e+09	3.274092003520696903e-02	1.063613992531264596e-01	2.177913210357487056e-02
5.888550000000000000e+12	1.088299999999999983e+02	1.088300000000000656e-01	6.408508965000000000e+09	3.324222954901685789e-02	9.624797340365481846e-02	2.279278697799940259e-02
5.943910000000000000e+12	1.096099999999999994e+02	1.096099999999999852e-01	6.515119751000000000e+09	3.589752120535225077e-02	9.405542653530483965e-02	2.222058792172106750e-02
5.997540000000000000e+12	1.128100000000000023e+02	1.128100000000000630e-01	6.765824874000000000e+09	3.487183241018733393e-02	9.708995538611482623e-02	2.286040916193433914e-02
6.049540000000000000e+12	1.176800000000000068e+02	1.176800000000000068e-01	7.119098672000000000e+09	3.796581302405750702e-02	9.107617550726219979e-02	2.226471988598648782e-02
6.100000000000000000e+12	1.189699999999999989e+02	1.189699999999999647e-01	7.257170000000000000e+09	3.853796938347695683e-02	9.094423809270599235e-02	2.248307072291103395e-02
6.149000000000000000e+12	1.222999999999999972e+02	1.223000000000000059e-01	7.520227000000000000e+09	3.958369608664789180e-02	8.965938394678225898e-02	2.404279232559965868e-02
6.196610000000000000e+12	1.239500000000000028e+02	1.239500000000000601e-01	7.680698095000000000e+09	4.303248559841048315e-02	8.793237389791107306e-02	2.376713614257883189e-02
6.242890000000000000e+12	1.288899999999999864e+02	1.288900000000000046e-01	8.046460921000000000e+09	4.438969889794117801e-02	9.146656449925914811e-02	2.332112572406546194e-02
6.287920000000000000e+12	1.330699999999999932e+02	1.330700000000000216e-01	8.367335144000000000e+09	4.992303125059550234e-02	8.920841409557278556e-02	2.424380813626397443e-02
6.331740000000000000e+12	1.361699999999999875e+02	1.361699999999999300e-01	8.621930358000000000e+09	5.219123410004840313e-02	9.449822265304085034e-02	2.417680046987061987e-02
6.374420000000000000e+12	1.414600000000000080e+02	1.414600000000000024e-01	9.017254532000000000e+09	5.062133946099038606e-02	9.410177107678163733e-02	2.387628542370495016e-02
6.416000000000000000e+12	1.441500000000000057e+02	1.441500000000000004e-01	9.248664000000000000e+09	5.209413487301049056e-02	9.315791146808598266e-02	2.356601729569025860e-02
6.456530000000000000e+12	1.535300000000000011e+02	1.535300000000000553e-01	9.912710509000000000e+09	5.457086496047849900e-02	9.634786370016523716e-02	2.376603523231026610e-02
6.496060000000000000e+12	1.607400000000000091e+02	1.607400000000000495e-01	1.044176684400000000e+10	5.893722009422049102e-02	9.231031696277529341e-02	2.434786394957898226e-02
6.534620000000000000e+12	1.637199999999999989e+02	1.637200000000000044e-01	1.069847986400000000e+10	5.908386844876929722e-02	9.173677628360754621e-02	2.480412753268879458e-02
6.572250000000000000e+12	1.700000000000000000e+02	1.700000000000000677e-01	1.117282500000000000e+10	6.285255342123548250e-02	9.364975370609446292e-02	2.451983231707711638e-02
6.608990000000000000e+12	1.722500000000000000e+02	1.722500000000000142e-01	1.138398527500000000e+10	6.512162421873654572e-02	9.204463576156739213e-02	2.449651769779165669e-02
6.644880000000000000e+12	1.761399999999999864e+02	1.761399999999999633e-01	1.170429163200000000e+10	6.753585902748170111e-02	9.476086099300239096e-02	2.483878460839639146e-02
6.679940000000000000e+12	1.821999999999999886e+02	1.822000000000000286e-01	1.217085068000000000e+10	7.011563334572144812e-02	9.572701256901609834e-02	2.462579959517547518e-02
6.714200000000000000e+12	1.855099999999999909e+02	1.855100000000000082e-01	1.245551242000000000e+10	7.174540260655476454e-02	9.075777351133798576e-02	2.570811621903637892e-02
6.747700000000000000e+12	1.884799999999999898e+02	1.884800000000000364e-01	1.271806496000000000e+10	7.355038675593732200e-02	9.469544170392633908e-02	2.502098719555872000e-02
6.780450000000000000e+12	1.903300000000000125e+02	1.903299999999999992e-01	1.290523048500000000e+10	7.650071014862817875e-02	9.184416328308611654e-02	2.407799336609338370e-02
6.812500000000000000e+12	1.920399999999999920e+02	1.920399999999999330e-01	1.308272500000000000e+10	7.992222091981261711e-02	9.546081053585211973e-02	2.525083799887542502e-02
6.843850000000000000e+12	1.905600000000000023e+02	1.905600000000000349e-01	1.304164056000000000e+10	8.144103245078213038e-02	8.962374654218972780e-02	2.517740637994704198e-02
6.874530000000000000e+12	1.915800000000000125e+02	1.915800000000000836e-01	1.317022457400000000e+10	8.530029096387693743e-02	9.075424319292596520e-02	2.484444245696599760e-02
6.904560000000000000e+12	1.913199999999999932e+02	1.913200000000000178e-01	1.320980419200000000e+10	8.482907486663521235e-02	9.409516951252966388e-02	2.473162547514649867e-02
6.933970000000000000e+12	1.875500000000000114e+02	1.875500000000000222e-01	1.300466073500000000e+10	9.059473185505226289e-02	9.339343937362044878e-02	2.523839748550503123e-02
6.962770000000000000e+12	1.879900000000000091e+02	1.879900000000000737e-01	1.308931132300000000e+10	8.869217274026368336e-02	9.395638874234572835e-02	2.473809457537913883e-02
6.990990000000000000e+12	1.896699999999999875e+02	1.896699999999999220e-01	1.325981073300000000e+10	9.533325814401791276e-02	9.295049503413629899e-02	2.486469885826920329e-02
7.018630000000000000e+12	1.959499999999999886e+02	1.959500000000000963e-01	1.375300548500000000e+10	9.571089509598096345e-02	9.593415478702306542e-02	2.495202001816659160e-02
7.045720000000000000e+12	2.013000000000000114e+02	2.013000000000000345e-01	1.418303436000000000e+10	1.007003379204866184e-01	9.416931265430672493e-02	2.558806231765492836e-02
7.072270000000000000e+12	2.039699999999999989e+02	2.039699999999999569e-01	1.442530911900000000e+10	1.016253223253272553e-01	9.022318396112372074e-02	2.461534741576076532e-02
7.098300000000000000e+12	2.056899999999999977e+02	2.056899999999999840e-01	1.460049327000000000e+10	1.043776194876590985e-01	9.349104894287024736e-02	2.560161162149836647e-02
7.123820000000000000e+12	2.089199999999999875e+02	2.089199999999999668e-01	1.488308474400000000e+10	1.060402597189329249e-01	9.437944484828707237e-02	2.546956922072266677e-02
7.148840000000000000e+12	2.105699999999999932e+02	2.105699999999999517e-01	1.505331238800000000e+10	1.114927078640926134e-01	9.462211551530279319e-02	2.553568626241497705e-02
7.173390000000000000e+12	2.102899999999999920e+02	2.102900000000000047e-01	1.508492183100000000e+10	1.127089144309365992e-01	9.517238494688758099e-02	2.465990619654831462e-02
7.197470000000000000e+12	2.136299999999999955e+02	2.136299999999998478e-01	1.537595516100000000e+10	1.178015506279780356e-01	9.357479309001143220e-02	2.562326963408764063e-02
7.221090000000000000e+12	2.174900000000000091e+02	2.174900000000001277e-01	1.570514864100000000e+10	1.202342234662978626e-01	9.340666169569546151e-02	2.585607124598625697e-02
7.244270000000000000e+12	2.168400000000000034e+02	2.168400000000000882e-01	1.570847506800000000e+10	1.227252998345454704e-01	9.626322982254013894e-02	2.531161953228971279e-02
7.267020000000000000e+12	2.207199999999999989e+02	2.207199999999999995e-01	1.603976654400000000e+10	1.213556984462320493e-01	9.666496341222959032e-02	2.529502858122958942e-02
7.289350000000000000e+12	2.186599999999999966e+02	2.186600000000000765e-01	1.593889271000000000e+10	1.309294009802533798e-01	9.376328344049694730e-02	2.554541991713474985e-02
7.311270000000000000e+12	2.203100000000000023e+02	2.203099999999998948e-01	1.610745893700000000e+10	1.300663411186553653e-01	9.387849566584841043e-02	2.540572164873062741e-02
7.332790000000000000e+12	2.170300000000000011e+02	2.170300000000000007e-01	1.591435413700000000e+10	1.365813136234089731e-01	9.458032507440675141e-02	2.556100440922848271e-02
7.353910000000000000e+12	2.130800000000000125e+02	2.130800000000001859e-01	1.566971142800000000e+10	1.364051897660965573e-01	9.587118681105551155e-02	2.498764775053195428e-02
7.374660000000000000e+12	2.167299999999999898e+02	2.167300000000000060e-01	1.598310061800000000e+10	1.381085555475033422e-01	9.291253933392455699e-02	2.578970739443019536e-02
7.395030000000000000e+12	2.148899999999999864e+02	2.148899999999999699e-01	1.589117996700000000e+10	1.399104349313688433e-01	9.156526340621796989e-02	2.541315985372654893e-02
7.415040000000000000e+12	2.121899999999999977e+02	2.121899999999999342e-01	1.573397337600000000e+10	1.471132008859979134e-01	9.348861478086346877e-02	2.553226479256194212e-02
7.434690000000000000e+12	2.156899999999999977e+02	2.156900000000000484e-01	1.603588286100000000e+10	1.421617790322682040e-01	9.769116313775048910e-02	2.461109036052280818e-02
7.454000000000000000e+12	2.105600000000000023e+02	2.105599999999999972e-01	1.569514240000000000e+10	1.454808824178735471e-01	9.280272568380064369e-02	2.513274818358632312e-02
7.472970000000000000e+12	2.090500000000000114e+02	2.090499999999999858e-01	1.562224378500000000e+10	1.530051405103142748e-01	9.940065287201418909e-02	2.515614640690039608e-02
7.491600000000000000e+12	2.101399999999999864e+02	2.101400000000000212e-01	1.574284824000000000e+10	1.599513982335338258e-01	9.372153264182246646e-02	2.553235463978159245e-02
7.509910000000000000e+12	2.113499999999999943e+02	2.113499999999998991e-01	1.587219478500000000e+10	1.565414423422089307e-01	9.265023771153638177e-02	2.527597207543212654e-02
7.527910000000000000e+12	2.119099999999999966e+02	2.119099999999999318e-01	1.595239408100000000e+10	1.598574613991729509e-01	9.567656649747638409e-02	2.548726429441165731e-02
7.545590000000000000e+12	2.130900000000000034e+02	2.130900000000000849e-01	1.607889773100000000e+10	1.658796777232009745e-01	9.676435987025035212e-02	2.504008785813140875e-02
7.562970000000000000e+12	2.117100000000000080e+02	2.117099999999999260e-01	1.601156378700000000e+10	1.704923329418545630e-01	9.936280454108667448e-02	2.491388314379942154e-02
7.580040000000000000e+12	2.129799999999999898e+02	2.129799999999999471e-01	1.614396919200000000e+10	1.722126562265066108e-01	9.653330127344808553e-02	2.558447678463232969e-02
7.596830000000000000e+12	2.112299999999999898e+02	2.112299999999999733e-01	1.604678400900000000e+10	1.694579524430730455e-01	9.357083720266815008e-02	2.548526678375461971e-02
7.613330000000000000e+12	2.114099999999999966e+02	2.114099999999999868e-01	1.609534095300000000e+10	1.814451338035962535e-01	9.657208500968124387e-02	2.510281614824042690e-02
7.629560000000000000e+12	2.110300000000000011e+02	2.110300000000001341e-01	1.610066046800000000e+10	1.806765753496733795e-01	9.221957072137505762e-02	2.525067220169129045e-02
7.645500000000000000e+12	2.120600000000000023e+02	2.120599999999999152e-01	1.621304730000000000e+10	1.762188104922824960e-01	9.788393733774448935e-02	2.595004133750305683e-02
7.661180000000000000e+12	2.104499999999999886e+02	2.104499999999999427e-01	1.612295331000000000e+10	1.806737842852612630e-01	9.353755749754322224e-02	2.499058530484086355e-02
7.676590000000000000e+12	2.091200000000000045e+02	2.091200000000000558e-01	1.605328500800000000e+10	1.844428208058013774e-01	9.386966079817136988e-02	2.549661675469884828e-02
7.691750000000000000e+12	2.058199999999999932e+02	2.058199999999999752e-01	1.583115985000000000e+10	1.947136677045216424e-01	9.086826826588473294e-02	2.540285159406651186e-02
7.706650000000000000e+12	2.051599999999999966e+02	2.051599999999999535e-01	1.581096314000000000e+10	1.957252159547601955e-01	9.341195711292644976e-02	2.541079034966311351e-02
7.721310000000000000e+12	2.063799999999999955e+02	2.063800000000000634e-01	1.593523957800000000e+10	1.947904591693713772e-01	9.593194054574682994e-02	2.513277631594577205e-02
7.735710000000000000e+12	2.080800000000000125e+02	2.080799999999999317e-01	1.609646536800000000e+10	1.993126651090597057e-01	9.418811886929816246e-02	2.510278670038578255e-02
7.749880000000000000e+12	2.056500000000000057e+02	2.056500000000000550e-01	1.593762822000000000e+10	2.047087631699310017e-01	9.380681455138058233e-02	2.539307507262622901e-02
7.763820000000000000e+12	2.071500000000000057e+02	2.071499999999999175e-01	1.608275313000000000e+10	2.153031823869207551e-01	9.342830284445120814e-02	2.558397719018644725e-02
7.777520000000000000e+12	2.033899999999999864e+02	2.033900000000000707e-01	1.581869792800000000e+10	2.117494409312519199e-01	9.441355454016729654e-02	2.513848748031733901e-02
7.790990000000000000e+12	2.052599999999999909e+02	2.052599999999999703e-01	1.599178607400000000e+10	2.109882532271217248e-01	9.088605697918897275e-02	2.523084503805415185e-02
7.804250000000000000e+12	2.055500000000000114e+02	2.055500000000000660e-01	1.604163587500000000e+10	2.207007833967975230e-01	9.768818974912524267e-02	2.502634781081146398e-02
7.817280000000000000e+12	2.035500000000000114e+02	2.035500000000000642e-01	1.591207344000000000e+10	2.236440683454065936e-01	9.479328124117732124e-02	2.537873664997019468e-02
7.830100000000000000e+12	2.033100000000000023e+02	2.033099999999999907e-01	1.591937631000000000e+10	2.256407443010334524e-01	9.067328451289284608e-02	2.504847965300714338e-02
7.842710000000000000e+12	2.074799999999999898e+02	2.074799999999999978e-01	1.627205470800000000e+10	2.244804473176918724e-01	9.345854343066706260e-02	2.546090319300664193e-02
7.855110000000000000e+12	2.074900000000000091e+02	2.074899999999999523e-01	1.629856773900000000e+10	2.316971674918352209e-01	9.547442236258044113e-02	2.525413408814179000e-02
7.867300000000000000e+12	2.067500000000000000e+02	2.067500000000000449e-01	1.626564275000000000e+10	2.287764551013629077e-01	9.485968757841002630e-02	2.547909626831288896e-02
7.879300000000000000e+12	2.038199999999999932e+02	2.038200000000000844e-01	1.605958926000000000e+10	2.334197333567453736e-01	9.527729945926358135e-02	2.533751492180611950e-02
7.891090000000000000e+12	2.094499999999999886e+02	2.094500000000000806e-01	1.652788800500000000e+10	2.354365704108022372e-01	9.374485290094837497e-02	2.566291676256364854e-02
7.902700000000000000e+12	2.104099999999999966e+02	2.104099999999999304e-01	1.662807107000000000e+10	2.522841746342760483e-01	9.544054417860296791e-02	2.514669938764962573e-02
7.914110000000000000e+12	2.098400000000000034e+02	2.098399999999998877e-01	1.660696842400000000e+10	2.518271649601683815e-01	9.246105506570913291e-02	2.546846434893061673e-02
7.925330000000000000e+12	2.085600000000000023e+02	2.085600000000000231e-01	1.652906824800000000e+10	2.491171289908197528e-01	9.445084599637337819e-02	2.541774125952849656e-02
7.936380000000000000e+12	2.124499999999999886e+02	2.124499999999999444e-01	1.686083931000000000e+10	2.594621504742940510e-01	9.683332720240066249e-02	2.566715886464792512e-02
7.947230000000000000e+12	2.126299999999999955e+02	2.126299999999998747e-01	1.689819514900000000e+10	2.603678408536074795e-01	9.572753511234113888e-02	2.430504607938337516e-02
7.957910000000000000e+12	2.155699999999999932e+02	2.155699999999999839e-01	1.715486658700000000e+10	2.657125183913421895e-01	9.214206247249517867e-02	2.587315718325194566e-02
7.968420000000000000e+12	2.188700000000000045e+02	2.188700000000000090e-01	1.744048085400000000e+10	2.737107571996352795e-01	9.401387289688586946e-02	2.522480166592665565e-02
7.978750000000000000e+12	2.191200000000000045e+02	2.191199999999998704e-01	1.748303700000000000e+10	2.786071107916427425e-01	9.461150035342631714e-02	2.552664335077300603e-02
7.988910000000000000e+12	2.225999999999999943e+02	2.226000000000001311e-01	1.778331366000000000e+10	2.828263237227633953e-01	9.450450323370254702e-02	2.504994113688010018e-02
7.998900000000000000e+12	2.263400000000000034e+02	2.263400000000000689e-01	1.810471026000000000e+10	2.864048920664004072e-01	9.340399484857365986e-02	2.550665194288927878e-02
8.008730000000000000e+12	2.269099999999999966e+02	2.269100000000000839e-01	1.817260924300000000e+10	2.911286879244335268e-01	9.469934425297513170e-02	2.541905045325544565e-02
8.018390000000000000e+12	2.311599999999999966e+02	2.311600000000000044e-01	1.853531032400000000e+10	2.947544972869491353e-01	9.226257544627236573e-02	2.577010425452841078e-02
8.027890000000000000e+12	2.343600000000000136e+02	2.343599999999999295e-01	1.881416300400000000e+10	2.976431138068346693e-01	9.514861093252091617e-02	2.615704421977809585e-02
8.037240000000000000e+12	2.365099999999999909e+02	2.365099999999999980e-01	1.900887632400000000e+10	3.031314158538270798e-01	9.598207864171244552e-02	2.618709433479507465e-02
8.046430000000000000e+12	2.356500000000000057e+02	2.356500000000000816e-01	1.896141229500000000e+10	3.099101852586181871e-01	9.654971605055356898e-02	2.591512599640504594e-02
8.055460000000000000e+12	2.423100000000000023e+02	2.423100000000000531e-01	1.951918512600000000e+10	3.046610647702982511e-01	9.831773437081721412e-02	2.605770333400356936e-02
8.064350000000000000e+12	2.459900000000000091e+02	2.459900000000000420e-01	1.983749456500000000e+10	3.203509379029401138e-01	9.335917611021703200e-02	2.598534964677119696e-02
8.073090000000000000e+12	2.477899999999999920e+02	2.477899999999999270e-01	2.000430971100000000e+10	3.042201778806929990e-01	9.345217848355974466e-02	2.586488224842731568e-02
8.081680000000000000e+12	2.518600000000000136e+02	2.518599999999999728e-01	2.035451924800000000e+10	3.232927635903956598e-01	9.817024105908039866e-02	2.634295674490842731e-02
8.090120000000000000e+12	2.563199999999999932e+02	2.563199999999999923e-01	2.073659558400000000e+10	3.272571159297785748e-01	9.276432915136714752e-02	2.618816016340882319e-02
8.098420000000000000e+12	2.573700000000000045e+02	2.573699999999999322e-01	2.084290355400000000e+10	3.290637434660084182e-01	9.657911835322384453e-02	2.615958112995474261e-02
8.106590000000000000e+12	2.590199999999999818e+02	2.590200000000001390e-01	2.099768941800000000e+10	3.306225946753215683e-01	9.425187288856511081e-02	2.566830702801041475e-02
8.114610000000000000e+12	2.572099999999999795e+02	2.572100000000000497e-01	2.087158838100000000e+10	3.385632510049094712e-01	9.334751233152793759e-02	2.636988937016629744e-02
8.122500000000000000e+12	2.648100000000000023e+02	2.648099999999999343e-01	2.150919225000000000e+10	3.370487160597417375e-01	9.534964382162933183e-02	2.621966853593184904e-02
8.130250000000000000e+12	2.678000000000000114e+02	2.677999999999999825e-01	2.177280950000000000e+10	3.445520644763974127e-01	9.679852334391943203e-02	2.626486180398111825e-02
8.137870000000000000e+12	2.690899999999999750e+02	2.690900000000000514e-01	2.189819438300000000e+10	3.454253676863777156e-01	9.641462936713844634e-02	2.621664365684124587e-02
8.145360000000000000e+12	2.714300000000000068e+02	2.714299999999998936e-01	2.210895064800000000e+10	3.561315712471787021e-01	9.704401636722927160e-02	2.622659539121955513e-02
8.152720000000000000e+12	2.740199999999999818e+02	2.740199999999999303e-01	2.234008334400000000e+10	3.555432324677576528e-01	9.583501076299469346e-02	2.591669989368114088e-02
8.159950000000000000e+12	2.754100000000000250e+02	2.754100000000000992e-01	2.247331829500000000e+10	3.562457178935323765e-01	9.398233306812392440e-02	2.631063152594408788e-02
8.167050000000000000e+12	2.818000000000000114e+02	2.818000000000001060e-01	2.301474690000000000e+10	3.620978220603728870e-01	9.335809586610159527e-02	2.649104189508000654e-02
8.174040000000000000e+12	2.821999999999999886e+02	2.821999999999999509e-01	2.306714088000000000e+10	3.714181542341361553e-01	9.433776836623282425e-02	2.641095638920138919e-02
8.180900000000000000e+12	2.830099999999999909e+02	2.830100000000000393e-01	2.315276509000000000e+10	3.744818876839735577e-01	9.696652965677333980e-02	2.625401439572665890e-02
8.187630000000000000e+12	2.861800000000000068e+02	2.861800000000000455e-01	2.343135953400000000e+10	3.665988126499564737e-01	9.972342936548730941e-02	2.674770458193754738e-02
8.194250000000000000e+12	2.873999999999999773e+02	2.873999999999999333e-01	2.355027450000000000e+10	3.764876170000229783e-01	9.403452660794692219e-02	2.645059509408330747e-02
8.200750000000000000e+12	2.869200000000000159e+02	2.869200000000000639e-01	2.352959190000000000e+10	3.819495476033466508e-01	9.633178684319185225e-02	2.635623960978017780e-02
8.207140000000000000e+12	2.892099999999999795e+02	2.892100000000000781e-01	2.373586959400000000e+10	3.887834218852821988e-01	9.600096721510599507e-02	2.632904881470957137e-02
8.213410000000000000e+12	2.892500000000000000e+02	2.892500000000000626e-01	2.375728842500000000e+10	3.873543363618864310e-01	9.711397704947019593e-02	2.655725767093310846e-02
8.219570000000000000e+12	2.872799999999999727e+02	2.872800000000000353e-01	2.361318069600000000e+10	4.017926315954196137e-01	9.649679880338797588e-02	2.616789523932148281e-02
8.225610000000000000e+12	2.871800000000000068e+02	2.871799999999999353e-01	2.362230679800000000e+10	3.911909397372892450e-01	9.807284749168744542e-02	2.601820220469815148e-02
8.231550000000000000e+12	2.867500000000000000e+02	2.867499999999999494e-01	2.360396962500000000e+10	4.125160402429333129e-01	9.581611552373077434e-02	2.635614770256062764e-02
8.237370000000000000e+12	2.848700000000000045e+02	2.848699999999999011e-01	2.346579591900000000e+10	4.075444822539657230e-01	9.850010257815250414e-02	2.633726453978194049e-02
8.243090000000000000e+12	2.859700000000000273e+02	2.859700000000000020e-01	2.357276447300000000e+10	4.119963586321750970e-01	9.796924570311812963e-02	2.650568461025979566e-02
8.248700000000000000e+12	2.864599999999999795e+02	2.864599999999999924e-01	2.362922602000000000e+10	4.138031650544098938e-01	9.735196749438278230e-02	2.643907925781721624e-02
8.254210000000000000e+12	2.818000000000000114e+02	2.817999999999999394e-01	2.326036378000000000e+10	4.125426605663392587e-01	9.296321417668970688e-02	2.634056756817318434e-02
8.259610000000000000e+12	2.807400000000000091e+02	2.807400000000000451e-01	2.318802911400000000e+10	4.220965951754465095e-01	9.453051946438675857e-02	2.607228326722733566e-02
8.264910000000000000e+12	2.819599999999999795e+02	2.819600000000000439e-01	2.330374023600000000e+10	4.235501398889687241e-01	9.563019447323922728e-02	2.599857163587956585e-02
8.270110000000000000e+12	2.823999999999999773e+02	2.824000000000000399e-01	2.335479064000000000e+10	4.363187488375797063e-01	9.566884651540380480e-02	2.615926521119076378e-02
8.275210000000000000e+12	2.800000000000000000e+02	2.800000000000000266e-01	2.317058800000000000e+10	4.416000832935788045e-01	9.539743344441578565e-02	2.613405412926463056e-02
8.280210000000000000e+12	2.787900000000000205e+02	2.787900000000000378e-01	2.308439745900000000e+10	4.431726710287807736e-01	9.494527057588270091e-02	2.613019359943910547e-02
8.285110000000000000e+12	2.748199999999999932e+02	2.748199999999999532e-01	2.276913930200000000e+10	4.494780750305449324e-01	9.793630132560471324e-02	2.626848712087388391e-02
8.289920000000000000e+12	2.732500000000000000e+02	2.732500000000000484e-01	2.265220640000000000e+10	4.481640123917304819e-01	9.610157172386984969e-02	2.614227399651339670e-02
8.294630000000000000e+12	2.647699999999999818e+02	2.647699999999999498e-01	2.196169185100000000e+10	4.433399286110034088e-01	9.741537769588115570e-02	2.636642057963906396e-02
8.299250000000000000e+12	2.665500000000000114e+02	2.665499999999999536e-01	2.212165087500000000e+10	4.653324082368635595e-01	9.747825941283784490e-02	2.621278421652172355e-02
8.303770000000000000e+12	2.595099999999999909e+02	2.595100000000000184e-01	2.154911352700000000e+10	4.724128761162569301e-01	9.700590048369484020e-02	2.631680219698975115e-02
8.308200000000000000e+12	2.563299999999999841e+02	2.563300000000000023e-01	2.129640906000000000e+10	4.574524848390956189e-01	9.356965954537178887e-02	2.662197450928163039e-02
8.312550000000000000e+12	2.481100000000000136e+02	2.481099999999999695e-01	2.062426780500000000e+10	4.566112301644602578e-01	9.477260929038924808e-02	2.559157768918435619e-02
8.316800000000000000e+12	2.429000000000000057e+02	2.429000000000000326e-01	2.020150720000000000e+10	4.698137720007912188e-01	9.928746954467397579e-02	2.566965026067951142e-02
8.320960000000000000e+12	2.388700000000000045e+02	2.388700000000000268e-01	1.987627715200000000e+10	4.719624181738777402e-01	9.620659458941982489e-02	2.595365567456628386e-02
8.325030000000000000e+12	2.294199999999999875e+02	2.294200000000000683e-01	1.909928382600000000e+10	4.736916641732091260e-01	9.909538822056404572e-02	2.597689216437567422e-02
8.329020000000000000e+12	2.186699999999999875e+02	2.186700000000000865e-01	1.821306803400000000e+10	4.785390135268244305e-01	9.458766659947961952e-02	2.564540939546549464e-02
8.332920000000000000e+12	2.091899999999999977e+02	2.091899999999999038e-01	1.743163534800000000e+10	4.808129140068331253e-01	9.598244032897142175e-02	2.555527038468143053e-02
8.336740000000000000e+12	2.004900000000000091e+02	2.004900000000001126e-01	1.671433002600000000e+10	4.770036367432180513e-01	9.579046933690218979e-02	2.512833419533265153e-02
8.340470000000000000e+12	1.935900000000000034e+02	1.935900000000000121e-01	1.614631587300000000e+10	4.828099443782548628e-01	9.541312641557922469e-02	2.470624215120496500e-02
8.344120000000000000e+12	1.827100000000000080e+02	1.827099999999999835e-01	1.524554165200000000e+10	5.016663644029745184e-01	9.261426917885168253e-02	2.471020521337656886e-02
8.347690000000000000e+12	1.722500000000000000e+02	1.722500000000000142e-01	1.437889602500000000e+10	4.956920417669630208e-01	9.758710077514569370e-02	2.555989267098384907e-02
8.351180000000000000e+12	1.606500000000000057e+02	1.606499999999999317e-01	1.341617067000000000e+10	4.862397822056982455e-01	9.450862245083391233e-02	2.441085574164610777e-02
8.354580000000000000e+12	1.519699999999999989e+02	1.519699999999999662e-01	1.269645522600000000e+10	4.854288946276346661e-01	9.459787670947177041e-02	2.396742869206401616e-02
8.357910000000000000e+12	1.421699999999999875e+02	1.421700000000000186e-01	1.188244064700000000e+10	4.936123186236159310e-01	9.158904234745370021e-02	2.326377402494210489e-02
8.361160000000000000e+12	1.335999999999999943e+02	1.335999999999999410e-01	1.117050976000000000e+10	5.000849276191524639e-01	8.994697665674251941e-02	2.357883727656959194e-02
8.364330000000000000e+12	1.245699999999999932e+02	1.245699999999999308e-01	1.041944588100000000e+10	5.144298418220251135e-01	9.117022708840749612e-02	2.371402472793912239e-02
8.367430000000000000e+12	1.191299999999999955e+02	1.191300000000000969e-01	9.968119359000000000e+09	5.105662500563843409e-01	8.821396921080010278e-02	2.279261723809694259e-02
8.370440000000000000e+12	1.105900000000000034e+02	1.105900000000000494e-01	9.256869596000000000e+09	4.915996790424578267e-01	9.574885152547879530e-02	2.333961809306282428e-02
8.373390000000000000e+12	1.028599999999999994e+02	1.028600000000000070e-01	8.612868954000000000e+09	5.155740475042352999e-01	1.003361461121659026e-01	2.200533450911740935e-02
8.376260000000000000e+12	9.481999999999999318e+01	9.482000000000004314e-02	7.942369732000000000e+09	5.219237115483863487e-01	1.126893772181398329e-01	2.122743736418908345e-02
8.379050000000000000e+12	8.707999999999999829e+01	8.708000000000006013e-02	7.296476740000000000e+09	5.429245048799755669e-01	1.238764525602102512e-01	2.051940613880959621e-02
8.381770000000000000e+12	7.918999999999999773e+01	7.918999999999999651e-02	6.637523663000000000e+09	5.472521178545179943e-01	1.261661508193462067e-01	2.017173269439557007e-02
8.384420000000000000e+12	7.457999999999999829e+01	7.458000000000000740e-02	6.253100436000000000e+09	5.579010200977837508e-01	1.250804117145877248e-01	2.038313322581963502e-02
8.387000000000000000e+12	6.717000000000000171e+01	6.717000000000000748e-02	5.633547900000000000e+09	5.575273163259371056e-01	1.248798860181105780e-01	2.006241156052447627e-02
8.389510000000000000e+12	6.163000000000000256e+01	6.162999999999999035e-02	5.170455013000000000e+09	5.652776846910917419e-01	1.279349280778124265e-01	2.010419922409594287e-02
8.391950000000000000e+12	5.575999999999999801e+01	5.576000000000000401e-02	4.679351320000000000e+09	5.696692750076927103e-01	1.256376415536394342e-01	2.025201867195631708e-02
8.394320000000000000e+12	5.056000000000000227e+01	5.056000000000002853e-02	4.244168192000000000e+09	5.698111079278902480e-01	1.228300356830694245e-01	2.012618105072453215e-02
8.396620000000000000e+12	4.653000000000000114e+01	4.652999999999998110e-02	3.906947286000000000e+09	5.808509332984836959e-01	1.259940704791872312e-01	2.020661685660617504e-02
8.398850000000000000e+12	4.246000000000000085e+01	4.245999999999998387e-02	3.566151710000000000e+09	5.849829320876592798e-01	1.261708758084824078e-01	2.017223124292266342e-02
8.401020000000000000e+12	3.747999999999999687e+01	3.747999999999998555e-02	3.148702296000000000e+09	5.918331328493359189e-01	1.257444123678632675e-01	2.010180302453064283e-02
8.403120000000000000e+12	3.482000000000000028e+01	3.481999999999998291e-02	2.925966384000000000e+09	5.927814190625456670e-01	1.239940533682025170e-01	2.002257323545919565e-02
8.405160000000000000e+12	2.901000000000000156e+01	2.900999999999997678e-02	2.438336916000000000e+09	5.913099780231523273e-01	1.240380123714265870e-01	1.995823795166893483e-02
8.407130000000000000e+12	2.628000000000000114e+01	2.627999999999998046e-02	2.209393764000000000e+09	5.957981693928872113e-01	1.239106902837436297e-01	1.984534698563119107e-02
8.409030000000000000e+12	2.387000000000000099e+01	2.386999999999999886e-02	2.007235461000000000e+09	5.987665200639492591e-01	1.236168930691278339e-01	1.977082620366610657e-02
8.410870000000000000e+12	2.096000000000000085e+01	2.095999999999998906e-02	1.762918352000000000e+09	6.046417193760699194e-01	1.202986220780104670e-01	1.964962854690870120e-02
8.412650000000000000e+12	1.835999999999999943e+01	1.835999999999998397e-02	1.544562540000000000e+09	6.062353963604587559e-01	1.239336751414269605e-01	1.975632574695324745e-02
8.414370000000000000e+12	1.598000000000000043e+01	1.597999999999999074e-02	1.344616326000000000e+09	6.095124009847199265e-01	1.191494256557009690e-01	1.952829036109147293e-02
8.416020000000000000e+12	1.355000000000000071e+01	1.354999999999999261e-02	1.140370710000000000e+09	5.756659742354538478e-01	1.207351365663178744e-01	1.902657372012807324e-02
8.417620000000000000e+12	1.238000000000000078e+01	1.238000000000000038e-02	1.042101356000000000e+09	5.879400105963157319e-01	1.198090990009601925e-01	1.923294015886680558e-02
8.419150000000000000e+12	1.074000000000000021e+01	1.074000000000000302e-02	9.042167100000000000e+08	5.836368827957016947e-01	1.135396881385466877e-01	1.815808274516882148e-02
8.420630000000000000e+12	9.230000000000000426e+00	9.230000000000007296e-03	7.772241490000000000e+08	5.707944531907941377e-01	1.097883020382549174e-01	1.806836319043113315e-02
