# SourcePhotonFlux	NumberRaysSurvived	PercentageRaysSurvived	PhotonFlux	Bandwidth	HorizontalFocusFWHM	VerticalFocusFWHM
3.011670000000000000e+12	1.000000000000000000e+05	1.000000000000000000e+02	3.011670000000000000e+12	2.897925935763151495e-02	3.590852009657226340e-02	4.885021947803507361e-03
3.300160000000000000e+12	1.000000000000000000e+05	1.000000000000000000e+02	3.300160000000000000e+12	3.995716798612249793e-02	3.566893772437045029e-02	5.089334883893438521e-03
3.540540000000000000e+12	1.000000000000000000e+05	1.000000000000000000e+02	3.540540000000000000e+12	4.968872406605413794e-02	3.508478019640574874e-02	5.071205075258535151e-03
3.748020000000000000e+12	1.000000000000000000e+05	1.000000000000000000e+02	3.748020000000000000e+12	5.991788669078985941e-02	3.615780624131050003e-02	5.084446278150006777e-03
3.931350000000000000e+12	1.000000000000000000e+05	1.000000000000000000e+02	3.931350000000000000e+12	6.984933090562037150e-02	3.592124205142917248e-02	5.078040218823436612e-03
4.096050000000000000e+12	1.000000000000000000e+05	1.000000000000000000e+02	4.096050000000000000e+12	7.980625745830423334e-02	3.581964106138488951e-02	5.061769237718050790e-03
4.245860000000000000e+12	1.000000000000000000e+05	1.000000000000000000e+02	4.245860000000000000e+12	8.983489866524223266e-02	3.469051122394541803e-02	4.883720457547932950e-03
4.383450000000000000e+12	1.000000000000000000e+05	1.000000000000000000e+02	4.383450000000000000e+12	9.982055410102930182e-02	3.496147052571750569e-02	5.034866584345711396e-03
4.510800000000000000e+12	1.000000000000000000e+05	1.000000000000000000e+02	4.510800000000000000e+12	1.098384548490713569e-01	3.478416133038669811e-02	4.830738883970956549e-03
4.629430000000000000e+12	1.000000000000000000e+05	1.000000000000000000e+02	4.629430000000000000e+12	1.197281234736522065e-01	3.609737943749246475e-02	5.108406337303266279e-03
4.740500000000000000e+12	1.000000000000000000e+05	1.000000000000000000e+02	4.740500000000000000e+12	1.296129201486110050e-01	3.632805451678402381e-02	5.074706408347151240e-03
4.844980000000000000e+12	1.000000000000000000e+05	1.000000000000000000e+02	4.844980000000000000e+12	1.350688185919626805e-01	3.515601084057692199e-02	5.049126320870446667e-03
4.943630000000000000e+12	1.000000000000000000e+05	1.000000000000000000e+02	4.943630000000000000e+12	1.491503465485351509e-01	3.549177018550334767e-02	4.995560460952988904e-03
5.037080000000000000e+12	1.000000000000000000e+05	1.000000000000000000e+02	5.037080000000000000e+12	1.598812596145705867e-01	3.605670898307374028e-02	5.067186624958627816e-03
5.125860000000000000e+12	1.000000000000000000e+05	1.000000000000000000e+02	5.125860000000000000e+12	1.698635369751457236e-01	3.564111153994672931e-02	5.080727818964654932e-03
5.210430000000000000e+12	1.000000000000000000e+05	1.000000000000000000e+02	5.210430000000000000e+12	1.797866117463968183e-01	3.510901694652705102e-02	4.914241886257926170e-03
5.291170000000000000e+12	1.000000000000000000e+05	1.000000000000000000e+02	5.291170000000000000e+12	1.897171683305401702e-01	3.576514613329707937e-02	5.022610049743280944e-03
5.368410000000000000e+12	1.000000000000000000e+05	1.000000000000000000e+02	5.368410000000000000e+12	1.997268105471306510e-01	3.487724511663398835e-02	4.990497093387650032e-03
5.442440000000000000e+12	1.000000000000000000e+05	1.000000000000000000e+02	5.442440000000000000e+12	2.094092152683572350e-01	3.658991506231955293e-02	5.105934437972720931e-03
5.513500000000000000e+12	1.000000000000000000e+05	1.000000000000000000e+02	5.513500000000000000e+12	2.127603034460239240e-01	3.677085497878337245e-02	5.208745949473275912e-03
5.581830000000000000e+12	1.000000000000000000e+05	1.000000000000000000e+02	5.581830000000000000e+12	2.293419350946123703e-01	3.501567605033353153e-02	5.024261582821537911e-03
5.647610000000000000e+12	1.000000000000000000e+05	1.000000000000000000e+02	5.647610000000000000e+12	2.396824986144338310e-01	3.621481067333396503e-02	5.259181038821216132e-03
5.711030000000000000e+12	1.000000000000000000e+05	1.000000000000000000e+02	5.711030000000000000e+12	2.495382941808116928e-01	3.499773029283462233e-02	4.965666743179149821e-03
5.772230000000000000e+12	1.000000000000000000e+05	1.000000000000000000e+02	5.772230000000000000e+12	2.595663972459419933e-01	3.606604951928710917e-02	4.972165389009834506e-03
5.831360000000000000e+12	1.000000000000000000e+05	1.000000000000000000e+02	5.831360000000000000e+12	2.696579153970105613e-01	3.522168210174110581e-02	5.024013736608736597e-03
5.888550000000000000e+12	1.000000000000000000e+05	1.000000000000000000e+02	5.888550000000000000e+12	2.783573115588978686e-01	3.561874060248164386e-02	5.041463841188189784e-03
5.943910000000000000e+12	1.000000000000000000e+05	1.000000000000000000e+02	5.943910000000000000e+12	2.892455618729741218e-01	3.457862632497705341e-02	5.077929414806452331e-03
5.997540000000000000e+12	1.000000000000000000e+05	1.000000000000000000e+02	5.997540000000000000e+12	2.986360988748743006e-01	3.537235138982192106e-02	5.216418865499871868e-03
6.049540000000000000e+12	1.000000000000000000e+05	1.000000000000000000e+02	6.049540000000000000e+12	3.094828425299738228e-01	3.574220771746773606e-02	5.073810330738274220e-03
6.100000000000000000e+12	1.000000000000000000e+05	1.000000000000000000e+02	6.100000000000000000e+12	3.194733548525220956e-01	3.555940121438025403e-02	5.057992798695737889e-03
6.149000000000000000e+12	1.000000000000000000e+05	1.000000000000000000e+02	6.149000000000000000e+12	3.191539127331883829e-01	3.619470073207067817e-02	5.139673013555810105e-03
6.196610000000000000e+12	1.000000000000000000e+05	1.000000000000000000e+02	6.196610000000000000e+12	3.394299549473487332e-01	3.583414309420433763e-02	4.939272661265538614e-03
6.242890000000000000e+12	1.000000000000000000e+05	1.000000000000000000e+02	6.242890000000000000e+12	3.492874204912084224e-01	3.523708723274397714e-02	5.026574948802488632e-03
6.287920000000000000e+12	1.000000000000000000e+05	1.000000000000000000e+02	6.287920000000000000e+12	3.589987442408982821e-01	3.574232413418575172e-02	4.944461737710655405e-03
6.331740000000000000e+12	1.000000000000000000e+05	1.000000000000000000e+02	6.331740000000000000e+12	3.691190197266394080e-01	3.562857369288736920e-02	4.988354002642097010e-03
6.374420000000000000e+12	1.000000000000000000e+05	1.000000000000000000e+02	6.374420000000000000e+12	3.793523265134524647e-01	3.600417831957514192e-02	5.018108716169531087e-03
6.416000000000000000e+12	1.000000000000000000e+05	1.000000000000000000e+02	6.416000000000000000e+12	3.892329038049467949e-01	3.712656218524688911e-02	5.044496239387394332e-03
6.456530000000000000e+12	1.000000000000000000e+05	1.000000000000000000e+02	6.456530000000000000e+12	3.995811982085967773e-01	3.518501394294448054e-02	5.122071904562677108e-03
6.496060000000000000e+12	1.000000000000000000e+05	1.000000000000000000e+02	6.496060000000000000e+12	4.086297321736083177e-01	3.493675781398962454e-02	4.967576119037076660e-03
6.534620000000000000e+12	1.000000000000000000e+05	1.000000000000000000e+02	6.534620000000000000e+12	4.195031985609262160e-01	3.647273151216110648e-02	4.981566538857991853e-03
6.572250000000000000e+12	1.000000000000000000e+05	1.000000000000000000e+02	6.572250000000000000e+12	4.292317005935217256e-01	3.588866140750310990e-02	5.054185449382547768e-03
6.608990000000000000e+12	1.000000000000000000e+05	1.000000000000000000e+02	6.608990000000000000e+12	4.390531175425451127e-01	3.637849025430985039e-02	4.986407145416965787e-03
6.644880000000000000e+12	1.000000000000000000e+05	1.000000000000000000e+02	6.644880000000000000e+12	4.491535640692802533e-01	3.639728378337024617e-02	4.926503232090507882e-03
6.679940000000000000e+12	1.000000000000000000e+05	1.000000000000000000e+02	6.679940000000000000e+12	4.587905906385572052e-01	3.679802416531167963e-02	5.172766600928993715e-03
6.714200000000000000e+12	1.000000000000000000e+05	1.000000000000000000e+02	6.714200000000000000e+12	4.693849641220652069e-01	3.546221084693295528e-02	5.021933599473520429e-03
6.747700000000000000e+12	1.000000000000000000e+05	1.000000000000000000e+02	6.747700000000000000e+12	4.793835980492474613e-01	3.562243916964206308e-02	4.974706924961361590e-03
6.780450000000000000e+12	1.000000000000000000e+05	1.000000000000000000e+02	6.780450000000000000e+12	4.893992549702090855e-01	3.631423945839731826e-02	5.123152856683646506e-03
6.812500000000000000e+12	1.000000000000000000e+05	1.000000000000000000e+02	6.812500000000000000e+12	4.988453146282665895e-01	3.570205536609459551e-02	5.011560593231828217e-03
6.843850000000000000e+12	1.000000000000000000e+05	1.000000000000000000e+02	6.843850000000000000e+12	5.090014719504551977e-01	3.491449103544320282e-02	5.266195069411601024e-03
6.874530000000000000e+12	1.000000000000000000e+05	1.000000000000000000e+02	6.874530000000000000e+12	5.193772931626199352e-01	3.551483711176195435e-02	5.135574959119640868e-03
6.904560000000000000e+12	1.000000000000000000e+05	1.000000000000000000e+02	6.904560000000000000e+12	5.286571605385461670e-01	3.640093929837078662e-02	5.149739402640661663e-03
6.933970000000000000e+12	1.000000000000000000e+05	1.000000000000000000e+02	6.933970000000000000e+12	5.392831953683867585e-01	3.622367748799809606e-02	5.147825897071525540e-03
6.962770000000000000e+12	1.000000000000000000e+05	1.000000000000000000e+02	6.962770000000000000e+12	5.491526932425017105e-01	3.495803211214156686e-02	5.016123512769088411e-03
6.990990000000000000e+12	1.000000000000000000e+05	1.000000000000000000e+02	6.990990000000000000e+12	5.585179046401094194e-01	3.653396374343938213e-02	5.030572611684611464e-03
7.018630000000000000e+12	1.000000000000000000e+05	1.000000000000000000e+02	7.018630000000000000e+12	5.689416405213478800e-01	3.597763426396177744e-02	5.126074110067017561e-03
7.045720000000000000e+12	1.000000000000000000e+05	1.000000000000000000e+02	7.045720000000000000e+12	5.788897055699180338e-01	3.574785868635128178e-02	5.147619802019255675e-03
7.072270000000000000e+12	1.000000000000000000e+05	1.000000000000000000e+02	7.072270000000000000e+12	5.880418107828063734e-01	3.537791417792096604e-02	5.049780198136083302e-03
7.098300000000000000e+12	1.000000000000000000e+05	1.000000000000000000e+02	7.098300000000000000e+12	5.978946795437195538e-01	3.475707499625230179e-02	5.202780953923081750e-03
7.123820000000000000e+12	1.000000000000000000e+05	1.000000000000000000e+02	7.123820000000000000e+12	6.092386995928109616e-01	3.541681462664413027e-02	4.967568365266075529e-03
7.148840000000000000e+12	1.000000000000000000e+05	1.000000000000000000e+02	7.148840000000000000e+12	6.170607128064602431e-01	3.632200656161722191e-02	4.930291663489012703e-03
7.173390000000000000e+12	1.000000000000000000e+05	1.000000000000000000e+02	7.173390000000000000e+12	6.266499693122682402e-01	3.681118134488776950e-02	5.012765939809474790e-03
7.197470000000000000e+12	1.000000000000000000e+05	1.000000000000000000e+02	7.197470000000000000e+12	6.385340156976099246e-01	3.589385677909621292e-02	5.064048149702509750e-03
7.221090000000000000e+12	1.000000000000000000e+05	1.000000000000000000e+02	7.221090000000000000e+12	6.490551815419962622e-01	3.562678046613085986e-02	4.983836168136115442e-03
7.244270000000000000e+12	1.000000000000000000e+05	1.000000000000000000e+02	7.244270000000000000e+12	6.570182867217454481e-01	3.500717482604670527e-02	5.025356643843807182e-03
7.267020000000000000e+12	1.000000000000000000e+05	1.000000000000000000e+02	7.267020000000000000e+12	6.690980844315503884e-01	3.555738001401702320e-02	5.271406590033340944e-03
7.289350000000000000e+12	1.000000000000000000e+05	1.000000000000000000e+02	7.289350000000000000e+12	6.542188991084177951e-01	3.606006425471827703e-02	5.077926169046181534e-03
7.311270000000000000e+12	1.000000000000000000e+05	1.000000000000000000e+02	7.311270000000000000e+12	6.862653613181237677e-01	3.635656090836260346e-02	5.047194051577325383e-03
7.332790000000000000e+12	1.000000000000000000e+05	1.000000000000000000e+02	7.332790000000000000e+12	6.970377917323731243e-01	3.621644325188597829e-02	5.144021516515381170e-03
7.353910000000000000e+12	1.000000000000000000e+05	1.000000000000000000e+02	7.353910000000000000e+12	7.075080691782659192e-01	3.526089482623977894e-02	5.060096293882154761e-03
7.374660000000000000e+12	1.000000000000000000e+05	1.000000000000000000e+02	7.374660000000000000e+12	7.188325285160089839e-01	3.592366142279170699e-02	5.096874630231134143e-03
7.395030000000000000e+12	1.000000000000000000e+05	1.000000000000000000e+02	7.395030000000000000e+12	7.272868575777579059e-01	3.574588002291297084e-02	5.210584258386432785e-03
7.415040000000000000e+12	1.000000000000000000e+05	1.000000000000000000e+02	7.415040000000000000e+12	7.385303696091796155e-01	3.500588028890286307e-02	5.052659296469714373e-03
7.434690000000000000e+12	1.000000000000000000e+05	1.000000000000000000e+02	7.434690000000000000e+12	7.476584989352318411e-01	3.532567383596520172e-02	4.962684290571481131e-03
7.454000000000000000e+12	1.000000000000000000e+05	1.000000000000000000e+02	7.454000000000000000e+12	7.569445610066395380e-01	3.512036397114701863e-02	5.033806056640531719e-03
7.472970000000000000e+12	1.000000000000000000e+05	1.000000000000000000e+02	7.472970000000000000e+12	7.685732384787342664e-01	3.675152737644919732e-02	5.111227858850117198e-03
7.491600000000000000e+12	1.000000000000000000e+05	1.000000000000000000e+02	7.491600000000000000e+12	7.785333233890583404e-01	3.496822688854457628e-02	5.282823236655498009e-03
7.509910000000000000e+12	1.000000000000000000e+05	1.000000000000000000e+02	7.509910000000000000e+12	7.882987048757058579e-01	3.548310534152494811e-02	4.939792602367678448e-03
7.527910000000000000e+12	1.000000000000000000e+05	1.000000000000000000e+02	7.527910000000000000e+12	7.985191171328779314e-01	3.594518111576767289e-02	4.987050309755932526e-03
7.545590000000000000e+12	1.000000000000000000e+05	1.000000000000000000e+02	7.545590000000000000e+12	8.085339298595044522e-01	3.514904148568869652e-02	5.089065097272351020e-03
7.562970000000000000e+12	1.000000000000000000e+05	1.000000000000000000e+02	7.562970000000000000e+12	7.925493584456863028e-01	3.616320482480545051e-02	5.067835698794974711e-03
7.580040000000000000e+12	1.000000000000000000e+05	1.000000000000000000e+02	7.580040000000000000e+12	8.294096358896126953e-01	3.478588797861891652e-02	5.176159772730008074e-03
7.596830000000000000e+12	1.000000000000000000e+05	1.000000000000000000e+02	7.596830000000000000e+12	8.392331128091428116e-01	3.486892468528512284e-02	5.025706467463140689e-03
7.613330000000000000e+12	1.000000000000000000e+05	1.000000000000000000e+02	7.613330000000000000e+12	8.486561547228120839e-01	3.595807673984964536e-02	5.162202947918991848e-03
7.629560000000000000e+12	1.000000000000000000e+05	1.000000000000000000e+02	7.629560000000000000e+12	8.582916599980194849e-01	3.510104516909520050e-02	5.009371437472149094e-03
7.645500000000000000e+12	1.000000000000000000e+05	1.000000000000000000e+02	7.645500000000000000e+12	8.685427066118677208e-01	3.478612006048879823e-02	5.094949078929004484e-03
7.661180000000000000e+12	1.000000000000000000e+05	1.000000000000000000e+02	7.661180000000000000e+12	8.761545398627049730e-01	3.522016986529698246e-02	5.098857208023874210e-03
7.676590000000000000e+12	1.000000000000000000e+05	1.000000000000000000e+02	7.676590000000000000e+12	8.887190968915433809e-01	3.590196879791709983e-02	5.138718697559311113e-03
7.691750000000000000e+12	1.000000000000000000e+05	1.000000000000000000e+02	7.691750000000000000e+12	8.990187247534890957e-01	3.561884656209001604e-02	5.012723467047066131e-03
7.706650000000000000e+12	1.000000000000000000e+05	1.000000000000000000e+02	7.706650000000000000e+12	9.087025977681719713e-01	3.585565139781440175e-02	5.048655669823222045e-03
7.721310000000000000e+12	1.000000000000000000e+05	1.000000000000000000e+02	7.721310000000000000e+12	9.186645756468010404e-01	3.659525703892801268e-02	5.036785484441119384e-03
7.735710000000000000e+12	1.000000000000000000e+05	1.000000000000000000e+02	7.735710000000000000e+12	9.277751137155860750e-01	3.608086004477562003e-02	5.144142844240954908e-03
7.749880000000000000e+12	1.000000000000000000e+05	1.000000000000000000e+02	7.749880000000000000e+12	9.377029638361704666e-01	3.574996664183564821e-02	5.005175817871381459e-03
7.763820000000000000e+12	1.000000000000000000e+05	1.000000000000000000e+02	7.763820000000000000e+12	9.486232789611449556e-01	3.472370548352252118e-02	5.000588970905752752e-03
7.777520000000000000e+12	1.000000000000000000e+05	1.000000000000000000e+02	7.777520000000000000e+12	9.588548541229101607e-01	3.601800164472452465e-02	4.979388225323505036e-03
7.790990000000000000e+12	1.000000000000000000e+05	1.000000000000000000e+02	7.790990000000000000e+12	9.689911048153362350e-01	3.600215188205752731e-02	5.028996091698418811e-03
7.804250000000000000e+12	1.000000000000000000e+05	1.000000000000000000e+02	7.804250000000000000e+12	9.788022969020516717e-01	3.663372186018078180e-02	5.118704878762946053e-03
7.817280000000000000e+12	1.000000000000000000e+05	1.000000000000000000e+02	7.817280000000000000e+12	9.874976284916101577e-01	3.584081305029425402e-02	5.234495519924283781e-03
7.830100000000000000e+12	1.000000000000000000e+05	1.000000000000000000e+02	7.830100000000000000e+12	9.955701090022444077e-01	3.670642064395671089e-02	5.209412614753896296e-03
7.842710000000000000e+12	1.000000000000000000e+05	1.000000000000000000e+02	7.842710000000000000e+12	1.007142802934720249e+00	3.548745612551192780e-02	5.008788556028446505e-03
7.855110000000000000e+12	1.000000000000000000e+05	1.000000000000000000e+02	7.855110000000000000e+12	1.017836944363728069e+00	3.615957289681823866e-02	5.077388105539577465e-03
7.867300000000000000e+12	1.000000000000000000e+05	1.000000000000000000e+02	7.867300000000000000e+12	1.028473091938917561e+00	3.498229452933777905e-02	4.847188515780807491e-03
7.879300000000000000e+12	1.000000000000000000e+05	1.000000000000000000e+02	7.879300000000000000e+12	1.037720235752817688e+00	3.511639514629029402e-02	5.145720951736529325e-03
7.891090000000000000e+12	1.000000000000000000e+05	1.000000000000000000e+02	7.891090000000000000e+12	1.048820199906731476e+00	3.570262858776229037e-02	5.195665312872735885e-03
7.902700000000000000e+12	1.000000000000000000e+05	1.000000000000000000e+02	7.902700000000000000e+12	1.058393656767543600e+00	3.665271094208606001e-02	5.120623813890797134e-03
7.914110000000000000e+12	1.000000000000000000e+05	1.000000000000000000e+02	7.914110000000000000e+12	1.067179197070527108e+00	3.609218218341721240e-02	4.987547645110320359e-03
7.925330000000000000e+12	1.000000000000000000e+05	1.000000000000000000e+02	7.925330000000000000e+12	1.076298317319492437e+00	3.497273019396759247e-02	5.089663061749820881e-03
7.936380000000000000e+12	1.000000000000000000e+05	1.000000000000000000e+02	7.936380000000000000e+12	1.051375986832719267e+00	3.542348895152759580e-02	5.053108437126215165e-03
7.947230000000000000e+12	1.000000000000000000e+05	1.000000000000000000e+02	7.947230000000000000e+12	1.098708785250005260e+00	3.572622834982343981e-02	5.140602576718395454e-03
7.957910000000000000e+12	1.000000000000000000e+05	1.000000000000000000e+02	7.957910000000000000e+12	1.108255864491707099e+00	3.483587316668536327e-02	5.054590860590124635e-03
7.968420000000000000e+12	1.000000000000000000e+05	1.000000000000000000e+02	7.968420000000000000e+12	1.118235406924191100e+00	3.550799241049650695e-02	5.226891342991559636e-03
7.978750000000000000e+12	1.000000000000000000e+05	1.000000000000000000e+02	7.978750000000000000e+12	1.127881706664220385e+00	3.539167291755911104e-02	5.013165906690467480e-03
7.988910000000000000e+12	1.000000000000000000e+05	1.000000000000000000e+02	7.988910000000000000e+12	1.137452954346508616e+00	3.597180822249371884e-02	5.243313504569113367e-03
7.998900000000000000e+12	1.000000000000000000e+05	1.000000000000000000e+02	7.998900000000000000e+12	1.147828114770913954e+00	3.596178817951085210e-02	5.060998162679929135e-03
8.008730000000000000e+12	1.000000000000000000e+05	1.000000000000000000e+02	8.008730000000000000e+12	1.157495354420461808e+00	3.559571696574441446e-02	5.201176636524423511e-03
8.018390000000000000e+12	1.000000000000000000e+05	1.000000000000000000e+02	8.018390000000000000e+12	1.168497325939097164e+00	3.506682999814267343e-02	5.021395539320785625e-03
8.027890000000000000e+12	1.000000000000000000e+05	1.000000000000000000e+02	8.027890000000000000e+12	1.177565318079723422e+00	3.627567645871254687e-02	5.179804705993443052e-03
8.037240000000000000e+12	1.000000000000000000e+05	1.000000000000000000e+02	8.037240000000000000e+12	1.186793695657320402e+00	3.477619980746766981e-02	5.205437870437847059e-03
8.046430000000000000e+12	1.000000000000000000e+05	1.000000000000000000e+02	8.046430000000000000e+12	1.197574368623077090e+00	3.449978913167320999e-02	5.150848164006504096e-03
8.055460000000000000e+12	1.000000000000000000e+05	1.000000000000000000e+02	8.055460000000000000e+12	1.207231923769222615e+00	3.666058687837406294e-02	5.105974556400751097e-03
8.064350000000000000e+12	1.000000000000000000e+05	1.000000000000000000e+02	8.064350000000000000e+12	1.218406318771098951e+00	3.622391152566940137e-02	5.218456851528048383e-03
8.073090000000000000e+12	1.000000000000000000e+05	1.000000000000000000e+02	8.073090000000000000e+12	1.227845737770894674e+00	3.597741854023125269e-02	4.981265857861240723e-03
8.081680000000000000e+12	1.000000000000000000e+05	1.000000000000000000e+02	8.081680000000000000e+12	1.235914487974014264e+00	3.570500676040917754e-02	5.117868713371446360e-03
8.090120000000000000e+12	1.000000000000000000e+05	1.000000000000000000e+02	8.090120000000000000e+12	1.248463516823699049e+00	3.484080261598988815e-02	5.206448180297956058e-03
8.098420000000000000e+12	1.000000000000000000e+05	1.000000000000000000e+02	8.098420000000000000e+12	1.258181847298555978e+00	3.541186115013808533e-02	4.980547011284633049e-03
8.106590000000000000e+12	1.000000000000000000e+05	1.000000000000000000e+02	8.106590000000000000e+12	1.267532817050891936e+00	3.614090029700280093e-02	5.070486976371353476e-03
8.114610000000000000e+12	1.000000000000000000e+05	1.000000000000000000e+02	8.114610000000000000e+12	1.277924021373087360e+00	3.636387881733597893e-02	4.933788058246734408e-03
8.122500000000000000e+12	1.000000000000000000e+05	1.000000000000000000e+02	8.122500000000000000e+12	1.287315977335742989e+00	3.468635681816854832e-02	5.121305022501153326e-03
8.130250000000000000e+12	1.000000000000000000e+05	1.000000000000000000e+02	8.130250000000000000e+12	1.290965958377773948e+00	3.431288320831735877e-02	5.005692428288420308e-03
8.137870000000000000e+12	1.000000000000000000e+05	1.000000000000000000e+02	8.137870000000000000e+12	1.304253566657348484e+00	3.552040649431421893e-02	4.976922011734047704e-03
8.145360000000000000e+12	1.000000000000000000e+05	1.000000000000000000e+02	8.145360000000000000e+12	1.318287151196864126e+00	3.569647497885870824e-02	5.129128602820174146e-03
8.152720000000000000e+12	1.000000000000000000e+05	1.000000000000000000e+02	8.152720000000000000e+12	1.326879998723711651e+00	3.711407749496918596e-02	5.147928563254850279e-03
8.159950000000000000e+12	1.000000000000000000e+05	1.000000000000000000e+02	8.159950000000000000e+12	1.336101697137064503e+00	3.602586049860703743e-02	5.136747729858051267e-03
8.167050000000000000e+12	1.000000000000000000e+05	1.000000000000000000e+02	8.167050000000000000e+12	1.347631400784848665e+00	3.569547000096096045e-02	5.166000541923657444e-03
8.174040000000000000e+12	1.000000000000000000e+05	1.000000000000000000e+02	8.174040000000000000e+12	1.358055080531926251e+00	3.493130572199033834e-02	5.214851433847965748e-03
8.180900000000000000e+12	1.000000000000000000e+05	1.000000000000000000e+02	8.180900000000000000e+12	1.366474751794044096e+00	3.630210115802091908e-02	5.027622516307933727e-03
8.187630000000000000e+12	1.000000000000000000e+05	1.000000000000000000e+02	8.187630000000000000e+12	1.377607312379382165e+00	3.511060749962215122e-02	5.066583722634135194e-03
8.194250000000000000e+12	1.000000000000000000e+05	1.000000000000000000e+02	8.194250000000000000e+12	1.388513977191723869e+00	3.525079302285479693e-02	4.885183099041469010e-03
8.200750000000000000e+12	1.000000000000000000e+05	1.000000000000000000e+02	8.200750000000000000e+12	1.397707600411558726e+00	3.582571142478848530e-02	5.138135697713992756e-03
8.207140000000000000e+12	1.000000000000000000e+05	1.000000000000000000e+02	8.207140000000000000e+12	1.408449056841072800e+00	3.602688395508386876e-02	5.028840293274027158e-03
8.213410000000000000e+12	1.000000000000000000e+05	1.000000000000000000e+02	8.213410000000000000e+12	1.416685301953066300e+00	3.515234287622502618e-02	4.899859774797501663e-03
8.219570000000000000e+12	1.000000000000000000e+05	1.000000000000000000e+02	8.219570000000000000e+12	1.427432009487688447e+00	3.621095098080880093e-02	5.094571507351043117e-03
8.225610000000000000e+12	1.000000000000000000e+05	1.000000000000000000e+02	8.225610000000000000e+12	1.437868868828377389e+00	3.675636271420430062e-02	5.032288310794066043e-03
8.231550000000000000e+12	1.000000000000000000e+05	1.000000000000000000e+02	8.231550000000000000e+12	1.401287996178737894e+00	3.621614348341990752e-02	5.193905600729433608e-03
8.237370000000000000e+12	1.000000000000000000e+05	1.000000000000000000e+02	8.237370000000000000e+12	1.457041225285047314e+00	3.542180860673820042e-02	4.876656872168006265e-03
8.243090000000000000e+12	1.000000000000000000e+05	1.000000000000000000e+02	8.243090000000000000e+12	1.420421645220509621e+00	3.614464689985597001e-02	4.887809198003481570e-03
8.248700000000000000e+12	1.000000000000000000e+05	1.000000000000000000e+02	8.248700000000000000e+12	1.477750902110710696e+00	3.606275920538387636e-02	4.977452875338838137e-03
8.254210000000000000e+12	1.000000000000000000e+05	1.000000000000000000e+02	8.254210000000000000e+12	1.485374305194068212e+00	3.519830832540660898e-02	4.961484780985901330e-03
8.259610000000000000e+12	1.000000000000000000e+05	1.000000000000000000e+02	8.259610000000000000e+12	1.498060299528083394e+00	3.577370170835268703e-02	4.964203594024566880e-03
8.264910000000000000e+12	1.000000000000000000e+05	1.000000000000000000e+02	8.264910000000000000e+12	1.508217483992416508e+00	3.551048667905430667e-02	5.247897065056619445e-03
8.270110000000000000e+12	1.000000000000000000e+05	1.000000000000000000e+02	8.270110000000000000e+12	1.517338042053370417e+00	3.499427655295637291e-02	5.108610787659953294e-03
8.275210000000000000e+12	1.000000000000000000e+05	1.000000000000000000e+02	8.275210000000000000e+12	1.526277173278549615e+00	3.620101749725694595e-02	5.006269702455703671e-03
8.280210000000000000e+12	1.000000000000000000e+05	1.000000000000000000e+02	8.280210000000000000e+12	1.537673719597751232e+00	3.612117157347536495e-02	4.934335046523569482e-03
8.285110000000000000e+12	1.000000000000000000e+05	1.000000000000000000e+02	8.285110000000000000e+12	1.544889875583339789e+00	3.626727714292560245e-02	4.969698647009811003e-03
8.289920000000000000e+12	1.000000000000000000e+05	1.000000000000000000e+02	8.289920000000000000e+12	1.557549922790508301e+00	3.499752314120818664e-02	4.966446238901592314e-03
8.294630000000000000e+12	1.000000000000000000e+05	1.000000000000000000e+02	8.294630000000000000e+12	1.568054799669266641e+00	3.618682098180724810e-02	5.056057905059376488e-03
8.299250000000000000e+12	1.000000000000000000e+05	1.000000000000000000e+02	8.299250000000000000e+12	1.575479224584205529e+00	3.678262024135989239e-02	5.101952131691070251e-03
8.303770000000000000e+12	1.000000000000000000e+05	1.000000000000000000e+02	8.303770000000000000e+12	1.588262220439059957e+00	3.519943418861713053e-02	5.118640631421820034e-03
8.308200000000000000e+12	1.000000000000000000e+05	1.000000000000000000e+02	8.308200000000000000e+12	1.596799951853177024e+00	3.542255315846244007e-02	5.149373597230416655e-03
8.312550000000000000e+12	1.000000000000000000e+05	1.000000000000000000e+02	8.312550000000000000e+12	1.607678788161842842e+00	3.637571759139793942e-02	5.176112630897304959e-03
8.316800000000000000e+12	1.000000000000000000e+05	1.000000000000000000e+02	8.316800000000000000e+12	1.614776464347983165e+00	3.649832243108938612e-02	4.962009449570261958e-03
8.320960000000000000e+12	1.000000000000000000e+05	1.000000000000000000e+02	8.320960000000000000e+12	1.574314269777867370e+00	3.494027379929786487e-02	5.108063130491621341e-03
8.325030000000000000e+12	1.000000000000000000e+05	1.000000000000000000e+02	8.325030000000000000e+12	1.637967194533985094e+00	3.621735494852326015e-02	5.144767383736969027e-03
8.329020000000000000e+12	1.000000000000000000e+05	1.000000000000000000e+02	8.329020000000000000e+12	1.647959197151726674e+00	3.486096486214377427e-02	5.035996564384519203e-03
8.332920000000000000e+12	1.000000000000000000e+05	1.000000000000000000e+02	8.332920000000000000e+12	1.658437532695938854e+00	3.556631190354677535e-02	4.940169087732064132e-03
8.336740000000000000e+12	1.000000000000000000e+05	1.000000000000000000e+02	8.336740000000000000e+12	1.667119933826666012e+00	3.490922515782361041e-02	4.947033578852391353e-03
8.340470000000000000e+12	1.000000000000000000e+05	1.000000000000000000e+02	8.340470000000000000e+12	1.677933345722181002e+00	3.509828698876497205e-02	4.932906641451141258e-03
8.344120000000000000e+12	1.000000000000000000e+05	1.000000000000000000e+02	8.344120000000000000e+12	1.686502741614776868e+00	3.582047552985232614e-02	5.027412762313521535e-03
8.347690000000000000e+12	1.000000000000000000e+05	1.000000000000000000e+02	8.347690000000000000e+12	1.642379494712135735e+00	3.618260066186877733e-02	5.222015058722427952e-03
8.351180000000000000e+12	1.000000000000000000e+05	1.000000000000000000e+02	8.351180000000000000e+12	1.703733811437814438e+00	3.735523155448516180e-02	4.998334073033868126e-03
8.354580000000000000e+12	1.000000000000000000e+05	1.000000000000000000e+02	8.354580000000000000e+12	1.715380797649117994e+00	3.595218814559499737e-02	5.108254409961654474e-03
8.357910000000000000e+12	1.000000000000000000e+05	1.000000000000000000e+02	8.357910000000000000e+12	1.726785182453454581e+00	3.478520522219240990e-02	5.020704586313469962e-03
8.361160000000000000e+12	1.000000000000000000e+05	1.000000000000000000e+02	8.361160000000000000e+12	1.737702331916648246e+00	3.476487566239272464e-02	5.281783192562737421e-03
8.364330000000000000e+12	1.000000000000000000e+05	1.000000000000000000e+02	8.364330000000000000e+12	1.747652403123538534e+00	3.696380168218413309e-02	5.121006490741860338e-03
8.367430000000000000e+12	1.000000000000000000e+05	1.000000000000000000e+02	8.367430000000000000e+12	1.698713214332519872e+00	3.576926923741362979e-02	4.880517074393542556e-03
8.370440000000000000e+12	1.000000000000000000e+05	1.000000000000000000e+02	8.370440000000000000e+12	1.709244182351088881e+00	3.583607022881823978e-02	4.993778376255340185e-03
8.373390000000000000e+12	1.000000000000000000e+05	1.000000000000000000e+02	8.373390000000000000e+12	1.777738287563238373e+00	3.628286299665527126e-02	5.149205353699982946e-03
8.376260000000000000e+12	1.000000000000000000e+05	1.000000000000000000e+02	8.376260000000000000e+12	1.786778488848813184e+00	3.580476683287549255e-02	5.105235036333706511e-03
8.379050000000000000e+12	1.000000000000000000e+05	1.000000000000000000e+02	8.379050000000000000e+12	1.796185057973457289e+00	3.569001259692605732e-02	5.047114562877859020e-03
8.381770000000000000e+12	1.000000000000000000e+05	1.000000000000000000e+02	8.381770000000000000e+12	1.804166997035713482e+00	3.576774895502489449e-02	5.166791048436552951e-03
8.384420000000000000e+12	1.000000000000000000e+05	1.000000000000000000e+02	8.384420000000000000e+12	1.817778728848588710e+00	3.618895886280609070e-02	5.045783555484458643e-03
8.387000000000000000e+12	1.000000000000000000e+05	1.000000000000000000e+02	8.387000000000000000e+12	1.826569453592014725e+00	3.497726879251292220e-02	5.223777483938492339e-03
8.389510000000000000e+12	1.000000000000000000e+05	1.000000000000000000e+02	8.389510000000000000e+12	1.834345957882032918e+00	3.518834562070832783e-02	4.974237866869977119e-03
8.391950000000000000e+12	1.000000000000000000e+05	1.000000000000000000e+02	8.391950000000000000e+12	1.844386605029831205e+00	3.522967285999073495e-02	4.951778924461145218e-03
8.394320000000000000e+12	1.000000000000000000e+05	1.000000000000000000e+02	8.394320000000000000e+12	1.856400392182422365e+00	3.570451670547816758e-02	5.042900649862717792e-03
8.396620000000000000e+12	1.000000000000000000e+05	1.000000000000000000e+02	8.396620000000000000e+12	1.861833889678155218e+00	3.612913028246248631e-02	5.166299032982249809e-03
8.398850000000000000e+12	1.000000000000000000e+05	1.000000000000000000e+02	8.398850000000000000e+12	1.872919068434043766e+00	3.569691054138103559e-02	4.936512007602144279e-03
8.401020000000000000e+12	1.000000000000000000e+05	1.000000000000000000e+02	8.401020000000000000e+12	1.888473607897162676e+00	3.597166270648562841e-02	5.032692573892402418e-03
8.403120000000000000e+12	1.000000000000000000e+05	1.000000000000000000e+02	8.403120000000000000e+12	1.896807006889889680e+00	3.537172301424219845e-02	5.020907879350210504e-03
8.405160000000000000e+12	1.000000000000000000e+05	1.000000000000000000e+02	8.405160000000000000e+12	1.845964926039416643e+00	3.574846257883258077e-02	5.001428289697831299e-03
8.407130000000000000e+12	1.000000000000000000e+05	1.000000000000000000e+02	8.407130000000000000e+12	1.917655607661299610e+00	3.544023189740384827e-02	5.057475289278117597e-03
8.409030000000000000e+12	1.000000000000000000e+05	1.000000000000000000e+02	8.409030000000000000e+12	1.915262611276102644e+00	3.593483630856131317e-02	5.115013821730890649e-03
8.410870000000000000e+12	1.000000000000000000e+05	1.000000000000000000e+02	8.410870000000000000e+12	1.934648555149101501e+00	3.600117380126816730e-02	4.995342290990310678e-03
8.412650000000000000e+12	1.000000000000000000e+05	1.000000000000000000e+02	8.412650000000000000e+12	1.945620696452556420e+00	3.655596560676112328e-02	5.111328835882303530e-03
8.414370000000000000e+12	1.000000000000000000e+05	1.000000000000000000e+02	8.414370000000000000e+12	1.881840101715373859e+00	3.583635165352010155e-02	5.054992526035849768e-03
8.416020000000000000e+12	1.000000000000000000e+05	1.000000000000000000e+02	8.416020000000000000e+12	1.967319803961754543e+00	3.683657741043800532e-02	5.000775753738545375e-03
8.417620000000000000e+12	1.000000000000000000e+05	1.000000000000000000e+02	8.417620000000000000e+12	1.913929538921145923e+00	3.472700089127428447e-02	5.018929912489514603e-03
8.419150000000000000e+12	1.000000000000000000e+05	1.000000000000000000e+02	8.419150000000000000e+12	1.987574079047681241e+00	3.463764497670526049e-02	5.041444987055478978e-03
8.420630000000000000e+12	1.000000000000000000e+05	1.000000000000000000e+02	8.420630000000000000e+12	1.992099541998322731e+00	3.497250629051486953e-02	5.028141649164616020e-03
