# SourcePhotonFlux	NumberRaysSurvived	PercentageRaysSurvived	PhotonFlux	PhotonEnergy	Bandwidth	HorizontalFocusFWHM	VerticalFocusFWHM	EnergyPerMilPerBw	FluxPerMilPerBwPerc	FluxPerMilPerBwAbs
6.023340000000000000e+11	2.000000000000000000e+04	2.000000000000000000e+01	6.023340000000000000e+11	6.000000000000000000e+00	5.994194924730038634e-03	7.161080453702594814e-03	1.013966843297677825e-03	2.001937375966584831e-01	2.001937375966584653e+01	6.029174737077283936e+11
6.600320000000000000e+11	2.000000000000000000e+04	2.000000000000000000e+01	6.600320000000000000e+11	8.000000000000000000e+00	7.975895436785266149e-03	7.099577930106122474e-03	1.031991829987390346e-03	2.006078217569903788e-01	2.006078217569903899e+01	6.620379090495494385e+11
7.081080000000000000e+11	2.000000000000000000e+04	2.000000000000000000e+01	7.081080000000000000e+11	1.000000000000000000e+01	9.353252945548552050e-03	7.237693497632109903e-03	1.047117543572448741e-03	2.189465871354834836e-01	2.189465871354835258e+01	7.751891496166647949e+11
7.496040000000000000e+11	2.000000000000000000e+04	2.000000000000000000e+01	7.496040000000000000e+11	1.200000000000000000e+01	1.189813010325366412e-02	7.311271909826296163e-03	1.017397969011129763e-03	2.017450967692389630e-01	2.017450967692389696e+01	7.561446575930427246e+11
7.862700000000000000e+11	2.000000000000000000e+04	2.000000000000000000e+01	7.862700000000000000e+11	1.400000000000000000e+01	1.398166862675793640e-02	6.913719477642495462e-03	9.917915140299007892e-04	2.002623479528452266e-01	2.002623479528452322e+01	7.873013816244179688e+11
8.192100000000000000e+11	2.000000000000000000e+04	2.000000000000000000e+01	8.192100000000000000e+11	1.600000000000000000e+01	1.597187646677355327e-02	7.431794521437502798e-03	1.009217858166364980e-03	2.003522947272477206e-01	2.003522947272477239e+01	8.206530168175429688e+11
8.491720000000000000e+11	2.000000000000000000e+04	2.000000000000000000e+01	8.491720000000000000e+11	1.800000000000000000e+01	1.797767413070232648e-02	7.101797025004565229e-03	9.775860833602012436e-04	2.002484066602076562e-01	2.002484066602076496e+01	8.502266999023092041e+11
8.766900000000000000e+11	2.000000000000000000e+04	2.000000000000000000e+01	8.766900000000000000e+11	2.000000000000000000e+01	1.997872848124529824e-02	7.201744044430370348e-03	1.020680342204028073e-03	2.002129648166248166e-01	2.002129648166248188e+01	8.776235206254342041e+11
9.021600000000000000e+11	2.000000000000000000e+04	2.000000000000000000e+01	9.021600000000000000e+11	2.200000000000000000e+01	2.197442010601036860e-02	7.249893373109462039e-03	1.069106292075900581e-03	2.002329287245397660e-01	2.002329287245398248e+01	9.032106948906542969e+11
9.258860000000000000e+11	2.000000000000000000e+04	2.000000000000000000e+01	9.258860000000000000e+11	2.400000000000000000e+01	2.397369736202449586e-02	7.067249668684963577e-03	1.030518222652793570e-03	2.002194870143869099e-01	2.002194870143869210e+01	9.269020997690134277e+11
9.481000000000000000e+11	2.000000000000000000e+04	2.000000000000000000e+01	9.481000000000000000e+11	2.600000000000000000e+01	2.594981806978239464e-02	7.226616275910068173e-03	9.925767958612636156e-04	2.003871661642074309e-01	2.003871661642073931e+01	9.499353612014250488e+11
9.689960000000000000e+11	2.000000000000000000e+04	2.000000000000000000e+01	9.689960000000000000e+11	2.800000000000000000e+01	2.797524673689054039e-02	7.389506668748236154e-03	1.022316957375981120e-03	2.001769824195029079e-01	2.001769824195028846e+01	9.698534762828431396e+11
9.887260000000000000e+11	2.000000000000000000e+04	2.000000000000000000e+01	9.887260000000000000e+11	3.000000000000000000e+01	2.996483362013464130e-02	7.622535826882281991e-03	1.023723951152096792e-03	2.002347729093007511e-01	2.002347729093007800e+01	9.898866303976066895e+11
1.007416000000000000e+12	2.000000000000000000e+04	2.000000000000000000e+01	1.007416000000000000e+12	3.200000000000000000e+01	3.195632547873060447e-02	7.227768883158595600e-03	1.081922374971678626e-03	2.002734623928124624e-01	2.002734623928123980e+01	1.008793451949587524e+12
1.025172000000000000e+12	2.000000000000000000e+04	2.000000000000000000e+01	1.025172000000000000e+12	3.400000000000000000e+01	3.396151234962531407e-02	6.864725979320802744e-03	1.031800645175331380e-03	2.002267018469379156e-01	2.002267018469378712e+01	1.026334041929144897e+12
1.042086000000000000e+12	2.000000000000000000e+04	2.000000000000000000e+01	1.042086000000000000e+12	3.600000000000000000e+01	3.595215267726530051e-02	7.233007662079041396e-03	1.003673744204053265e-03	2.002662363762904296e-01	2.002662363762904718e+01	1.043473206002114990e+12
1.058234000000000000e+12	2.000000000000000000e+04	2.000000000000000000e+01	1.058234000000000000e+12	3.800000000000000000e+01	3.795630544191908734e-02	7.153809575076020347e-03	1.034862399236111292e-03	2.002304474404428269e-01	2.002304474404428092e+01	1.059453336583447876e+12
1.073682000000000000e+12	2.000000000000000000e+04	2.000000000000000000e+01	1.073682000000000000e+12	4.000000000000000000e+01	3.984644399600256043e-02	6.830770916029210715e-03	1.041832520053398697e-03	2.007749730330188886e-01	2.007749730330188953e+01	1.077842372980188843e+12
1.088488000000000000e+12	2.000000000000000000e+04	2.000000000000000000e+01	1.088488000000000000e+12	4.200000000000000000e+01	4.176966186091135569e-02	6.843952814153632033e-03	1.004126701562386677e-03	2.011092434987546973e-01	2.011092434987547151e+01	1.094524991187362671e+12
1.102700000000000000e+12	2.000000000000000000e+04	2.000000000000000000e+01	1.102700000000000000e+12	4.400000000000000000e+01	4.395772250144659721e-02	7.097091474248330527e-03	9.967175714655806314e-04	2.001924456001650809e-01	2.001924456001651009e+01	1.103761048816510254e+12
1.116366000000000000e+12	2.000000000000000000e+04	2.000000000000000000e+01	1.116366000000000000e+12	4.600000000000000000e+01	4.595467788498581313e-02	6.972982578269440110e-03	1.025104941698228283e-03	2.001974075733050085e-01	2.001974075733050284e+01	1.117467895514901123e+12
1.129522000000000000e+12	2.000000000000000000e+04	2.000000000000000000e+01	1.129522000000000000e+12	4.800000000000000000e+01	4.765776032387065986e-02	6.946475081426947348e-03	9.984591865692857802e-04	2.014571640012254861e-01	2.014571640012255216e+01	1.137751493984961182e+12
1.142206000000000000e+12	2.000000000000000000e+04	2.000000000000000000e+01	1.142206000000000000e+12	5.000000000000000000e+01	4.965789689678217628e-02	7.354820348629879934e-03	9.977580530149447128e-04	2.014000595189490705e-01	2.014000595189490994e+01	1.150201781914503906e+12
1.154446000000000000e+12	2.000000000000000000e+04	2.000000000000000000e+01	1.154446000000000000e+12	5.200000000000000000e+01	5.163530614161800092e-02	7.293787080947147783e-03	1.026011812371839353e-03	2.014428478064353989e-01	2.014428478064353811e+01	1.162774449393740479e+12
1.166272000000000000e+12	2.000000000000000000e+04	2.000000000000000000e+01	1.166272000000000000e+12	5.400000000000000000e+01	5.390234808124659549e-02	6.864622803748649145e-03	9.944151094049558104e-04	2.003626619580935464e-01	2.003626619580935397e+01	1.168386812435948486e+12
1.177710000000000000e+12	2.000000000000000000e+04	2.000000000000000000e+01	1.177710000000000000e+12	5.600000000000000000e+01	5.596462667711875338e-02	7.363175022813877972e-03	9.928842620072196069e-04	2.001264285388072994e-01	2.001264285388073105e+01	1.178454480772193848e+12
1.188782000000000000e+12	2.000000000000000000e+04	2.000000000000000000e+01	1.188782000000000000e+12	5.800000000000000000e+01	5.774491287611908941e-02	7.198580380849088807e-03	1.056431130021138424e-03	2.008901086512840384e-01	2.008901086512840450e+01	1.194072725713453613e+12
1.199508000000000000e+12	2.000000000000000000e+04	2.000000000000000000e+01	1.199508000000000000e+12	6.000000000000000000e+01	5.987688344519938310e-02	7.066499866502727600e-03	9.876601316628024190e-04	2.004115238304657320e-01	2.004115238304657254e+01	1.201976130634171387e+12
1.209908000000000000e+12	2.000000000000000000e+04	2.000000000000000000e+01	1.209908000000000000e+12	6.200000000000000000e+01	6.182379106487132653e-02	6.713291640375024412e-03	1.028495596589053696e-03	2.005702393460887800e-01	2.005702393460888189e+01	1.213357685733737793e+12
1.220000000000000000e+12	2.000000000000000000e+04	2.000000000000000000e+01	1.220000000000000000e+12	6.400000000000000000e+01	6.389841459761327891e-02	7.042014820780047313e-03	1.035292671436934854e-03	2.003182807183513658e-01	2.003182807183513248e+01	1.221941512381943115e+12
1.229800000000000000e+12	2.000000000000000000e+04	2.000000000000000000e+01	1.229800000000000000e+12	6.600000000000000000e+01	6.589731926563899278e-02	7.027658561033253704e-03	9.790331828308973701e-04	2.003118089733123830e-01	2.003118089733123242e+01	1.231717313376897949e+12
1.239322000000000000e+12	2.000000000000000000e+04	2.000000000000000000e+01	1.239322000000000000e+12	6.800000000000000000e+01	6.787157095231351189e-02	7.286810481701743933e-03	1.008233050140202192e-03	2.003786812471605727e-01	2.003786812471606282e+01	1.241668540002967773e+12
1.248578000000000000e+12	2.000000000000000000e+04	2.000000000000000000e+01	1.248578000000000000e+12	7.000000000000000000e+01	6.990273657735997237e-02	7.369141778059066887e-03	9.865694534885881186e-04	2.002783863703742617e-01	2.002783863703742639e+01	1.250315935487745850e+12
1.257584000000000000e+12	2.000000000000000000e+04	2.000000000000000000e+01	1.257584000000000000e+12	7.200000000000000000e+01	7.191995892010709379e-02	7.056192301594368596e-03	1.035125302357808516e-03	2.002226392469213800e-01	2.002226392469213678e+01	1.258983937773502197e+12
1.266348000000000000e+12	2.000000000000000000e+04	2.000000000000000000e+01	1.266348000000000000e+12	7.400000000000000000e+01	7.387029288006488614e-02	7.362674189867827665e-03	1.055119163381463936e-03	2.003519248320734525e-01	2.003519248320734292e+01	1.268576296536232910e+12
1.274884000000000000e+12	2.000000000000000000e+04	2.000000000000000000e+01	1.274884000000000000e+12	7.600000000000000000e+01	7.589121378530308548e-02	7.241017402650537678e-03	1.031542924040068946e-03	2.002867722716352716e-01	2.002867722716352361e+01	1.276712006903757324e+12
1.283200000000000000e+12	2.000000000000000000e+04	2.000000000000000000e+01	1.283200000000000000e+12	7.800000000000000000e+01	7.790278438175164688e-02	7.308364015428794880e-03	1.007719187858003695e-03	2.002496977418673774e-01	2.002496977418673652e+01	1.284802060711820801e+12
1.291306000000000000e+12	2.000000000000000000e+04	2.000000000000000000e+01	1.291306000000000000e+12	8.000000000000000000e+01	7.991391773861551695e-02	6.950771068008972271e-03	1.017278539817497492e-03	2.002155057153926498e-01	2.002155057153926165e+01	1.292697419116604248e+12
1.299212000000000000e+12	2.000000000000000000e+04	2.000000000000000000e+01	1.299212000000000000e+12	8.200000000000000000e+01	8.186578342646270989e-02	7.197997391268122318e-03	1.054312953298384200e-03	2.003281954815401833e-01	2.003281954815401633e+01	1.301343977539813477e+12
1.306924000000000000e+12	2.000000000000000000e+04	2.000000000000000000e+01	1.306924000000000000e+12	8.400000000000000000e+01	8.380198221629597821e-02	7.435716233703955694e-03	1.037417932990373007e-03	2.004728304373339098e-01	2.004728304373339043e+01	1.310013767232410645e+12
1.314450000000000000e+12	2.000000000000000000e+04	2.000000000000000000e+01	1.314450000000000000e+12	8.600000000000000000e+01	8.576526416928118013e-02	7.107119278653426138e-03	1.001779738145527508e-03	2.005497995588389482e-01	2.005497995588389770e+01	1.318063420150579590e+12
1.321798000000000000e+12	2.000000000000000000e+04	2.000000000000000000e+01	1.321798000000000000e+12	8.800000000000000000e+01	8.766288614566292159e-02	7.367593650642026773e-03	1.065497801413533945e-03	2.007709417244241679e-01	2.007709417244241124e+01	1.326893146147302002e+12
1.328976000000000000e+12	2.000000000000000000e+04	2.000000000000000000e+01	1.328976000000000000e+12	9.000000000000000000e+01	8.948704726573850077e-02	6.870681168029499179e-03	1.016313449732559162e-03	2.011571739888819987e-01	2.011571739888820076e+01	1.336665282295242432e+12
1.335988000000000000e+12	2.000000000000000000e+04	2.000000000000000000e+01	1.335988000000000000e+12	9.200000000000000000e+01	9.179540479629168248e-02	7.558870349583621251e-03	1.019351323668543944e-03	2.004464339740255896e-01	2.004464339740255951e+01	1.338970152160452637e+12
1.342840000000000000e+12	2.000000000000000000e+04	2.000000000000000000e+01	1.342840000000000000e+12	9.400000000000000000e+01	9.384878320472353486e-02	6.971373384843449102e-03	1.017469461988166918e-03	2.003224008012937651e-01	2.003224008012937674e+01	1.345004663460046387e+12
1.349540000000000000e+12	2.000000000000000000e+04	2.000000000000000000e+01	1.349540000000000000e+12	9.600000000000000000e+01	9.594444699740506399e-02	7.148158196171423666e-03	1.061032645912442837e-03	2.001158374579291299e-01	2.001158374579291177e+01	1.350321636414868408e+12
1.356090000000000000e+12	2.000000000000000000e+04	2.000000000000000000e+01	1.356090000000000000e+12	9.800000000000000000e+01	9.783467447177371379e-02	7.106373888548259306e-03	1.038070591478808301e-03	2.003382130588964860e-01	2.003382130588964927e+01	1.358383236735194580e+12
1.362500000000000000e+12	2.000000000000000000e+04	2.000000000000000000e+01	1.362500000000000000e+12	1.000000000000000000e+02	9.992446429809206943e-02	7.163355482459742019e-03	9.932701328586586269e-04	2.001512124441406082e-01	2.001512124441406115e+01	1.363530134775708008e+12
1.368770000000000000e+12	2.000000000000000000e+04	2.000000000000000000e+01	1.368770000000000000e+12	1.020000000000000000e+02	1.018781920426113236e-01	7.013062416011598028e-03	1.060157280591486183e-03	2.002394741922248755e-01	2.002394741922248755e+01	1.370408925450458496e+12
1.374906000000000000e+12	2.000000000000000000e+04	2.000000000000000000e+01	1.374906000000000000e+12	1.040000000000000000e+02	9.713009177479632605e-02	7.017758444339719341e-03	9.639357675889425681e-04	2.192074227621856330e-01	2.192074227621856153e+01	1.506948004001328125e+12
1.380912000000000000e+12	2.000000000000000000e+04	2.000000000000000000e+01	1.380912000000000000e+12	1.060000000000000000e+02	1.058965117585239507e-01	7.035118122826145015e-03	9.935280706460658529e-04	2.001955924391930208e-01	2.001955924391930353e+01	1.382262479731954590e+12
1.386794000000000000e+12	2.000000000000000000e+04	2.000000000000000000e+01	1.386794000000000000e+12	1.080000000000000000e+02	1.078896780213926820e-01	7.005348660625208834e-03	1.019266329115468394e-03	2.002046379931163023e-01	2.002046379931163500e+01	1.388212953705128906e+12
1.392554000000000000e+12	2.000000000000000000e+04	2.000000000000000000e+01	1.392554000000000000e+12	1.100000000000000000e+02	1.098812352396862507e-01	6.771188280354789764e-03	9.652597971037821722e-04	2.002162194838958131e-01	2.002162194838958342e+01	1.394059486535885254e+12
1.398198000000000000e+12	2.000000000000000000e+04	2.000000000000000000e+01	1.398198000000000000e+12	1.120000000000000000e+02	1.118791268762515667e-01	6.973072218915599488e-03	1.038251468517906563e-03	2.002162764171140363e-01	2.002162764171139742e+01	1.399709986269279785e+12
1.403726000000000000e+12	2.000000000000000000e+04	2.000000000000000000e+01	1.403726000000000000e+12	1.140000000000000000e+02	1.137941858075237206e-01	7.119703732034574246e-03	9.859788814535767800e-04	2.003620253360237913e-01	2.003620253360237768e+01	1.406266921884176514e+12
1.409144000000000000e+12	2.000000000000000000e+04	2.000000000000000000e+01	1.409144000000000000e+12	1.160000000000000000e+02	1.158779967716373066e-01	7.093650176233661300e-03	1.056145229230270269e-03	2.002106856461773887e-01	2.002106856461773532e+01	1.410628432070984863e+12
1.414454000000000000e+12	2.000000000000000000e+04	2.000000000000000000e+01	1.414454000000000000e+12	1.180000000000000000e+02	1.176037012478036575e-01	6.745266877423647389e-03	1.038186172140122005e-03	2.006781019581483361e-01	2.006781019581482894e+01	1.419249720135553467e+12
1.419660000000000000e+12	2.000000000000000000e+04	2.000000000000000000e+01	1.419660000000000000e+12	1.200000000000000000e+02	1.197863011570098057e-01	7.169350046162928196e-03	1.020942577268408799e-03	2.003570045662230736e-01	2.003570045662230825e+01	1.422194125512421387e+12
1.424764000000000000e+12	2.000000000000000000e+04	2.000000000000000000e+01	1.424764000000000000e+12	1.220000000000000000e+02	1.218437551735860325e-01	7.289834834592834323e-03	9.571483986804815366e-04	2.002564925748317459e-01	2.002564925748317393e+01	1.426591206934437988e+12
1.429768000000000000e+12	2.000000000000000000e+04	2.000000000000000000e+01	1.429768000000000000e+12	1.240000000000000000e+02	1.238448464724979103e-01	7.078802093665285955e-03	1.020146703812394636e-03	2.002505840014561778e-01	2.002505840014561755e+01	1.431559384932969971e+12
1.434678000000000000e+12	2.000000000000000000e+04	2.000000000000000000e+01	1.434678000000000000e+12	1.260000000000000000e+02	1.257373401472978158e-01	7.374835616320537732e-03	1.037658067874211573e-03	2.004181996220373296e-01	2.004181996220373208e+01	1.437677908986726074e+12
1.439494000000000000e+12	2.000000000000000000e+04	2.000000000000000000e+01	1.439494000000000000e+12	1.280000000000000000e+02	1.278773529632144246e-01	6.894198825625118439e-03	1.051233589113656887e-03	2.001918575938581024e-01	2.001918575938581668e+01	1.440874889276066162e+12
1.444218000000000000e+12	2.000000000000000000e+04	2.000000000000000000e+01	1.444218000000000000e+12	1.300000000000000000e+02	1.295713565314963456e-01	7.271791340571251427e-03	9.585216244954499745e-04	2.006644221343657220e-01	2.006644221343657009e+01	1.449015852030246826e+12
1.448854000000000000e+12	2.000000000000000000e+04	2.000000000000000000e+01	1.448854000000000000e+12	1.320000000000000000e+02	1.318652475279213920e-01	7.180822149870516938e-03	9.996388243582944762e-04	2.002044332862309428e-01	2.002044332862309517e+01	1.450334969922444336e+12
1.453404000000000000e+12	2.000000000000000000e+04	2.000000000000000000e+01	1.453404000000000000e+12	1.340000000000000000e+02	1.338318263636165129e-01	7.564247793916770504e-03	9.987799806072871975e-04	2.002514002565623785e-01	2.002514002565623485e+01	1.455230930692444092e+12
1.457870000000000000e+12	2.000000000000000000e+04	2.000000000000000000e+01	1.457870000000000000e+12	1.360000000000000000e+02	1.359092654856658700e-01	7.423901322234367772e-03	1.010086202076998247e-03	2.001335710377874777e-01	2.001335710377875188e+01	1.458843646044296387e+12
1.462254000000000000e+12	2.000000000000000000e+04	2.000000000000000000e+01	1.462254000000000000e+12	1.380000000000000000e+02	1.378204380351871761e-01	7.482596238280961147e-03	9.745212217805148541e-04	2.002606036976105064e-01	2.002606036976104775e+01	1.464159343996228516e+12
1.466558000000000000e+12	2.000000000000000000e+04	2.000000000000000000e+01	1.466558000000000000e+12	1.400000000000000000e+02	1.396262201484932963e-01	7.083589191860832288e-03	9.885629752940812941e-04	2.005356946768188653e-01	2.005356946768188564e+01	1.470486136569230713e+12
1.470782000000000000e+12	2.000000000000000000e+04	2.000000000000000000e+01	1.470782000000000000e+12	1.420000000000000000e+02	1.418198947741620974e-01	7.523837779615638773e-03	9.958130604216023068e-04	2.002541987457255312e-01	2.002541987457255601e+01	1.472651354698178711e+12
1.474932000000000000e+12	2.000000000000000000e+04	2.000000000000000000e+01	1.474932000000000000e+12	1.440000000000000000e+02	1.428891943199460113e-01	7.441778833214715561e-03	1.046045771254131961e-03	2.015786258355515836e-01	2.015786258355515770e+01	1.486573828804408691e+12
1.479006000000000000e+12	2.000000000000000000e+04	2.000000000000000000e+01	1.479006000000000000e+12	1.460000000000000000e+02	1.365575450667930735e-01	7.302761020462125545e-03	1.028226267301928995e-03	2.189564488930883235e-01	2.189564488930883357e+01	1.619189508257854980e+12
1.483008000000000000e+12	2.000000000000000000e+04	2.000000000000000000e+01	1.483008000000000000e+12	1.480000000000000000e+02	1.478085005863340462e-01	7.047065445959880929e-03	1.023509100182264098e-03	2.002591736399300937e-01	2.002591736399300615e+01	1.484929782907026855e+12
1.486938000000000000e+12	2.000000000000000000e+04	2.000000000000000000e+01	1.486938000000000000e+12	1.500000000000000000e+02	1.498622283400618538e-01	6.933365170104144673e-03	9.916440782795532712e-04	2.001839267047477444e-01	2.001839267047477477e+01	1.488305438032521240e+12
1.490800000000000000e+12	2.000000000000000000e+04	2.000000000000000000e+01	1.490800000000000000e+12	1.520000000000000000e+02	1.514126517225713453e-01	6.879366291088115024e-03	9.957933992554271387e-04	2.007770116128471949e-01	2.007770116128472537e+01	1.496591844562163086e+12
1.494594000000000000e+12	2.000000000000000000e+04	2.000000000000000000e+01	1.494594000000000000e+12	1.540000000000000000e+02	1.538619956701768321e-01	6.885854289182258281e-03	9.881458061144991062e-04	2.001794493832642075e-01	2.001794493832642274e+01	1.495935019857652100e+12
1.498320000000000000e+12	2.000000000000000000e+04	2.000000000000000000e+01	1.498320000000000000e+12	1.560000000000000000e+02	1.557133967641266270e-01	7.263612759449603051e-03	9.740273368620516303e-04	2.003682622833475313e-01	2.003682622833475691e+01	1.501078873721927002e+12
1.501982000000000000e+12	2.000000000000000000e+04	2.000000000000000000e+01	1.501982000000000000e+12	1.580000000000000000e+02	1.577181015247697271e-01	7.212012566352727153e-03	1.009776855282759752e-03	2.003577136720284813e-01	2.003577136720285168e+01	1.504668397482703613e+12
1.505582000000000000e+12	2.000000000000000000e+04	2.000000000000000000e+01	1.505582000000000000e+12	1.600000000000000000e+02	1.598525234089765990e-01	7.388951060058027501e-03	1.002410275228724163e-03	2.001845573114975352e-01	2.001845573114974997e+01	1.506971330830795410e+12
1.509118000000000000e+12	2.000000000000000000e+04	2.000000000000000000e+01	1.509118000000000000e+12	1.620000000000000000e+02	1.514989293193207132e-01	7.238166150190452827e-03	1.069777467031724329e-03	2.189999993970286885e-01	2.189999993970287306e+01	1.652484205450225586e+12
1.512594000000000000e+12	2.000000000000000000e+04	2.000000000000000000e+01	1.512594000000000000e+12	1.640000000000000000e+02	1.533797174605823210e-01	6.902250934786931420e-03	9.788985640118530278e-04	2.189737830450405320e-01	2.189737830450405198e+01	1.656092151956149902e+12
1.516008000000000000e+12	2.000000000000000000e+04	2.000000000000000000e+01	1.516008000000000000e+12	1.660000000000000000e+02	1.658456380160987509e-01	7.372217774618867667e-03	1.025182601883654378e-03	2.001861831905778766e-01	2.001861831905778999e+01	1.517419276031908203e+12
1.519366000000000000e+12	2.000000000000000000e+04	2.000000000000000000e+01	1.519366000000000000e+12	1.680000000000000000e+02	1.677922771652538558e-01	7.023683154428105035e-03	1.025127720477750836e-03	2.002476651651257933e-01	2.002476651651257811e+01	1.521247470156382324e+12
1.522666000000000000e+12	2.000000000000000000e+04	2.000000000000000000e+01	1.522666000000000000e+12	1.700000000000000000e+02	1.699163913274787663e-01	7.369921655596844805e-03	9.955486820731284086e-04	2.000984199296177712e-01	2.000984199296177479e+01	1.523415303402756592e+12
1.525912000000000000e+12	2.000000000000000000e+04	2.000000000000000000e+01	1.525912000000000000e+12	1.720000000000000000e+02	1.717045728436505658e-01	6.872898935030143271e-03	1.011196448169422377e-03	2.003441801846096715e-01	2.003441801846096482e+01	1.528537943369290527e+12
1.529100000000000000e+12	2.000000000000000000e+04	2.000000000000000000e+01	1.529100000000000000e+12	1.740000000000000000e+02	1.737060859267194335e-01	7.205449441743646058e-03	9.967512568727035938e-04	2.003385372196107572e-01	2.003385372196107639e+01	1.531688286312533691e+12
1.532236000000000000e+12	2.000000000000000000e+04	2.000000000000000000e+01	1.532236000000000000e+12	1.760000000000000000e+02	1.756846804266297135e-01	7.175192802692534344e-03	1.067218187743882492e-03	2.003600564498326797e-01	2.003600564498326975e+01	1.534994457272329346e+12
1.535318000000000000e+12	2.000000000000000000e+04	2.000000000000000000e+01	1.535318000000000000e+12	1.780000000000000000e+02	1.776827607917766672e-01	7.000112359605456698e-03	9.921932268526789406e-04	2.003576463755163406e-01	2.003576463755162962e+01	1.538063504589824707e+12
1.538350000000000000e+12	2.000000000000000000e+04	2.000000000000000000e+01	1.538350000000000000e+12	1.800000000000000000e+02	1.796487165135840780e-01	7.089140766001929272e-03	9.906260217880410827e-04	2.003913123381274863e-01	2.003913123381274630e+01	1.541359876676791748e+12
1.541330000000000000e+12	2.000000000000000000e+04	2.000000000000000000e+01	1.541330000000000000e+12	1.820000000000000000e+02	1.701633483848452588e-01	6.895260562488324425e-03	1.035174654068305843e-03	2.190219686235065077e-01	2.190219686235065311e+01	1.687925654492346436e+12
1.544262000000000000e+12	2.000000000000000000e+04	2.000000000000000000e+01	1.544262000000000000e+12	1.840000000000000000e+02	1.836030929595108274e-01	7.089487063341055710e-03	1.061595782520225731e-03	2.004326645159467124e-01	2.004326645159466835e+01	1.547602736853624512e+12
1.547142000000000000e+12	2.000000000000000000e+04	2.000000000000000000e+01	1.547142000000000000e+12	1.860000000000000000e+02	1.853783093312267594e-01	7.113179096868047294e-03	1.002134955809682714e-03	2.006732558755176254e-01	2.006732558755176399e+01	1.552350112208800293e+12
1.549976000000000000e+12	2.000000000000000000e+04	2.000000000000000000e+01	1.549976000000000000e+12	1.880000000000000000e+02	1.876765302143758307e-01	6.964352693972847112e-03	9.942212170415004342e-04	2.003449134307802582e-01	2.003449134307802026e+01	1.552649037698935059e+12
1.552764000000000000e+12	2.000000000000000000e+04	2.000000000000000000e+01	1.552764000000000000e+12	1.900000000000000000e+02	1.889319735989465898e-01	7.100414086875274540e-03	9.632568130702300752e-04	2.011412402125612453e-01	2.011412402125612431e+01	1.561624383587087402e+12
1.555504000000000000e+12	2.000000000000000000e+04	2.000000000000000000e+01	1.555504000000000000e+12	1.920000000000000000e+02	1.917340670511885059e-01	7.045533717900433202e-03	9.809236429696467901e-04	2.002775469098495020e-01	2.002775469098494909e+01	1.557662626642292480e+12
1.558198000000000000e+12	2.000000000000000000e+04	2.000000000000000000e+01	1.558198000000000000e+12	1.940000000000000000e+02	1.933248432851496501e-01	7.366852180591734398e-03	1.005007426511306994e-03	2.007024389376185491e-01	2.007024389376185525e+01	1.563670694738596924e+12
1.560850000000000000e+12	2.000000000000000000e+04	2.000000000000000000e+01	1.560850000000000000e+12	1.960000000000000000e+02	1.956271108951477822e-01	7.464620071154679307e-03	9.917716510356329711e-04	2.003817220443314950e-01	2.003817220443314895e+01	1.563829054264474365e+12
1.563456000000000000e+12	2.000000000000000000e+04	2.000000000000000000e+01	1.563456000000000000e+12	1.980000000000000000e+02	1.977836955181646872e-01	7.026062801159077900e-03	1.041573100399681689e-03	2.002187706058801420e-01	2.002187706058801453e+01	1.565166191081934814e+12
1.566020000000000000e+12	2.000000000000000000e+04	2.000000000000000000e+01	1.566020000000000000e+12	2.000000000000000000e+02	1.998043117955603520e-01	6.932533734368065761e-03	1.022236467206308732e-03	2.001959363597519415e-01	2.001959363597519115e+01	1.567554201290493408e+12
1.568542000000000000e+12	2.000000000000000000e+04	2.000000000000000000e+01	1.568542000000000000e+12	2.020000000000000000e+02	2.017177528971115241e-01	6.916793636052518020e-03	1.018027843241909799e-03	2.002802387725874100e-01	2.002802387725873956e+01	1.570739831424158691e+12
1.571022000000000000e+12	2.000000000000000000e+04	2.000000000000000000e+01	1.571022000000000000e+12	2.040000000000000000e+02	2.036854956768865965e-01	7.101247342538231921e-03	9.692735881476228230e-04	2.003089821807829407e-01	2.003089821807829551e+01	1.573449089018089600e+12
1.573460000000000000e+12	2.000000000000000000e+04	2.000000000000000000e+01	1.573460000000000000e+12	2.060000000000000000e+02	2.043755585358758287e-01	7.157502884266139960e-03	9.673295466810855536e-04	2.016029544145005181e-01	2.016029544145005303e+01	1.586070923265199707e+12
1.575860000000000000e+12	2.000000000000000000e+04	2.000000000000000000e+01	1.575860000000000000e+12	2.080000000000000000e+02	2.076372235537110034e-01	7.338495000382092362e-03	1.011862432940293516e-03	2.003496096714593444e-01	2.003496096714593122e+01	1.578614679484329346e+12
1.578218000000000000e+12	2.000000000000000000e+04	2.000000000000000000e+01	1.578218000000000000e+12	2.100000000000000000e+02	2.097368830503637815e-01	7.258521957496185187e-03	1.045202498967673669e-03	2.002510409224082244e-01	2.002510409224082011e+01	1.580198986512406250e+12
1.580540000000000000e+12	2.000000000000000000e+04	2.000000000000000000e+01	1.580540000000000000e+12	2.120000000000000000e+02	2.115847278324053948e-01	7.103778544679051690e-03	1.033504647638679641e-03	2.003934684371375674e-01	2.003934684371375852e+01	1.583649463018166748e+12
1.582822000000000000e+12	2.000000000000000000e+04	2.000000000000000000e+01	1.582822000000000000e+12	2.140000000000000000e+02	2.138088360318943226e-01	7.144766131479999074e-03	9.681438930112509691e-04	2.001788994394883281e-01	2.001788994394882693e+01	1.584237829843048340e+12
1.585066000000000000e+12	2.000000000000000000e+04	2.000000000000000000e+01	1.585066000000000000e+12	2.160000000000000000e+02	2.149883546314504401e-01	7.205193126504931891e-03	9.974438105321726134e-04	2.009458241292969016e-01	2.009458241292968950e+01	1.592561968346641113e+12
1.587276000000000000e+12	2.000000000000000000e+04	2.000000000000000000e+01	1.587276000000000000e+12	2.180000000000000000e+02	2.175736840716126497e-01	7.058641590519477982e-03	9.780359943840331600e-04	2.003923330375742273e-01	2.003923330375742395e+01	1.590389704072743652e+12
1.589446000000000000e+12	2.000000000000000000e+04	2.000000000000000000e+01	1.589446000000000000e+12	2.200000000000000000e+02	2.192699994699614796e-01	7.115891759909877268e-03	9.797741842291296608e-04	2.006694598528810103e-01	2.006694598528810403e+01	1.594766351426611572e+12
1.591582000000000000e+12	2.000000000000000000e+04	2.000000000000000000e+01	1.591582000000000000e+12	2.220000000000000000e+02	2.207379787205991373e-01	6.965603986236486474e-03	1.021173339492342444e-03	2.011622234489768568e-01	2.011622234489768601e+01	1.600830869606847412e+12
1.593684000000000000e+12	2.000000000000000000e+04	2.000000000000000000e+01	1.593684000000000000e+12	2.240000000000000000e+02	2.235788831722584358e-01	7.414358228164415546e-03	9.704146676631624511e-04	2.003772720735218227e-01	2.003772720735218371e+01	1.596690262336092773e+12
1.595750000000000000e+12	2.000000000000000000e+04	2.000000000000000000e+01	1.595750000000000000e+12	2.260000000000000000e+02	2.255513478587454212e-01	7.537394751678731623e-03	1.003607589402180384e-03	2.003979260533470530e-01	2.003979260533470352e+01	1.598924952498142822e+12
1.597782000000000000e+12	2.000000000000000000e+04	2.000000000000000000e+01	1.597782000000000000e+12	2.280000000000000000e+02	2.276904821559583014e-01	7.017188203744455059e-03	1.033664700215924850e-03	2.002719460193140288e-01	2.002719460193140932e+01	1.599954552273158447e+12
1.599780000000000000e+12	2.000000000000000000e+04	2.000000000000000000e+01	1.599780000000000000e+12	2.300000000000000000e+02	2.294575915606765215e-01	7.201072662663972508e-03	9.933354577207908782e-04	2.004735898756247747e-01	2.004735898756247892e+01	1.603568198056135010e+12
1.601746000000000000e+12	2.000000000000000000e+04	2.000000000000000000e+01	1.601746000000000000e+12	2.320000000000000000e+02	2.314072362668957994e-01	6.943097192816288614e-03	9.918808570493289640e-04	2.005134942152503874e-01	2.005134942152503896e+01	1.605858436526502197e+12
1.603678000000000000e+12	2.000000000000000000e+04	2.000000000000000000e+01	1.603678000000000000e+12	2.340000000000000000e+02	2.337544011359659613e-01	7.162175352828814567e-03	1.040902699643769585e-03	2.002102328007913656e-01	2.002102328007913101e+01	1.605363728587537109e+12
1.605578000000000000e+12	2.000000000000000000e+04	2.000000000000000000e+01	1.605578000000000000e+12	2.360000000000000000e+02	2.347291356075493218e-01	7.200288526718434494e-03	9.962435436869283324e-04	2.011006604614876403e-01	2.011006604614876636e+01	1.614413981112171875e+12
1.607448000000000000e+12	2.000000000000000000e+04	2.000000000000000000e+01	1.607448000000000000e+12	2.380000000000000000e+02	2.377500994203091689e-01	7.135664630363791443e-03	1.081835781947969007e-03	2.002102704446531989e-01	2.002102704446532044e+01	1.609137994028584473e+12
1.609286000000000000e+12	2.000000000000000000e+04	2.000000000000000000e+01	1.609286000000000000e+12	2.400000000000000000e+02	2.397844882511162845e-01	6.947763177632767032e-03	1.004629868344501711e-03	2.001800184457283027e-01	2.001800184457282938e+01	1.610734505822261475e+12
1.611092000000000000e+12	2.000000000000000000e+04	2.000000000000000000e+01	1.611092000000000000e+12	2.420000000000000000e+02	2.412332962146956361e-01	7.271972412706199755e-03	1.062783810489840042e-03	2.006362324004082320e-01	2.006362324004081898e+01	1.616217144652192627e+12
1.612870000000000000e+12	2.000000000000000000e+04	2.000000000000000000e+01	1.612870000000000000e+12	2.440000000000000000e+02	2.435617294084386208e-01	7.191382833267996773e-03	9.859795228855244842e-04	2.003600365863759392e-01	2.003600365863759691e+01	1.615773461045340576e+12
1.614618000000000000e+12	2.000000000000000000e+04	2.000000000000000000e+01	1.614618000000000000e+12	2.460000000000000000e+02	2.449442470597659738e-01	7.532191302818835692e-03	1.044209454242444376e-03	2.008675520197862330e-01	2.008675520197862241e+01	1.621621825535415527e+12
1.616336000000000000e+12	2.000000000000000000e+04	2.000000000000000000e+01	1.616336000000000000e+12	2.480000000000000000e+02	2.477568079453340011e-01	6.837713014116023058e-03	1.000686599323120842e-03	2.001963491947520435e-01	2.001963491947520524e+01	1.617922831360244141e+12
1.618024000000000000e+12	2.000000000000000000e+04	2.000000000000000000e+01	1.618024000000000000e+12	2.500000000000000000e+02	2.486479356728432122e-01	7.085978241149400517e-03	1.009288580534846002e-03	2.011046626329858478e-01	2.011046626329858356e+01	1.626960853260371582e+12
1.619684000000000000e+12	2.000000000000000000e+04	2.000000000000000000e+01	1.619684000000000000e+12	2.520000000000000000e+02	2.515274832875639133e-01	7.223001881484969813e-03	1.007292868004623166e-03	2.003762873383930498e-01	2.003762873383930554e+01	1.622731332906988770e+12
1.621318000000000000e+12	2.000000000000000000e+04	2.000000000000000000e+01	1.621318000000000000e+12	2.540000000000000000e+02	2.537176483838265995e-01	7.124233559635362138e-03	1.008851872965514174e-03	2.002225875689897516e-01	2.002225875689897450e+01	1.623122426160896484e+12
1.622922000000000000e+12	2.000000000000000000e+04	2.000000000000000000e+01	1.622922000000000000e+12	2.560000000000000000e+02	2.556300162456500713e-01	6.971370572102548666e-03	1.029336761527756706e-03	2.002896917131608279e-01	2.002896917131608490e+01	1.625272735272531738e+12
1.624500000000000000e+12	2.000000000000000000e+04	2.000000000000000000e+01	1.624500000000000000e+12	2.580000000000000000e+02	2.576407461848794211e-01	7.012991467955069329e-03	9.896112969497012062e-04	2.002789858670346868e-01	2.002789858670346490e+01	1.626766062704989014e+12
1.626050000000000000e+12	2.000000000000000000e+04	2.000000000000000000e+01	1.626050000000000000e+12	2.600000000000000000e+02	2.595646053566997291e-01	7.270049228652033721e-03	9.938684536514520891e-04	2.003357429436743442e-01	2.003357429436743331e+01	1.628779674067808350e+12
1.627574000000000000e+12	2.000000000000000000e+04	2.000000000000000000e+01	1.627574000000000000e+12	2.620000000000000000e+02	2.616869892912291329e-01	7.020372967610108775e-03	9.995511539870262537e-04	2.002394758086560311e-01	2.002394758086560245e+01	1.629522822998987549e+12
1.629072000000000000e+12	2.000000000000000000e+04	2.000000000000000000e+01	1.629072000000000000e+12	2.640000000000000000e+02	2.635463919078301909e-01	7.074716857770854336e-03	1.064459298686550775e-03	2.003443822822744413e-01	2.003443822822744735e+01	1.631877117666747314e+12
1.630544000000000000e+12	2.000000000000000000e+04	2.000000000000000000e+01	1.630544000000000000e+12	2.660000000000000000e+02	2.653594343054374027e-01	7.240280137056005413e-03	9.667170824505197943e-04	2.004832248852532750e-01	2.004832248852532572e+01	1.634483597186502197e+12
1.631990000000000000e+12	2.000000000000000000e+04	2.000000000000000000e+01	1.631990000000000000e+12	2.680000000000000000e+02	2.674218911256775466e-01	7.107862025769009703e-03	1.000863863762053475e-03	2.004329525504273124e-01	2.004329525504273235e+01	1.635522871163859375e+12
1.633410000000000000e+12	2.000000000000000000e+04	2.000000000000000000e+01	1.633410000000000000e+12	2.700000000000000000e+02	2.693427016314217104e-01	7.027211645777202767e-03	1.033165394610421114e-03	2.004887075319646550e-01	2.004887075319647138e+01	1.637401298848932129e+12
1.634808000000000000e+12	2.000000000000000000e+04	2.000000000000000000e+01	1.634808000000000000e+12	2.720000000000000000e+02	2.705441680841795260e-01	7.231302548799478300e-03	1.050456431568001130e-03	2.010812646561790928e-01	2.010812646561790729e+01	1.643646300550193848e+12
1.636180000000000000e+12	2.000000000000000000e+04	2.000000000000000000e+01	1.636180000000000000e+12	2.740000000000000000e+02	2.737186550868318524e-01	7.370347677568125921e-03	1.015818717587264929e-03	2.002055879291648743e-01	2.002055879291648566e+01	1.637861894289704590e+12
1.637526000000000000e+12	2.000000000000000000e+04	2.000000000000000000e+01	1.637526000000000000e+12	2.760000000000000000e+02	2.738598170841396451e-01	7.236494132341027459e-03	1.030585821337334828e-03	2.015828036731196760e-01	2.015828036731196704e+01	1.650485410838145020e+12
1.638850000000000000e+12	2.000000000000000000e+04	2.000000000000000000e+01	1.638850000000000000e+12	2.780000000000000000e+02	2.595329194583378962e-01	7.022163309288345472e-03	9.879829101247736018e-04	2.193002677425497926e-01	2.193002677425497993e+01	1.797001218949388672e+12
1.640150000000000000e+12	2.000000000000000000e+04	2.000000000000000000e+01	1.640150000000000000e+12	2.800000000000000000e+02	2.796609061593426371e-01	7.056178212503849342e-03	9.990468631265975001e-04	2.002426302273740133e-01	2.002426302273740433e+01	1.642139749837137451e+12
1.641428000000000000e+12	2.000000000000000000e+04	2.000000000000000000e+01	1.641428000000000000e+12	2.820000000000000000e+02	2.812482569824806267e-01	7.008679269144011195e-03	1.025056321328550023e-03	2.005371183741138930e-01	2.005371183741139163e+01	1.645836205692925049e+12
1.642682000000000000e+12	2.000000000000000000e+04	2.000000000000000000e+01	1.642682000000000000e+12	2.840000000000000000e+02	2.834692819441170242e-01	7.190144473910383034e-03	1.005337163998598583e-03	2.003754093110934331e-01	2.003754093110934775e+01	1.645765390589828125e+12
1.643914000000000000e+12	2.000000000000000000e+04	2.000000000000000000e+01	1.643914000000000000e+12	2.860000000000000000e+02	2.842835006500626926e-01	7.116714289427075735e-03	1.035794753746985654e-03	2.012189558447912141e-01	2.012189558447911963e+01	1.653933292893170654e+12
1.645122000000000000e+12	2.000000000000000000e+04	2.000000000000000000e+01	1.645122000000000000e+12	2.880000000000000000e+02	2.871344346339538278e-01	7.340508613193649431e-03	9.818320587389041225e-04	2.006034862280194342e-01	2.006034862280194275e+01	1.650086042352058838e+12
1.646310000000000000e+12	2.000000000000000000e+04	2.000000000000000000e+01	1.646310000000000000e+12	2.900000000000000000e+02	2.895277239475672060e-01	6.973687806695797950e-03	1.035947812575072936e-03	2.003267784124639905e-01	2.003267784124640016e+01	1.648999892841118164e+12
1.647474000000000000e+12	2.000000000000000000e+04	2.000000000000000000e+01	1.647474000000000000e+12	2.920000000000000000e+02	2.726677572133881511e-01	7.324885581207879297e-03	9.756943209751434230e-04	2.193050314335313611e-01	2.193050314335313544e+01	1.806496686779628418e+12
1.648618000000000000e+12	2.000000000000000000e+04	2.000000000000000000e+01	1.648618000000000000e+12	2.940000000000000000e+02	2.930998400605039911e-01	7.587500079541027904e-03	1.018825126136957762e-03	2.006149459209697616e-01	2.006149459209697383e+01	1.653687054571686523e+12
1.649740000000000000e+12	2.000000000000000000e+04	2.000000000000000000e+01	1.649740000000000000e+12	2.960000000000000000e+02	2.952621991908290222e-01	7.051995394901149246e-03	1.007520875941090525e-03	2.005010133902049296e-01	2.005010133902048963e+01	1.653872709151783203e+12
1.650842000000000000e+12	2.000000000000000000e+04	2.000000000000000000e+01	1.650842000000000000e+12	2.980000000000000000e+02	2.973097204721852904e-01	7.245788561848612308e-03	1.047314173823561158e-03	2.004650417899493942e-01	2.004650417899494030e+01	1.654680552593018066e+12
1.651922000000000000e+12	2.000000000000000000e+04	2.000000000000000000e+01	1.651922000000000000e+12	3.000000000000000000e+02	2.995773747616931049e-01	7.181698914294569122e-03	1.014183595421024216e-03	2.002823170209612480e-01	2.002823170209612869e+01	1.654253828489501953e+12
1.652982000000000000e+12	2.000000000000000000e+04	2.000000000000000000e+01	1.652982000000000000e+12	3.020000000000000000e+02	3.015715676420950286e-01	7.240604805882591873e-03	1.021889476583921416e-03	2.002841446791362168e-01	2.002841446791362046e+01	1.655330430200039551e+12
1.654022000000000000e+12	2.000000000000000000e+04	2.000000000000000000e+01	1.654022000000000000e+12	3.040000000000000000e+02	3.026479550899421334e-01	7.226406438075927419e-03	1.041427164870705130e-03	2.008976568471117496e-01	2.008976568471117474e+01	1.661445720867867188e+12
1.655042000000000000e+12	2.000000000000000000e+04	2.000000000000000000e+01	1.655042000000000000e+12	3.060000000000000000e+02	3.052560640745377585e-01	7.512560156042143340e-03	1.012623475142443875e-03	2.004880855373838422e-01	2.004880855373838600e+01	1.659081010319814453e+12
1.656042000000000000e+12	2.000000000000000000e+04	2.000000000000000000e+01	1.656042000000000000e+12	3.080000000000000000e+02	3.069654955558872023e-01	7.105643035330337642e-03	1.022751819489740952e-03	2.006762004382398046e-01	2.006762004382398601e+01	1.661641081630717773e+12
1.657022000000000000e+12	2.000000000000000000e+04	2.000000000000000000e+01	1.657022000000000000e+12	3.100000000000000000e+02	3.094641651837901075e-01	7.321436163086223088e-03	9.553300918999498926e-04	2.003463906169508646e-01	2.003463906169509201e+01	1.659891884364406250e+12
1.657984000000000000e+12	2.000000000000000000e+04	2.000000000000000000e+01	1.657984000000000000e+12	3.120000000000000000e+02	3.116998975910337255e-01	6.958814140674547330e-03	1.011894051516425185e-03	2.001925821200766786e-01	2.001925821200767075e+01	1.659580490368866211e+12
1.658926000000000000e+12	2.000000000000000000e+04	2.000000000000000000e+01	1.658926000000000000e+12	3.140000000000000000e+02	3.132550061374513861e-01	7.168996984449002748e-03	1.000099874176494166e-03	2.004767078645978418e-01	2.004767078645978273e+01	1.662880115354929199e+12
1.659850000000000000e+12	2.000000000000000000e+04	2.000000000000000000e+01	1.659850000000000000e+12	3.160000000000000000e+02	3.156204352692930093e-01	7.141725167744980909e-03	1.037745917967559679e-03	2.002405667271018874e-01	2.002405667271019141e+01	1.661846523409900391e+12
1.660754000000000000e+12	2.000000000000000000e+04	2.000000000000000000e+01	1.660754000000000000e+12	3.180000000000000000e+02	3.175818567311489149e-01	6.808341627400345090e-03	1.055882440948005280e-03	2.002634530534047053e-01	2.002634530534047030e+01	1.662941653561270264e+12
1.661640000000000000e+12	2.000000000000000000e+04	2.000000000000000000e+01	1.661640000000000000e+12	3.200000000000000000e+02	3.174334326733969647e-01	7.490528216361136242e-03	9.916175311383292577e-04	2.016561843052716296e-01	2.016561843052716441e+01	1.675399910445057861e+12
1.662510000000000000e+12	2.000000000000000000e+04	2.000000000000000000e+01	1.662510000000000000e+12	3.220000000000000000e+02	3.217389337434724550e-01	7.090661645923032781e-03	1.070395861531083263e-03	2.001622885364950089e-01	2.001622885364950122e+01	1.663859031574041260e+12
1.663360000000000000e+12	2.000000000000000000e+04	2.000000000000000000e+01	1.663360000000000000e+12	3.240000000000000000e+02	3.235724118890084267e-01	7.101547513565077338e-03	1.013077848244065948e-03	2.002647065737810372e-01	2.002647065737810550e+01	1.665561511632822510e+12
1.664192000000000000e+12	2.000000000000000000e+04	2.000000000000000000e+01	1.664192000000000000e+12	3.260000000000000000e+02	3.256987284313891395e-01	7.451741170275830335e-03	1.003999868433061134e-03	2.001850507265169610e-01	2.001850507265169909e+01	1.665731799693318359e+12
1.665006000000000000e+12	2.000000000000000000e+04	2.000000000000000000e+01	1.665006000000000000e+12	3.280000000000000000e+02	3.275264915957905032e-01	7.063865517239535825e-03	1.029266170601682122e-03	2.002892511081542648e-01	2.002892511081542537e+01	1.667414024152917480e+12
1.665804000000000000e+12	2.000000000000000000e+04	2.000000000000000000e+01	1.665804000000000000e+12	3.300000000000000000e+02	3.293745251842847277e-01	7.459108014540727014e-03	1.001444260751671979e-03	2.003800477975968275e-01	2.003800477975968164e+01	1.668969425707139648e+12
1.666584000000000000e+12	2.000000000000000000e+04	2.000000000000000000e+01	1.666584000000000000e+12	3.320000000000000000e+02	3.315435680982591338e-01	7.144981574048921147e-03	9.991263712737226237e-04	2.002757202089676392e-01	2.002757202089676269e+01	1.668881554443710938e+12
1.667348000000000000e+12	2.000000000000000000e+04	2.000000000000000000e+01	1.667348000000000000e+12	3.340000000000000000e+02	3.332655240382246253e-01	7.253017231799540991e-03	9.972868551750171777e-04	2.004419183104780566e-01	2.004419183104780444e+01	1.671032158055694824e+12
1.668094000000000000e+12	2.000000000000000000e+04	2.000000000000000000e+01	1.668094000000000000e+12	3.360000000000000000e+02	3.351694343901817641e-01	6.902605171977127876e-03	1.019226813004618735e-03	2.004968050371172816e-01	2.004968050371173049e+01	1.672237587507925537e+12
1.668824000000000000e+12	2.000000000000000000e+04	2.000000000000000000e+01	1.668824000000000000e+12	3.380000000000000000e+02	3.377652658989427348e-01	7.394901124180527571e-03	1.037240344502676857e-03	2.001389954397853610e-01	2.001389954397853543e+01	1.669983794629021973e+12
1.669538000000000000e+12	2.000000000000000000e+04	2.000000000000000000e+01	1.669538000000000000e+12	3.400000000000000000e+02	3.395521852527599860e-01	7.050428878814236737e-03	1.003514884711212548e-03	2.002638478681103285e-01	2.002638478681102896e+01	1.671740520210145996e+12
1.670236000000000000e+12	2.000000000000000000e+04	2.000000000000000000e+01	1.670236000000000000e+12	3.420000000000000000e+02	3.414948203461699583e-01	7.139975514005187165e-03	1.008573062558031693e-03	2.002961158761012717e-01	2.002961158761012683e+01	1.672708916982179199e+12
1.670916000000000000e+12	2.000000000000000000e+04	2.000000000000000000e+01	1.670916000000000000e+12	3.440000000000000000e+02	3.430054252944683135e-01	6.913284506474375035e-03	9.850530997620352783e-04	2.005814158047999896e-01	2.005814158047999740e+01	1.675773484854466064e+12
1.671582000000000000e+12	2.000000000000000000e+04	2.000000000000000000e+01	1.671582000000000000e+12	3.460000000000000000e+02	3.453524982897669959e-01	7.151864516618322738e-03	9.818511285819956930e-04	2.003755498627955711e-01	2.003755498627955944e+01	1.674720811953757812e+12
1.672232000000000000e+12	2.000000000000000000e+04	2.000000000000000000e+01	1.672232000000000000e+12	3.480000000000000000e+02	3.471788405547340806e-01	6.765401088981282292e-03	1.045728892097340769e-03	2.004737554180315295e-01	2.004737554180315229e+01	1.676193144851028564e+12
1.672866000000000000e+12	2.000000000000000000e+04	2.000000000000000000e+01	1.672866000000000000e+12	3.500000000000000000e+02	3.482292287529434871e-01	7.128654610123436042e-03	1.032835023915481317e-03	2.010273664003063288e-01	2.010273664003063487e+01	1.681459231603074463e+12
1.673486000000000000e+12	2.000000000000000000e+04	2.000000000000000000e+01	1.673486000000000000e+12	3.520000000000000000e+02	3.508814355906543225e-01	7.296364399814746042e-03	9.984085016953125717e-04	2.006402255627373621e-01	2.006402255627373776e+01	1.678843042580415527e+12
1.674088000000000000e+12	2.000000000000000000e+04	2.000000000000000000e+01	1.674088000000000000e+12	3.540000000000000000e+02	3.531208375663573151e-01	6.970887316327880820e-03	1.058914588838016316e-03	2.004986738778494204e-01	2.004986738778494271e+01	1.678262119774105957e+12
1.674678000000000000e+12	2.000000000000000000e+04	2.000000000000000000e+01	1.674678000000000000e+12	3.560000000000000000e+02	3.555811362182430546e-01	6.971895543173642004e-03	9.932240603364647907e-04	2.002356553049711163e-01	2.002356553049711252e+01	1.676651233774092285e+12
1.675252000000000000e+12	2.000000000000000000e+04	2.000000000000000000e+01	1.675252000000000000e+12	3.580000000000000000e+02	3.571805240768844980e-01	7.151851667879897956e-03	9.992731270471787251e-04	2.004601667909274298e-01	2.004601667909273743e+01	1.679106476684173828e+12
1.675810000000000000e+12	2.000000000000000000e+04	2.000000000000000000e+01	1.675810000000000000e+12	3.600000000000000000e+02	3.595791518563783429e-01	6.919709468958775908e-03	9.928482321918546700e-04	2.002342924377574218e-01	2.002342924377574107e+01	1.677773148050591309e+12
1.676354000000000000e+12	2.000000000000000000e+04	2.000000000000000000e+01	1.676354000000000000e+12	3.620000000000000000e+02	3.614802392375259243e-01	7.113265295737703116e-03	9.662612016392839887e-04	2.002879003064744201e-01	2.002879003064743912e+01	1.678767114151798096e+12
1.676884000000000000e+12	2.000000000000000000e+04	2.000000000000000000e+01	1.676884000000000000e+12	3.640000000000000000e+02	3.632326673009538265e-01	7.102070684100600211e-03	9.940991824853343765e-04	2.004227326558314926e-01	2.004227326558314815e+01	1.680428368134206299e+12
1.677400000000000000e+12	2.000000000000000000e+04	2.000000000000000000e+01	1.677400000000000000e+12	3.660000000000000000e+02	3.654153148954628616e-01	7.374760611194494490e-03	9.883229879651253200e-04	2.003201978014930995e-01	2.003201978014931228e+01	1.680085498961122803e+12
1.677902000000000000e+12	2.000000000000000000e+04	2.000000000000000000e+01	1.677902000000000000e+12	3.680000000000000000e+02	3.663915751864078585e-01	7.335615085846269520e-03	9.533514466035003434e-04	2.008856385174593306e-01	2.008856385174593129e+01	1.685332073198609863e+12
1.678390000000000000e+12	2.000000000000000000e+04	2.000000000000000000e+01	1.678390000000000000e+12	3.700000000000000000e+02	3.695828820640599810e-01	7.236254967103823363e-03	1.007685933906891408e-03	2.002258377304303172e-01	2.002258377304302783e+01	1.680285218941884277e+12
1.678864000000000000e+12	2.000000000000000000e+04	2.000000000000000000e+01	1.678864000000000000e+12	3.720000000000000000e+02	3.716650425902753296e-01	7.603784403365272324e-03	1.011157265523780855e-03	2.001802717275617538e-01	2.001802717275617738e+01	1.680377258568106201e+12
1.679324000000000000e+12	2.000000000000000000e+04	2.000000000000000000e+01	1.679324000000000000e+12	3.740000000000000000e+02	3.733414169838397134e-01	6.854144733195839494e-03	1.036358197004335398e-03	2.003529209941630196e-01	2.003529209941630640e+01	1.682287343478009277e+12
1.679770000000000000e+12	2.000000000000000000e+04	2.000000000000000000e+01	1.679770000000000000e+12	3.760000000000000000e+02	3.752510188467567676e-01	7.186321044573393442e-03	1.024922805409220596e-03	2.003997138411423573e-01	2.003997138411423862e+01	1.683127136594678467e+12
1.680204000000000000e+12	2.000000000000000000e+04	2.000000000000000000e+01	1.680204000000000000e+12	3.780000000000000000e+02	3.766279199507698849e-01	7.013531784824958426e-03	1.016040923951891297e-03	2.007334486172306920e-01	2.007334486172307564e+01	1.686365716502327637e+12
1.680624000000000000e+12	2.000000000000000000e+04	2.000000000000000000e+01	1.680624000000000000e+12	3.800000000000000000e+02	3.798235942812061561e-01	7.339135019818969485e-03	1.018820230107644453e-03	2.000929037308313563e-01	2.000929037308313596e+01	1.681404681198623779e+12
1.681032000000000000e+12	2.000000000000000000e+04	2.000000000000000000e+01	1.681032000000000000e+12	3.820000000000000000e+02	3.817613989206983804e-01	7.105615807839885285e-03	9.974453219931725921e-04	2.001250150295345587e-01	2.001250150295345165e+01	1.682082771325642578e+12
1.681426000000000000e+12	2.000000000000000000e+04	2.000000000000000000e+01	1.681426000000000000e+12	3.840000000000000000e+02	3.828202172081273669e-01	6.891406346394808764e-03	1.021636880114964226e-03	2.006170882502870401e-01	2.006170882502870256e+01	1.686613941141635254e+12
1.681806000000000000e+12	2.000000000000000000e+04	2.000000000000000000e+01	1.681806000000000000e+12	3.860000000000000000e+02	3.856710124143865048e-01	7.012901581189512519e-03	1.014709251577793460e-03	2.001706244097178344e-01	2.001706244097178455e+01	1.683240785780049561e+12
1.682174000000000000e+12	2.000000000000000000e+04	2.000000000000000000e+01	1.682174000000000000e+12	3.880000000000000000e+02	3.875700357859114265e-01	7.170432669564856705e-03	9.852368480855898305e-04	2.002220560488203183e-01	2.002220560488202850e+01	1.684041684559341064e+12
1.682530000000000000e+12	2.000000000000000000e+04	2.000000000000000000e+01	1.682530000000000000e+12	3.900000000000000000e+02	3.896754379517369804e-01	6.904103839961592444e-03	9.962897047697566889e-04	2.001666437352129790e-01	2.001666437352129790e+01	1.683931915419039551e+12
1.682874000000000000e+12	2.000000000000000000e+04	2.000000000000000000e+01	1.682874000000000000e+12	3.920000000000000000e+02	3.914082689007863936e-01	6.929227714650129481e-03	9.991758221454274079e-04	2.003028114501651802e-01	2.003028114501651658e+01	1.685421967581926270e+12
1.683204000000000000e+12	2.000000000000000000e+04	2.000000000000000000e+01	1.683204000000000000e+12	3.940000000000000000e+02	3.935132091439391133e-01	6.854659466620502579e-03	1.013358841731227915e-03	2.002475226475911307e-01	2.002475226475911185e+01	1.685287155552579590e+12
1.683524000000000000e+12	2.000000000000000000e+04	2.000000000000000000e+01	1.683524000000000000e+12	3.960000000000000000e+02	3.952955343298162894e-01	6.836307516354176231e-03	1.022730369150018402e-03	2.003569356171727434e-01	2.003569356171727378e+01	1.686528548389825439e+12
1.683830000000000000e+12	2.000000000000000000e+04	2.000000000000000000e+01	1.683830000000000000e+12	3.980000000000000000e+02	3.976272095289914432e-01	6.912171220634177535e-03	9.956729846746282565e-04	2.001876131405874726e-01	2.001876131405874304e+01	1.685409543172576904e+12
1.684126000000000000e+12	2.000000000000000000e+04	2.000000000000000000e+01	1.684126000000000000e+12	4.000000000000000000e+02	3.994649098325772085e-01	7.248999058475117871e-03	9.724653865082035289e-04	2.002682328417126345e-01	2.002682328417126456e+01	1.686384689513910645e+12
