# SourcePhotonFlux	NumberRaysSurvived	PercentageRaysSurvived	PhotonFlux	Bandwidth	HorizontalFocusFWHM	VerticalFocusFWHM
nan	3.837500000000000000e+02	3.837500000000000355e-01	nan	1.098711015089293142e-03	1.843862495446981983e-02	1.195719790705365368e-03
nan	5.692500000000000000e+02	5.692500000000000338e-01	nan	1.780119896970688842e-03	1.379467421071640942e-02	1.210692071194983477e-03
nan	6.502500000000000000e+02	6.502499999999999947e-01	nan	2.597790400180599590e-03	1.275509707271039669e-02	1.282751510430882834e-03
nan	7.400000000000000000e+02	7.399999999999999911e-01	nan	3.355516351533083252e-03	1.109264619476797199e-02	1.414891065470146383e-03
nan	8.455000000000000000e+02	8.454999999999999183e-01	nan	3.945185001967388416e-03	1.059802116770157399e-02	1.362980586912857905e-03
nan	9.400000000000000000e+02	9.400000000000000577e-01	nan	5.382361424537407402e-03	1.025191756773514637e-02	1.397622928356990080e-03
nan	9.800000000000000000e+02	9.799999999999999822e-01	nan	5.947903028726386765e-03	9.426059747498074376e-03	1.465664191483484870e-03
nan	1.032000000000000000e+03	1.032000000000000028e+00	nan	6.565843944613902750e-03	8.972258998881613157e-03	1.394621954887262979e-03
nan	1.106500000000000000e+03	1.106500000000000039e+00	nan	7.917230269697483891e-03	8.895979305469460530e-03	1.457684512196481298e-03
nan	1.163000000000000000e+03	1.162999999999999812e+00	nan	7.436044038968248060e-03	9.876245730359202446e-03	1.443886920594540831e-03
nan	1.206500000000000000e+03	1.206499999999999906e+00	nan	9.717109601865558943e-03	9.388528241878458386e-03	1.443147215694791114e-03
nan	1.273500000000000000e+03	1.273500000000000076e+00	nan	9.508990922682869495e-03	7.965886103747630426e-03	1.444113563657220198e-03
nan	1.307000000000000000e+03	1.307000000000000162e+00	nan	1.022998837657951299e-02	8.448310341374380694e-03	1.437302215097953015e-03
nan	1.383750000000000000e+03	1.383750000000000036e+00	nan	1.220426850673561603e-02	7.733703211251323484e-03	1.446344078289432244e-03
nan	1.402750000000000000e+03	1.402749999999999941e+00	nan	1.181317507496260077e-02	7.619450463208139214e-03	1.468264930524785204e-03
nan	1.466750000000000000e+03	1.466749999999999998e+00	nan	1.332759997765720072e-02	7.674011075996036400e-03	1.437931524167813686e-03
nan	1.503250000000000000e+03	1.503249999999999975e+00	nan	1.437379464175592148e-02	8.192240312683875259e-03	1.480068492792840137e-03
nan	1.533000000000000000e+03	1.532999999999999918e+00	nan	1.521862427159703657e-02	7.594338852944248174e-03	1.483280602081603772e-03
nan	1.589250000000000000e+03	1.589250000000000052e+00	nan	1.550687493516988980e-02	6.987205251390644217e-03	1.479115833878734323e-03
nan	1.575000000000000000e+03	1.574999999999999956e+00	nan	1.731042335433130575e-02	7.134315658252414830e-03	1.502395407925831037e-03
nan	1.696250000000000000e+03	1.696250000000000036e+00	nan	1.812388223072503024e-02	6.952564221504727374e-03	1.483738566228645639e-03
nan	1.697000000000000000e+03	1.697000000000000064e+00	nan	1.854335859087541394e-02	7.643591974714246742e-03	1.492243181002112255e-03
nan	1.698500000000000000e+03	1.698500000000000121e+00	nan	1.926293203700879531e-02	7.604109139001195491e-03	1.470372081997302349e-03
nan	1.758750000000000000e+03	1.758750000000000036e+00	nan	2.452528128759468018e-02	7.137578566465904023e-03	1.501988656481064062e-03
nan	1.813500000000000000e+03	1.813499999999999890e+00	nan	2.398375042326961193e-02	6.910094930819789608e-03	1.506404767504347653e-03
nan	1.846000000000000000e+03	1.846000000000000085e+00	nan	2.522351747364837138e-02	7.158000508563143287e-03	1.485651069807958835e-03
nan	1.882750000000000000e+03	1.882749999999999924e+00	nan	2.551070173097969018e-02	7.120583632486520397e-03	1.481385690937370029e-03
nan	1.923750000000000000e+03	1.923750000000000071e+00	nan	2.777828227942791273e-02	6.961223132806832262e-03	1.503117640617309195e-03
nan	1.966250000000000000e+03	1.966250000000000053e+00	nan	2.998217748330489485e-02	6.682143503027502228e-03	1.464065799156200054e-03
nan	2.015250000000000000e+03	2.015249999999999986e+00	nan	3.161200597384095090e-02	6.908119379166072563e-03	1.521965398491709372e-03
nan	2.026500000000000000e+03	2.026499999999999968e+00	nan	3.098185029517708244e-02	7.074206898730773380e-03	1.483942158739659251e-03
nan	2.052000000000000000e+03	2.052000000000000046e+00	nan	3.394436092037267372e-02	7.162345649067963956e-03	1.477534374912178091e-03
nan	2.031750000000000000e+03	2.031749999999999723e+00	nan	3.180312853248778993e-02	7.287391307687373677e-03	1.501904469809166049e-03
nan	2.110500000000000000e+03	2.110500000000000043e+00	nan	3.475712341048620146e-02	6.777493601684846797e-03	1.505705779838478926e-03
nan	2.111750000000000000e+03	2.111749999999999794e+00	nan	3.898367105063016425e-02	7.050111750743697642e-03	1.483960830586113222e-03
nan	2.178500000000000000e+03	2.178500000000000103e+00	nan	3.744458921397608719e-02	7.174326042584957229e-03	1.534311063994517809e-03
nan	2.189000000000000000e+03	2.189000000000000057e+00	nan	3.624916239971298637e-02	6.304936935297010547e-03	1.493628062072334568e-03
nan	2.210750000000000000e+03	2.210749999999999993e+00	nan	4.237477892638707999e-02	7.061451394010333747e-03	1.520428088678171894e-03
nan	2.227500000000000000e+03	2.227500000000000036e+00	nan	4.310486382649969528e-02	6.748485258553818360e-03	1.506930276493542113e-03
nan	2.817500000000000000e+02	2.817499999999999449e-01	nan	8.410124833417853552e-04	1.964446376106289416e-02	1.117800002758969659e-03
nan	3.800000000000000000e+02	3.800000000000000044e-01	nan	1.322344694713706303e-03	1.243576884378542503e-02	1.279843874355606924e-03
nan	4.497500000000000000e+02	4.497499999999999831e-01	nan	1.841975541076124046e-03	1.101061001607643239e-02	1.358326315330838675e-03
nan	5.300000000000000000e+02	5.300000000000000266e-01	nan	2.245521065340483347e-03	9.303362724059656766e-03	1.233973902725459242e-03
nan	5.955000000000000000e+02	5.954999999999999183e-01	nan	2.849605216965755972e-03	9.861000194473064362e-03	1.396197241324921914e-03
nan	6.432500000000000000e+02	6.432499999999999885e-01	nan	3.581837262188969362e-03	9.945622098390683938e-03	1.394620526376823266e-03
nan	7.005000000000000000e+02	7.005000000000000115e-01	nan	4.179330603847120074e-03	1.021965288647340778e-02	1.384249614343482059e-03
nan	7.455000000000000000e+02	7.455000000000000515e-01	nan	4.546537143482964893e-03	8.367021230609478222e-03	1.436230805766265488e-03
nan	7.860000000000000000e+02	7.859999999999999210e-01	nan	4.902998840222494437e-03	9.257044890669016701e-03	1.401803902331725908e-03
nan	8.312500000000000000e+02	8.312500000000000444e-01	nan	5.534752148690813556e-03	9.199260209348423048e-03	1.368750986135525410e-03
nan	8.627500000000000000e+02	8.627500000000000169e-01	nan	6.683911708137202368e-03	9.307884666233674775e-03	1.480604288710086385e-03
nan	8.455000000000000000e+02	8.454999999999999183e-01	nan	7.390574630505852838e-03	7.748297838050616226e-03	1.444166919477239555e-03
nan	9.445000000000000000e+02	9.445000000000001172e-01	nan	7.730669050289407096e-03	8.201584152250574605e-03	1.420105122731552417e-03
nan	9.797500000000000000e+02	9.797499999999998987e-01	nan	8.484249748192951301e-03	8.077712827561542644e-03	1.476035464089823102e-03
nan	1.035750000000000000e+03	1.035749999999999948e+00	nan	8.528294182951867697e-03	8.578840037996615306e-03	1.458581208807319118e-03
nan	1.047750000000000000e+03	1.047750000000000181e+00	nan	1.053189810909316293e-02	8.006327099430029029e-03	1.498747532735919107e-03
nan	1.049500000000000000e+03	1.049500000000000099e+00	nan	9.590927982259245255e-03	8.101251116925275303e-03	1.480475044685741412e-03
nan	1.101000000000000000e+03	1.100999999999999979e+00	nan	1.036094594689984660e-02	7.111006196237262995e-03	1.482380083858208727e-03
nan	1.108250000000000000e+03	1.108250000000000179e+00	nan	1.140008106958134704e-02	7.709527099824615461e-03	1.475072282391655214e-03
nan	1.157750000000000000e+03	1.157749999999999835e+00	nan	1.237649229415183072e-02	7.069510806349286157e-03	1.467926518236010568e-03
nan	1.160000000000000000e+03	1.159999999999999920e+00	nan	1.334036180821840389e-02	7.245250567555556326e-03	1.475438645711154391e-03
nan	1.217000000000000000e+03	1.217000000000000082e+00	nan	1.514676330452857655e-02	6.685892806055099107e-03	1.466148122309152190e-03
nan	1.270250000000000000e+03	1.270249999999999879e+00	nan	1.467002729947353146e-02	6.920824358453323347e-03	1.488235818557648825e-03
nan	1.257000000000000000e+03	1.257000000000000117e+00	nan	1.580612104078227276e-02	7.285050037617707072e-03	1.493160423044677734e-03
nan	1.293500000000000000e+03	1.293499999999999872e+00	nan	1.565943939203862101e-02	6.428987554325646739e-03	1.469043477659208148e-03
nan	1.300500000000000000e+03	1.300499999999999989e+00	nan	1.774958037793794574e-02	7.115231396474094513e-03	1.496338738196789989e-03
nan	1.341750000000000000e+03	1.341750000000000220e+00	nan	1.745849492971274231e-02	7.187243890272983216e-03	1.489247847781860739e-03
nan	1.373750000000000000e+03	1.373750000000000027e+00	nan	1.929029915419278041e-02	7.348441660277598049e-03	1.478171633601608375e-03
nan	1.373000000000000000e+03	1.372999999999999998e+00	nan	2.059234077597693613e-02	6.814750752466330191e-03	1.459390703444062194e-03
nan	1.379000000000000000e+03	1.379000000000000004e+00	nan	2.171109201339049832e-02	6.599672897773447601e-03	1.479380576494888693e-03
nan	1.411000000000000000e+03	1.411000000000000032e+00	nan	2.088215688991112984e-02	6.351655615317790965e-03	1.492922041230662373e-03
nan	1.438250000000000000e+03	1.438250000000000028e+00	nan	2.238344885472542956e-02	6.879019168048366127e-03	1.507121816126687219e-03
nan	1.458000000000000000e+03	1.457999999999999963e+00	nan	2.385432866157088938e-02	6.581662794114964167e-03	1.485373573486184224e-03
nan	1.497000000000000000e+03	1.496999999999999886e+00	nan	2.648888362909929128e-02	6.681061191994464889e-03	1.512788296429349536e-03
nan	1.490750000000000000e+03	1.490749999999999797e+00	nan	2.557321120917777080e-02	6.547740029595012015e-03	1.484007009040294632e-03
nan	1.554750000000000000e+03	1.554750000000000076e+00	nan	2.778096186898437736e-02	6.740171767799774810e-03	1.509165320941362274e-03
nan	1.539250000000000000e+03	1.539250000000000229e+00	nan	2.669752783492640447e-02	6.200202718211939718e-03	1.485195245651092918e-03
nan	1.580000000000000000e+03	1.580000000000000071e+00	nan	2.621083061211493259e-02	6.676326555807079836e-03	1.510895146088153673e-03
nan	1.581250000000000000e+03	1.581250000000000044e+00	nan	2.909543248563295492e-02	6.933998565023047692e-03	1.490899853994829671e-03
nan	2.915000000000000000e+02	2.914999999999999813e-01	nan	1.228125615583053332e-03	1.568917519385758935e-02	8.006281590662485143e-04
nan	4.440000000000000000e+02	4.440000000000000058e-01	nan	2.061725122523228038e-03	1.326236939568752222e-02	1.034358045187603421e-03
nan	5.155000000000000000e+02	5.155000000000000693e-01	nan	2.424503087254947786e-03	1.241752002869804181e-02	1.052394379924629850e-03
nan	6.097500000000000000e+02	6.097500000000000142e-01	nan	2.702079041768001844e-03	1.091938182503197213e-02	1.157396814110311922e-03
nan	6.797500000000000000e+02	6.797499999999999654e-01	nan	3.833759907166722769e-03	9.510342114721371046e-03	1.129017998984035423e-03
nan	7.327500000000000000e+02	7.327500000000000124e-01	nan	4.454983784199839647e-03	9.329791977222601923e-03	1.229760239392911408e-03
nan	8.075000000000000000e+02	8.074999999999998845e-01	nan	5.204342244581994237e-03	9.146709900803283791e-03	1.182579911922287908e-03
nan	8.772500000000000000e+02	8.772500000000000853e-01	nan	6.693904435579156598e-03	8.576085949429240740e-03	1.162123015254986659e-03
nan	9.135000000000000000e+02	9.135000000000000897e-01	nan	6.986263506234990928e-03	9.082626478027771774e-03	1.208832704653343450e-03
nan	9.665000000000000000e+02	9.665000000000001368e-01	nan	8.129088208534085425e-03	7.800617036467549607e-03	1.200770539571264280e-03
nan	1.012000000000000000e+03	1.012000000000000011e+00	nan	8.429564306567272070e-03	8.526511904063765329e-03	1.191532888372222494e-03
nan	1.042750000000000000e+03	1.042749999999999844e+00	nan	9.512733482893054315e-03	7.633019439262840079e-03	1.227841553863839689e-03
nan	1.081750000000000000e+03	1.081749999999999989e+00	nan	9.669474295208146941e-03	8.885346651920849465e-03	1.222620923825878860e-03
nan	1.122750000000000000e+03	1.122749999999999915e+00	nan	1.087561657894298150e-02	8.608875039824142456e-03	1.213158906018507385e-03
nan	1.172250000000000000e+03	1.172250000000000014e+00	nan	1.318976425619666770e-02	8.249458830142072582e-03	1.179499808252582136e-03
nan	1.223750000000000000e+03	1.223749999999999893e+00	nan	1.263108317866112884e-02	7.874378804663519429e-03	1.199632847032750319e-03
nan	1.281000000000000000e+03	1.281000000000000139e+00	nan	1.345556651767765288e-02	7.491228819302611815e-03	1.218560324142585211e-03
nan	1.292500000000000000e+03	1.292499999999999982e+00	nan	1.374155509034835632e-02	7.410441958444543599e-03	1.211672844749881600e-03
nan	1.336750000000000000e+03	1.336749999999999883e+00	nan	1.524368917557694658e-02	6.961465437118168065e-03	1.232849158467885786e-03
nan	1.355000000000000000e+03	1.354999999999999760e+00	nan	1.674764045515075850e-02	6.929592732917639816e-03	1.210120119821704067e-03
nan	1.379750000000000000e+03	1.379750000000000032e+00	nan	1.833609042131456590e-02	7.141547632863822805e-03	1.242688465711697977e-03
nan	1.425750000000000000e+03	1.425750000000000073e+00	nan	1.902097893804466366e-02	7.288995295843838512e-03	1.257693322368396999e-03
nan	1.452750000000000000e+03	1.452749999999999986e+00	nan	1.909929568358847973e-02	6.823304782015614245e-03	1.231419034207855822e-03
nan	1.473750000000000000e+03	1.473750000000000115e+00	nan	1.962523470348287447e-02	7.359930858229901847e-03	1.228615381127877264e-03
nan	1.512750000000000000e+03	1.512750000000000261e+00	nan	2.052716065907134180e-02	7.164550482001728893e-03	1.236633286026838936e-03
nan	1.553250000000000000e+03	1.553249999999999797e+00	nan	2.279103179154162717e-02	6.815059293408736590e-03	1.220493293862112824e-03
nan	1.569000000000000000e+03	1.568999999999999950e+00	nan	2.625544748053698640e-02	7.420163999074407858e-03	1.221835857330525908e-03
nan	1.595000000000000000e+03	1.594999999999999973e+00	nan	2.415499868260440053e-02	7.147544746804302893e-03	1.218026170167881613e-03
nan	1.650000000000000000e+03	1.649999999999999911e+00	nan	2.535810780631209127e-02	6.455352122267352631e-03	1.226488551484017277e-03
nan	1.646000000000000000e+03	1.645999999999999908e+00	nan	2.675022592535469812e-02	6.362930570348274834e-03	1.243033601772334379e-03
nan	1.693000000000000000e+03	1.692999999999999838e+00	nan	2.690218026788215866e-02	7.077413838948666894e-03	1.258643842288074619e-03
nan	1.716500000000000000e+03	1.716499999999999915e+00	nan	2.905342136654098795e-02	6.393656671504300247e-03	1.247230187541577967e-03
nan	1.695250000000000000e+03	1.695250000000000146e+00	nan	2.901277483744024721e-02	6.665033119040044210e-03	1.245539442113561624e-03
nan	1.745000000000000000e+03	1.744999999999999885e+00	nan	3.176414797724191885e-02	6.792954111335734388e-03	1.253779692973854085e-03
nan	1.777000000000000000e+03	1.776999999999999913e+00	nan	3.042244443270192278e-02	6.955481808840366549e-03	1.257504905189873361e-03
nan	1.787750000000000000e+03	1.787750000000000172e+00	nan	3.352982252198444257e-02	6.195912421063127541e-03	1.246487059048523131e-03
nan	1.826750000000000000e+03	1.826750000000000096e+00	nan	3.377600631233690365e-02	6.651310129543676689e-03	1.270141469006920995e-03
nan	1.843500000000000000e+03	1.843500000000000139e+00	nan	3.513698663522291099e-02	6.872894051367935131e-03	1.266186334214344008e-03
nan	1.898750000000000000e+03	1.898749999999999938e+00	nan	3.902370952715727981e-02	6.784415670346953531e-03	1.246347455566529025e-03
nan	2.090000000000000000e+02	2.090000000000000191e-01	nan	7.404091789098288245e-04	1.232454550605196174e-02	9.515508826210735674e-04
nan	3.012500000000000000e+02	3.012500000000000178e-01	nan	1.448200999249138476e-03	1.232228314779884246e-02	1.016076204347308477e-03
nan	3.755000000000000000e+02	3.754999999999999449e-01	nan	1.850533831429856946e-03	1.118876564111083959e-02	1.137275585684512699e-03
nan	4.552500000000000000e+02	4.552500000000000435e-01	nan	2.247470347100488652e-03	1.229863359275236781e-02	1.106365292118831074e-03
nan	4.787500000000000000e+02	4.787500000000000089e-01	nan	2.992483640639420628e-03	1.107700376121183855e-02	1.101190426782394736e-03
nan	5.115000000000000000e+02	5.115000000000000657e-01	nan	3.567757762468204419e-03	1.029504139924970751e-02	1.106483300414973182e-03
nan	5.745000000000000000e+02	5.745000000000000107e-01	nan	3.997351520510505907e-03	8.142685136707277643e-03	1.212790032997682760e-03
nan	6.257500000000000000e+02	6.257500000000000284e-01	nan	4.338328750719711024e-03	9.899893746937397238e-03	1.171423565041436812e-03
nan	6.792500000000000000e+02	6.792500000000000204e-01	nan	4.749266638029325804e-03	9.086517599515916629e-03	1.241087830705156232e-03
nan	6.630000000000000000e+02	6.630000000000000338e-01	nan	5.555174533725448782e-03	9.412954399534389366e-03	1.160875036057344625e-03
nan	7.217500000000000000e+02	7.217500000000001137e-01	nan	6.176624409789610581e-03	8.573514044717293198e-03	1.216221833581498935e-03
nan	7.260000000000000000e+02	7.259999999999999787e-01	nan	6.942236631005016534e-03	9.432177186672873262e-03	1.152204004236801003e-03
nan	7.752500000000000000e+02	7.752499999999999947e-01	nan	7.380735006165650702e-03	7.695671373739063417e-03	1.207850390155644233e-03
nan	8.030000000000000000e+02	8.030000000000000471e-01	nan	7.543584928697555370e-03	7.667729979115655604e-03	1.208323226887775140e-03
nan	8.500000000000000000e+02	8.500000000000000888e-01	nan	7.883070875067232919e-03	7.863704338854676096e-03	1.196244990626952817e-03
nan	8.560000000000000000e+02	8.560000000000000941e-01	nan	8.539820590101498965e-03	7.421450163235744808e-03	1.221002439034879743e-03
nan	8.845000000000000000e+02	8.844999999999999529e-01	nan	9.808966367558014099e-03	7.427287242471674981e-03	1.230574682189224719e-03
nan	9.122500000000000000e+02	9.122500000000001164e-01	nan	9.874410285931389808e-03	7.387201250100630667e-03	1.174857790273846000e-03
nan	9.280000000000000000e+02	9.279999999999999361e-01	nan	1.050849242795948157e-02	6.831648191851065477e-03	1.207544826247998904e-03
nan	9.632500000000000000e+02	9.632499999999999396e-01	nan	1.149606289135363113e-02	7.405706161070779725e-03	1.218798622073965143e-03
nan	1.001000000000000000e+03	1.000999999999999890e+00	nan	1.178161503156616163e-02	7.464166371889144856e-03	1.195759957120027779e-03
nan	1.005750000000000000e+03	1.005750000000000144e+00	nan	1.220476979909790316e-02	7.148703118720144134e-03	1.222614295861219978e-03
nan	1.027750000000000000e+03	1.027750000000000163e+00	nan	1.321986745068670643e-02	7.086890616313520387e-03	1.224155750312940242e-03
nan	1.047250000000000000e+03	1.047250000000000014e+00	nan	1.342186729181094051e-02	7.395215207568086105e-03	1.190878426858593860e-03
nan	1.072000000000000000e+03	1.072000000000000064e+00	nan	1.389502026279387792e-02	7.160642750904978003e-03	1.231953212556632059e-03
nan	1.109250000000000000e+03	1.109250000000000069e+00	nan	1.458652658180881190e-02	6.489541844728588874e-03	1.187475836356819640e-03
nan	1.117250000000000000e+03	1.117250000000000076e+00	nan	1.605423320830823286e-02	7.265076957346847282e-03	1.261047955076314859e-03
nan	1.150750000000000000e+03	1.150750000000000162e+00	nan	1.780119906243271544e-02	6.512048086705730585e-03	1.227117306070864841e-03
nan	1.143000000000000000e+03	1.143000000000000238e+00	nan	1.703927026079554707e-02	7.034844792823631565e-03	1.244460400300734368e-03
nan	1.157500000000000000e+03	1.157499999999999973e+00	nan	1.789228424411248852e-02	7.250417023471722282e-03	1.235449997959703382e-03
nan	1.183750000000000000e+03	1.183749999999999858e+00	nan	1.968193100299231446e-02	7.109771966251700152e-03	1.247892348424472012e-03
nan	1.228750000000000000e+03	1.228750000000000009e+00	nan	2.045338990336631468e-02	6.223817408176483476e-03	1.208493532682449086e-03
nan	1.219250000000000000e+03	1.219250000000000167e+00	nan	1.983696176131388711e-02	6.976053885728203743e-03	1.241498219152949428e-03
nan	1.262500000000000000e+03	1.262500000000000178e+00	nan	2.055328393305444479e-02	6.623606085869679187e-03	1.209706749060447412e-03
nan	1.260750000000000000e+03	1.260750000000000037e+00	nan	2.397839764557829767e-02	6.153241410413580123e-03	1.257436667738166640e-03
nan	1.287250000000000000e+03	1.287250000000000005e+00	nan	2.315924672029723297e-02	6.222198705762314007e-03	1.227872967074819391e-03
nan	1.302500000000000000e+03	1.302499999999999769e+00	nan	2.378297017963859616e-02	6.572754043348233953e-03	1.228819903711976698e-03
nan	1.308500000000000000e+03	1.308499999999999996e+00	nan	2.502892648823262789e-02	6.202336508106682730e-03	1.255689546341793575e-03
nan	1.299500000000000000e+03	1.299500000000000099e+00	nan	2.547356749181517444e-02	6.473754315142171006e-03	1.235684850232044406e-03
