Simulation Number PG.cFactor ExitSlit.openingHeight PG.lineDensity PG.orderDiffraction SU.numberRays SU.photonEnergy
0                 2.5        0.012                  1200           1                   100000.0      100            
1                 2.5        0.012                  1200           1                   100000.0      150            
2                 2.5        0.012                  1200           1                   100000.0      200            
3                 2.5        0.012                  1200           1                   100000.0      250            
4                 2.5        0.012                  1200           1                   100000.0      300            
5                 2.5        0.012                  1200           1                   100000.0      350            
6                 2.5        0.012                  1200           1                   100000.0      400            
7                 2.5        0.012                  1200           1                   100000.0      450            
8                 2.5        0.012                  1200           1                   100000.0      500            
9                 2.5        0.012                  1200           1                   100000.0      550            
10                2.5        0.012                  1200           1                   100000.0      600            
11                2.5        0.012                  1200           1                   100000.0      650            
12                2.5        0.012                  1200           1                   100000.0      700            
13                2.5        0.012                  1200           1                   100000.0      750            
14                2.5        0.012                  1200           1                   100000.0      800            
15                2.5        0.012                  1200           1                   100000.0      850            
16                2.5        0.012                  1200           1                   100000.0      900            
17                2.5        0.012                  1200           1                   100000.0      950            
18                2.5        0.012                  1200           1                   100000.0      1000           
19                2.5        0.012                  1200           1                   100000.0      1050           
20                2.5        0.012                  1200           1                   100000.0      1100           
21                2.5        0.012                  1200           1                   100000.0      1150           
22                2.5        0.012                  1200           1                   100000.0      1200           
23                2.5        0.012                  1200           1                   100000.0      1250           
24                2.5        0.012                  1200           1                   100000.0      1300           
25                2.5        0.012                  1200           1                   100000.0      1350           
26                2.5        0.012                  1200           1                   100000.0      1400           
27                2.5        0.012                  1200           1                   100000.0      1450           
28                2.5        0.012                  1200           1                   100000.0      1500           
29                2.5        0.012                  1200           1                   100000.0      1550           
30                2.5        0.012                  1200           1                   100000.0      1600           
31                2.5        0.012                  1200           1                   100000.0      1650           
32                2.5        0.012                  1200           1                   100000.0      1700           
33                2.5        0.012                  1200           1                   100000.0      1750           
34                2.5        0.012                  1200           1                   100000.0      1800           
35                2.5        0.012                  1200           1                   100000.0      1850           
36                2.5        0.012                  1200           1                   100000.0      1900           
37                2.5        0.012                  1200           1                   100000.0      1950           
38                2.5        0.012                  1200           1                   100000.0      2000           
39                2.5        0.012                  2400           1                   100000.0      100            
40                2.5        0.012                  2400           1                   100000.0      150            
41                2.5        0.012                  2400           1                   100000.0      200            
42                2.5        0.012                  2400           1                   100000.0      250            
43                2.5        0.012                  2400           1                   100000.0      300            
44                2.5        0.012                  2400           1                   100000.0      350            
45                2.5        0.012                  2400           1                   100000.0      400            
46                2.5        0.012                  2400           1                   100000.0      450            
47                2.5        0.012                  2400           1                   100000.0      500            
48                2.5        0.012                  2400           1                   100000.0      550            
49                2.5        0.012                  2400           1                   100000.0      600            
50                2.5        0.012                  2400           1                   100000.0      650            
51                2.5        0.012                  2400           1                   100000.0      700            
52                2.5        0.012                  2400           1                   100000.0      750            
53                2.5        0.012                  2400           1                   100000.0      800            
54                2.5        0.012                  2400           1                   100000.0      850            
55                2.5        0.012                  2400           1                   100000.0      900            
56                2.5        0.012                  2400           1                   100000.0      950            
57                2.5        0.012                  2400           1                   100000.0      1000           
58                2.5        0.012                  2400           1                   100000.0      1050           
59                2.5        0.012                  2400           1                   100000.0      1100           
60                2.5        0.012                  2400           1                   100000.0      1150           
61                2.5        0.012                  2400           1                   100000.0      1200           
62                2.5        0.012                  2400           1                   100000.0      1250           
63                2.5        0.012                  2400           1                   100000.0      1300           
64                2.5        0.012                  2400           1                   100000.0      1350           
65                2.5        0.012                  2400           1                   100000.0      1400           
66                2.5        0.012                  2400           1                   100000.0      1450           
67                2.5        0.012                  2400           1                   100000.0      1500           
68                2.5        0.012                  2400           1                   100000.0      1550           
69                2.5        0.012                  2400           1                   100000.0      1600           
70                2.5        0.012                  2400           1                   100000.0      1650           
71                2.5        0.012                  2400           1                   100000.0      1700           
72                2.5        0.012                  2400           1                   100000.0      1750           
73                2.5        0.012                  2400           1                   100000.0      1800           
74                2.5        0.012                  2400           1                   100000.0      1850           
75                2.5        0.012                  2400           1                   100000.0      1900           
76                2.5        0.012                  2400           1                   100000.0      1950           
77                2.5        0.012                  2400           1                   100000.0      2000           
78                2.5        0.01                   1200           1                   100000.0      100            
79                2.5        0.01                   1200           1                   100000.0      150            
80                2.5        0.01                   1200           1                   100000.0      200            
81                2.5        0.01                   1200           1                   100000.0      250            
82                2.5        0.01                   1200           1                   100000.0      300            
83                2.5        0.01                   1200           1                   100000.0      350            
84                2.5        0.01                   1200           1                   100000.0      400            
85                2.5        0.01                   1200           1                   100000.0      450            
86                2.5        0.01                   1200           1                   100000.0      500            
87                2.5        0.01                   1200           1                   100000.0      550            
88                2.5        0.01                   1200           1                   100000.0      600            
89                2.5        0.01                   1200           1                   100000.0      650            
90                2.5        0.01                   1200           1                   100000.0      700            
91                2.5        0.01                   1200           1                   100000.0      750            
92                2.5        0.01                   1200           1                   100000.0      800            
93                2.5        0.01                   1200           1                   100000.0      850            
94                2.5        0.01                   1200           1                   100000.0      900            
95                2.5        0.01                   1200           1                   100000.0      950            
96                2.5        0.01                   1200           1                   100000.0      1000           
97                2.5        0.01                   1200           1                   100000.0      1050           
98                2.5        0.01                   1200           1                   100000.0      1100           
99                2.5        0.01                   1200           1                   100000.0      1150           
100               2.5        0.01                   1200           1                   100000.0      1200           
101               2.5        0.01                   1200           1                   100000.0      1250           
102               2.5        0.01                   1200           1                   100000.0      1300           
103               2.5        0.01                   1200           1                   100000.0      1350           
104               2.5        0.01                   1200           1                   100000.0      1400           
105               2.5        0.01                   1200           1                   100000.0      1450           
106               2.5        0.01                   1200           1                   100000.0      1500           
107               2.5        0.01                   1200           1                   100000.0      1550           
108               2.5        0.01                   1200           1                   100000.0      1600           
109               2.5        0.01                   1200           1                   100000.0      1650           
110               2.5        0.01                   1200           1                   100000.0      1700           
111               2.5        0.01                   1200           1                   100000.0      1750           
112               2.5        0.01                   1200           1                   100000.0      1800           
113               2.5        0.01                   1200           1                   100000.0      1850           
114               2.5        0.01                   1200           1                   100000.0      1900           
115               2.5        0.01                   1200           1                   100000.0      1950           
116               2.5        0.01                   1200           1                   100000.0      2000           
117               2.5        0.01                   2400           1                   100000.0      100            
118               2.5        0.01                   2400           1                   100000.0      150            
119               2.5        0.01                   2400           1                   100000.0      200            
120               2.5        0.01                   2400           1                   100000.0      250            
121               2.5        0.01                   2400           1                   100000.0      300            
122               2.5        0.01                   2400           1                   100000.0      350            
123               2.5        0.01                   2400           1                   100000.0      400            
124               2.5        0.01                   2400           1                   100000.0      450            
125               2.5        0.01                   2400           1                   100000.0      500            
126               2.5        0.01                   2400           1                   100000.0      550            
127               2.5        0.01                   2400           1                   100000.0      600            
128               2.5        0.01                   2400           1                   100000.0      650            
129               2.5        0.01                   2400           1                   100000.0      700            
130               2.5        0.01                   2400           1                   100000.0      750            
131               2.5        0.01                   2400           1                   100000.0      800            
132               2.5        0.01                   2400           1                   100000.0      850            
133               2.5        0.01                   2400           1                   100000.0      900            
134               2.5        0.01                   2400           1                   100000.0      950            
135               2.5        0.01                   2400           1                   100000.0      1000           
136               2.5        0.01                   2400           1                   100000.0      1050           
137               2.5        0.01                   2400           1                   100000.0      1100           
138               2.5        0.01                   2400           1                   100000.0      1150           
139               2.5        0.01                   2400           1                   100000.0      1200           
140               2.5        0.01                   2400           1                   100000.0      1250           
141               2.5        0.01                   2400           1                   100000.0      1300           
142               2.5        0.01                   2400           1                   100000.0      1350           
143               2.5        0.01                   2400           1                   100000.0      1400           
144               2.5        0.01                   2400           1                   100000.0      1450           
145               2.5        0.01                   2400           1                   100000.0      1500           
146               2.5        0.01                   2400           1                   100000.0      1550           
147               2.5        0.01                   2400           1                   100000.0      1600           
148               2.5        0.01                   2400           1                   100000.0      1650           
149               2.5        0.01                   2400           1                   100000.0      1700           
150               2.5        0.01                   2400           1                   100000.0      1750           
151               2.5        0.01                   2400           1                   100000.0      1800           
152               2.5        0.01                   2400           1                   100000.0      1850           
153               2.5        0.01                   2400           1                   100000.0      1900           
154               2.5        0.01                   2400           1                   100000.0      1950           
155               2.5        0.01                   2400           1                   100000.0      2000           
