# SourcePhotonFlux	NumberRaysSurvived	PercentageRaysSurvived	PhotonFlux	Bandwidth	HorizontalFocusFWHM	VerticalFocusFWHM
3.540540000000000000e+10	7.410099999999999909e+00	6.378750000000000739e-03	2.258421952500000000e+08	1.861532119539077717e-05	1.008692117585523402e-03	2.914373637597760121e-04
3.748020000000000000e+10	9.640900000000000247e+00	8.313149999999993114e-03	3.115785246299999952e+08	2.481909225425553561e-05	1.028654836346467498e-03	2.908377215292576811e-04
3.931350000000000000e+10	1.197949999999999982e+01	1.032770000000000216e-02	4.060180339499999881e+08	3.094129073727600428e-05	1.052170769619027420e-03	2.896106981017594379e-04
4.096050000000000000e+10	1.422949999999999982e+01	1.226659999999999903e-02	5.024460693000000119e+08	3.694943484303365950e-05	1.047057118435894664e-03	2.883399449746719499e-04
4.245860000000000000e+10	1.656349999999999767e+01	1.428070000000000207e-02	6.063385290199999809e+08	4.541990722926670033e-05	1.048424137511251575e-03	2.906451612617953870e-04
4.383450000000000000e+10	1.828020000000000067e+01	1.577249999999999486e-02	6.913796512500000000e+08	5.307069103751303128e-05	1.063162980569126205e-03	2.892577028491213637e-04
4.510800000000000000e+10	2.002329999999999899e+01	1.725739999999999219e-02	7.784467992000000477e+08	6.147604414005201142e-05	1.045150364440869742e-03	2.881738845249253301e-04
4.629430000000000000e+10	2.160340000000000060e+01	1.864339999999999400e-02	8.630831526200000048e+08	6.847929409496061675e-05	1.032709052653170596e-03	2.878213727621768735e-04
4.740500000000000000e+10	2.320919999999999916e+01	2.000480000000000314e-02	9.483275440000000000e+08	7.878937086974246247e-05	1.040206281148934762e-03	2.862614233487835490e-04
4.844980000000000000e+10	2.487300000000000111e+01	2.144219999999999807e-02	1.038870301559999943e+09	8.852787197772044492e-05	1.032668817805041175e-03	2.861431195700293753e-04
4.943630000000000000e+10	2.637409999999999854e+01	2.273659999999999917e-02	1.124013378579999924e+09	9.546323091698525785e-05	1.048609077179168698e-03	2.840927096105206294e-04
5.037080000000000000e+10	2.799340000000000117e+01	2.412920000000001036e-02	1.215407107359999895e+09	1.078885398662180221e-04	1.049685288673260280e-03	2.825655394827302196e-04
5.125860000000000000e+10	2.959499999999999886e+01	2.551869999999999486e-02	1.308052835819999933e+09	1.184503539800772440e-04	1.057796828045999560e-03	2.812349468740923692e-04
5.210430000000000000e+10	3.056630000000000180e+01	2.637464999999999601e-02	1.374232675994999886e+09	1.283016516153168162e-04	1.053504965395790464e-03	2.818443739192540739e-04
5.291170000000000000e+10	3.126489999999999725e+01	2.695510000000000961e-02	1.426240164670000076e+09	1.375926132188368405e-04	1.043007377116562245e-03	2.838316091516677065e-04
5.368410000000000000e+10	3.177679999999999794e+01	2.740089999999999193e-02	1.470992655690000057e+09	1.500024054117659439e-04	1.059763271484009776e-03	2.832195625938010541e-04
5.442440000000000000e+10	3.239719999999999800e+01	2.794280000000000028e-02	1.520770124319999933e+09	1.599967538168215223e-04	1.040028427253082439e-03	2.825042343326292465e-04
5.513500000000000000e+10	3.295850000000000080e+01	2.840874999999999651e-02	1.566316431250000000e+09	1.700092158793182649e-04	1.064479243022976645e-03	2.825113066758997826e-04
5.581830000000000000e+10	3.332379999999999853e+01	2.872654999999998959e-02	1.603467185865000010e+09	1.823836704363344518e-04	1.047557874928396185e-03	2.840525408472246690e-04
5.647610000000000000e+10	3.364520000000000266e+01	2.926125000000001294e-02	1.652561281125000000e+09	1.914735248398727622e-04	1.055646171253575918e-03	2.817864848685877328e-04
5.711030000000000000e+10	3.440919999999999845e+01	2.965220000000000355e-02	1.693446037660000086e+09	2.035450098012517870e-04	1.058558385268154860e-03	2.842430080204798922e-04
5.772230000000000000e+10	3.468249999999999744e+01	3.015024999999999650e-02	1.740341775575000048e+09	2.146500286432740181e-04	1.052625302201206509e-03	2.835794960621518083e-04
5.831360000000000000e+10	3.546219999999999573e+01	3.059649999999998482e-02	1.784192062400000095e+09	2.268959454419018661e-04	1.045157734496479163e-03	2.826636139924341528e-04
5.888550000000000000e+10	3.592479999999999762e+01	3.097870000000001525e-02	1.824196238849999905e+09	2.341329083795756208e-04	1.061336703907028766e-03	2.835288965175113921e-04
5.943910000000000000e+10	3.642650000000000432e+01	3.140264999999999723e-02	1.866545253615000010e+09	2.504043818511945681e-04	1.059292843874389293e-03	2.820264248556639958e-04
5.997540000000000000e+10	3.681609999999999872e+01	3.173919999999999519e-02	1.903571215680000067e+09	2.630109280694398655e-04	1.062303237669864810e-03	2.827562429114081660e-04
6.049540000000000000e+10	3.727590000000000003e+01	3.212820000000000259e-02	1.943608310279999971e+09	2.740123212767344016e-04	1.072733674910613267e-03	2.836639285862467661e-04
6.100000000000000000e+10	3.761780000000000257e+01	3.242269999999999874e-02	1.977784700000000000e+09	2.888415884329503911e-04	1.060539896970081860e-03	2.829455381745058775e-04
6.149000000000000000e+10	3.813150000000000261e+01	3.287795000000000301e-02	2.021665145500000000e+09	2.979257314693825056e-04	1.062360131371230558e-03	2.826401607087520966e-04
6.196610000000000000e+10	3.854390000000000072e+01	3.323904999999999915e-02	2.059694296204999924e+09	3.139791035372070573e-04	1.053293602119356178e-03	2.829642430096262801e-04
6.242890000000000000e+10	3.900869999999999749e+01	3.364719999999999517e-02	2.100557684079999924e+09	3.266176447702207964e-04	1.065585954709005398e-03	2.826046695580338472e-04
6.287920000000000000e+10	3.948760000000000048e+01	3.402565000000001144e-02	2.139505651480000019e+09	3.438057446197831293e-04	1.077528718123926333e-03	2.832233188794806909e-04
6.331740000000000000e+10	3.977639999999999532e+01	3.428100000000000591e-02	2.170583789400000095e+09	3.549027893071865980e-04	1.068606834682025910e-03	2.832555205829638870e-04
6.374420000000000000e+10	4.018750000000000000e+01	3.464595000000000175e-02	2.208478365989999771e+09	3.688697579783081792e-04	1.066382499597638917e-03	2.823099048683419955e-04
6.416000000000000000e+10	4.056400000000000006e+01	3.501655000000001433e-02	2.246661848000000000e+09	3.770634194880301054e-04	1.071842451059015159e-03	2.832340637893879893e-04
6.456530000000000000e+10	4.102720000000000056e+01	3.534545000000000742e-02	2.282089582885000229e+09	3.942995663618433021e-04	1.066954394316697516e-03	2.833432577720078143e-04
6.496060000000000000e+10	4.139560000000000173e+01	3.568230000000001401e-02	2.317943617380000114e+09	4.086692707351858569e-04	1.066405707013973712e-03	2.827477009500960030e-04
6.534620000000000000e+10	4.162409999999999854e+01	3.588144999999997448e-02	2.344716407989999771e+09	4.215740448570613969e-04	1.061960551158529654e-03	2.838015032647691347e-04
6.572250000000000000e+10	4.216659999999999542e+01	3.636130000000001999e-02	2.389755539250000000e+09	4.378015846369066812e-04	1.065950772593372061e-03	2.836164096999121151e-04
6.608990000000000000e+10	4.250930000000000319e+01	3.665714999999999946e-02	2.422667377784999847e+09	4.528077275661757670e-04	1.056713641688003871e-03	2.833998740992214318e-04
6.644880000000000000e+10	4.278620000000000090e+01	3.686460000000000431e-02	2.449608432480000019e+09	4.637403994528824214e-04	1.070731043737928757e-03	2.830580743516085147e-04
6.679940000000000000e+10	4.317140000000000555e+01	3.723440000000002165e-02	2.487235579360000134e+09	4.760215186366736212e-04	1.071512405601516074e-03	2.844152205941867365e-04
6.714200000000000000e+10	4.356020000000000181e+01	3.756539999999999879e-02	2.522216086800000191e+09	4.981751685848109399e-04	1.049776992603114164e-03	2.834036129436750336e-04
6.747700000000000000e+10	4.403270000000000550e+01	3.794089999999998575e-02	2.560138109300000191e+09	5.130145489738595398e-04	1.058671418281114350e-03	2.833637970785981295e-04
6.780450000000000000e+10	4.430290000000000106e+01	3.818254999999998872e-02	2.588948711474999905e+09	5.240983578012218874e-04	1.053655981953439697e-03	2.828446812212898585e-04
6.812500000000000000e+10	4.454939999999999856e+01	3.840960000000000901e-02	2.616654000000000000e+09	5.472840878192528329e-04	1.051293345996327745e-03	2.834398612124784688e-04
6.843850000000000000e+10	4.491600000000000392e+01	3.871735000000000454e-02	2.649757357974999905e+09	5.621916222106335733e-04	1.066713958653826410e-03	2.849764569188946916e-04
6.874530000000000000e+10	4.525850000000000506e+01	3.899624999999999619e-02	2.680808905125000000e+09	5.779883680962824956e-04	1.049935451301041347e-03	2.820140546594023575e-04
6.904560000000000000e+10	4.573489999999999611e+01	3.945445000000000896e-02	2.724156172920000076e+09	5.993941064592035956e-04	1.060490777872851939e-03	2.833433504106362450e-04
6.933970000000000000e+10	4.590840000000000032e+01	3.958059999999999357e-02	2.744506929820000172e+09	6.061470590909607712e-04	1.068947685716677230e-03	2.836053319434954562e-04
6.962770000000000000e+10	4.627709999999999724e+01	3.988795000000000535e-02	2.777306216215000153e+09	6.301721331699581576e-04	1.068317480820443191e-03	2.830689133407301213e-04
6.990990000000000000e+10	4.664339999999999975e+01	4.022189999999998405e-02	2.811909006809999943e+09	6.445467312163031832e-04	1.060413737479429588e-03	2.834265339224197652e-04
7.018630000000000000e+10	4.682920000000000016e+01	4.040600000000000441e-02	2.835947637800000191e+09	6.655895586029828394e-04	1.061981336402336362e-03	2.839046725370572653e-04
7.045720000000000000e+10	4.724499999999999744e+01	4.075750000000000900e-02	2.871659329000000000e+09	6.735016670227877674e-04	1.062927224253016733e-03	2.846713787990240614e-04
7.072270000000000000e+10	4.748460000000000036e+01	4.091820000000000873e-02	2.893845583139999866e+09	6.963255962509720155e-04	1.066694741505071729e-03	2.842637016728913790e-04
7.098300000000000000e+10	4.791100000000000136e+01	4.128520000000000106e-02	2.930547351599999905e+09	7.105503569388587921e-04	1.062719136442891220e-03	2.846603079402338071e-04
7.123820000000000000e+10	4.820120000000000005e+01	4.154909999999998466e-02	2.959883095619999886e+09	7.237454037385532540e-04	1.061623371931078421e-03	2.828029554849553913e-04
7.148840000000000000e+10	4.846529999999999916e+01	4.177465000000000345e-02	2.986402889059999943e+09	7.505814981866137632e-04	1.069330010975789134e-03	2.831948677797992576e-04
7.173390000000000000e+10	4.874699999999999989e+01	4.203304999999997460e-02	3.015194605394999981e+09	7.677091677259455368e-04	1.070283819550175769e-03	2.834614081590141710e-04
7.197470000000000000e+10	4.904429999999999978e+01	4.226804999999998758e-02	3.042230218335000038e+09	7.848185992448974708e-04	1.066240331444674857e-03	2.843715432959163987e-04
7.221090000000000000e+10	4.919609999999999417e+01	4.240600000000002701e-02	3.062175425400000095e+09	7.965375117894609022e-04	1.078338069738333897e-03	2.843545150407989180e-04
7.244270000000000000e+10	4.961939999999999884e+01	4.279825000000000990e-02	3.100420785275000095e+09	8.142887490662702003e-04	1.062864572622489743e-03	2.846534904685653930e-04
7.267020000000000000e+10	4.995770000000000266e+01	4.308069999999999261e-02	3.130683085139999866e+09	8.394486801861603424e-04	1.063589203895978861e-03	2.844542115262235771e-04
7.289350000000000000e+10	5.021720000000000539e+01	4.330679999999999946e-02	3.156784225800000191e+09	8.571152392810177248e-04	1.061323396376008489e-03	2.837798199182991164e-04
7.311270000000000000e+10	5.051970000000000027e+01	4.356854999999999756e-02	3.185414325585000038e+09	8.724068239645931108e-04	1.081326901425129277e-03	2.832227607014771984e-04
7.332790000000000000e+10	5.073629999999999995e+01	4.372725000000000917e-02	3.206427415275000095e+09	8.889240881344448670e-04	1.070134191686438569e-03	2.849456711607362982e-04
7.353910000000000000e+10	5.113669999999999760e+01	4.407649999999998375e-02	3.241346141150000095e+09	9.157156778627267759e-04	1.074079816811525021e-03	2.842075665730665912e-04
7.374660000000000000e+10	5.137350000000000705e+01	4.430959999999999066e-02	3.267682347360000134e+09	9.365242793231687551e-04	1.064000033226004038e-03	2.838674834699564365e-04
7.395030000000000000e+10	5.168109999999999360e+01	4.457159999999998207e-02	3.296083191480000019e+09	9.483033730437683516e-04	1.077316436180942964e-03	2.845968299111317030e-04
7.415040000000000000e+10	5.197590000000000288e+01	4.481415000000001092e-02	3.322987148159999847e+09	9.692937333761961205e-04	1.064481655836991853e-03	2.844697221565577281e-04
7.434690000000000000e+10	5.219910000000000139e+01	4.497064999999999396e-02	3.343428418485000134e+09	9.871328263237387577e-04	1.071857868496538420e-03	2.837164864647386008e-04
7.454000000000000000e+10	5.206409999999999627e+01	4.526120000000002225e-02	3.373769848000000000e+09	1.010644892165430504e-03	1.071611079336325795e-03	2.837109446203465763e-04
7.472970000000000000e+10	5.289390000000000214e+01	4.559929999999998845e-02	3.407622009210000038e+09	1.042594190406839587e-03	1.079505984885497944e-03	2.828751859212734715e-04
7.491600000000000000e+10	5.303549999999999898e+01	4.571110000000001145e-02	3.424492767599999905e+09	1.046566333015368829e-03	1.065074766843480047e-03	2.857356345493692273e-04
7.509910000000000000e+10	5.334899999999999665e+01	4.599330000000002167e-02	3.454055436030000210e+09	1.066277484534362092e-03	1.071599494246681678e-03	2.844125160824200176e-04
7.527910000000000000e+10	5.350899999999999324e+01	4.612794999999996620e-02	3.472470560844999790e+09	1.093601060073763273e-03	1.072911289560885863e-03	2.836817165485359840e-04
7.545590000000000000e+10	5.377570000000000050e+01	4.638645000000000268e-02	3.500131332554999828e+09	1.114207684773157320e-03	1.074780178507801212e-03	2.842512302108893729e-04
7.562970000000000000e+10	5.411359999999999815e+01	4.664795000000000746e-02	3.527970464114999771e+09	1.134529076670435198e-03	1.081243591796700364e-03	2.836906619155427382e-04
7.580040000000000000e+10	5.442999999999999972e+01	4.691205000000000375e-02	3.555952154820000172e+09	1.152874619973931697e-03	1.081629054786076684e-03	2.853069401902534868e-04
7.596830000000000000e+10	5.478439999999999799e+01	4.721819999999999490e-02	3.587086383059999943e+09	1.161426257891378083e-03	1.064003140783515919e-03	2.852011744304801060e-04
7.613330000000000000e+10	5.502449999999999619e+01	4.744399999999998618e-02	3.612068285199999809e+09	1.202798445936934879e-03	1.059536954718334149e-03	2.843667016173346868e-04
7.629560000000000000e+10	5.510000000000000142e+01	4.751195000000001112e-02	3.624952732420000076e+09	1.202338490190311363e-03	1.075139296944212404e-03	2.843268980376908160e-04
7.645500000000000000e+10	5.544699999999999562e+01	4.778794999999998183e-02	3.653627717250000000e+09	1.232815339066439591e-03	1.060660463867628932e-03	2.845964628259021936e-04
7.661180000000000000e+10	5.575840000000000174e+01	4.806400000000001643e-02	3.682269555199999809e+09	1.262972657688339780e-03	1.056914020572467285e-03	2.852275966681383848e-04
7.676590000000000000e+10	5.616460000000000008e+01	4.842489999999998601e-02	3.717381030909999847e+09	1.270278920983287149e-03	1.064904838520495424e-03	2.847334545922907442e-04
7.691750000000000000e+10	5.622220000000000084e+01	4.845905000000000351e-02	3.727348978375000000e+09	1.300085895974575651e-03	1.080013158051962036e-03	2.845430152752954087e-04
7.706650000000000000e+10	5.660350000000000392e+01	4.878809999999998009e-02	3.759928108650000095e+09	1.322755036625358240e-03	1.075756565135101237e-03	2.846887275678818734e-04
7.721310000000000000e+10	5.667790000000000106e+01	4.888464999999999477e-02	3.774535368914999962e+09	1.328319789308250167e-03	1.063476517079198734e-03	2.847836155647458104e-04
7.735710000000000000e+10	5.696109999999999474e+01	4.911485000000001544e-02	3.799382362934999943e+09	1.362328376201037443e-03	1.072817354569174366e-03	2.847265424948987322e-04
7.749880000000000000e+10	5.731770000000000209e+01	4.941884999999998640e-02	3.829901572380000114e+09	1.379485387907084231e-03	1.075656194929531422e-03	2.836977651647284711e-04
7.763820000000000000e+10	5.736390000000000100e+01	4.945055000000000284e-02	3.839251691010000229e+09	1.410307089552941201e-03	1.081114016483110656e-03	2.837072837225136494e-04
7.777520000000000000e+10	5.771320000000000050e+01	4.978240000000000443e-02	3.871836116480000019e+09	1.431141612729891271e-03	1.075228527381851852e-03	2.853334574006414787e-04
7.790990000000000000e+10	5.792249999999999943e+01	4.992304999999998966e-02	3.889499833195000172e+09	1.453728858371869078e-03	1.071764805293497907e-03	2.841614518967703349e-04
7.804250000000000000e+10	5.827359999999999474e+01	5.023794999999999650e-02	3.920695212875000000e+09	1.475459988364525568e-03	1.075333151454598794e-03	2.846247336156195644e-04
7.817280000000000000e+10	5.862140000000000128e+01	5.055184999999998152e-02	3.951779659679999828e+09	1.507235880640030081e-03	1.063937592139502838e-03	2.853470959892282074e-04
7.830100000000000000e+10	5.876290000000000191e+01	5.065355000000000552e-02	3.966223618550000191e+09	1.521117859466664937e-03	1.058487756360867484e-03	2.848920336102156534e-04
7.842710000000000000e+10	5.881350000000000477e+01	5.069364999999999288e-02	3.975755957914999962e+09	1.559094229648769854e-03	1.077348243789898533e-03	2.846374829929469805e-04
7.855110000000000000e+10	5.912850000000000250e+01	5.097584999999997535e-02	4.004209090934999943e+09	1.570009744052663263e-03	1.068797658325581785e-03	2.852393737059387641e-04
7.867300000000000000e+10	5.951760000000000161e+01	5.130459999999999188e-02	4.036286795800000191e+09	1.593653826686090890e-03	1.080123944703379000e-03	2.838805056750269432e-04
7.879300000000000000e+10	5.911659999999999826e+01	5.141619999999999524e-02	4.051236646599999905e+09	1.610471780164038878e-03	1.062711934290417205e-03	2.856066140143394163e-04
7.891090000000000000e+10	5.982689999999999486e+01	5.155354999999998966e-02	4.068137028695000172e+09	1.630501230546974652e-03	1.080931070351235073e-03	2.848826758334962908e-04
7.902700000000000000e+10	5.962049999999999983e+01	5.184639999999998000e-02	4.097265452800000191e+09	1.654466985953467794e-03	1.075715392393301970e-03	2.842571841044897363e-04
7.914110000000000000e+10	6.047339999999999804e+01	5.215254999999999891e-02	4.127410174804999828e+09	1.661888925366929387e-03	1.073855543096138886e-03	2.842837545128209034e-04
7.925330000000000000e+10	6.007010000000000360e+01	5.223724999999999202e-02	4.139974445425000191e+09	1.706539919225451805e-03	1.080144212588240310e-03	2.847246689260451774e-04
7.936380000000000000e+10	6.092719999999999914e+01	5.253420000000000312e-02	4.169313741960000038e+09	1.722522526004991068e-03	1.063687269112837275e-03	2.849664733826354950e-04
7.947230000000000000e+10	6.095799999999999841e+01	5.255905000000003768e-02	4.176988589315000057e+09	1.739924493820581113e-03	1.084050845116744412e-03	2.844873762321675878e-04
7.957910000000000000e+10	6.126169999999999760e+01	5.280445000000002359e-02	4.202130606994999886e+09	1.782156262411422037e-03	1.067722054143035440e-03	2.849976110193592907e-04
7.968420000000000000e+10	6.156759999999999877e+01	5.310849999999999599e-02	4.231908335699999809e+09	1.802362529957667872e-03	1.075513944685198503e-03	2.846350861168920341e-04
7.978750000000000000e+10	6.164459999999999695e+01	5.316939999999997085e-02	4.242253502500000000e+09	1.828436668642007337e-03	1.070413433100203798e-03	2.841156269526737906e-04
7.988910000000000000e+10	6.204550000000000409e+01	5.345599999999998964e-02	4.270551729599999905e+09	1.849799137845002401e-03	1.071458696475471872e-03	2.849252439186332302e-04
7.998900000000000000e+10	6.219489999999999696e+01	5.361950000000000049e-02	4.288970185500000000e+09	1.860395429139907785e-03	1.086796031693970698e-03	2.845473679521296059e-04
8.008730000000000000e+10	6.259109999999999729e+01	5.394815000000001415e-02	4.320561673494999886e+09	1.894556142416195304e-03	1.079549772055809001e-03	2.847541728011960594e-04
8.018390000000000000e+10	6.265119999999999578e+01	5.402234999999998288e-02	4.331722710164999962e+09	1.932059117286644449e-03	1.068692682190684144e-03	2.846054448397125408e-04
8.027890000000000000e+10	6.294529999999999603e+01	5.423434999999998674e-02	4.353873960215000153e+09	1.939038370951948111e-03	1.071446599449724655e-03	2.848365050945835170e-04
8.037240000000000000e+10	6.313539999999999708e+01	5.441964999999997915e-02	4.373837877659999847e+09	1.961916178093315449e-03	1.059458093664712806e-03	2.850132869266655631e-04
8.046430000000000000e+10	6.335640000000000072e+01	5.464549999999999269e-02	4.397011905649999619e+09	2.006925723926974471e-03	1.082426851716173331e-03	2.850232092606721297e-04
8.055460000000000000e+10	6.353679999999999950e+01	5.476030000000000481e-02	4.411194062380000114e+09	2.017437253289995278e-03	1.071095379380474074e-03	2.852421634546941200e-04
8.064350000000000000e+10	6.372560000000000713e+01	5.494444999999999885e-02	4.430912753574999809e+09	2.049456577557885045e-03	1.084380321455119924e-03	2.856295199433557031e-04
8.073090000000000000e+10	6.401260000000000616e+01	5.519725000000003101e-02	4.456123670024999619e+09	2.074804099021275525e-03	1.073610265659112129e-03	2.857838800436699475e-04
8.081680000000000000e+10	6.425000000000000000e+01	5.539060000000001899e-02	4.476491042079999924e+09	2.096688573157439242e-03	1.069273486020723158e-03	2.844667770799732143e-04
8.090120000000000000e+10	6.366020000000000323e+01	5.537859999999999311e-02	4.480195194319999695e+09	2.107912846734347981e-03	1.078421979428448915e-03	2.854087849214913177e-04
8.098420000000000000e+10	6.462959999999999638e+01	5.572805000000001507e-02	4.513091546810000420e+09	2.139946248540968397e-03	1.073335044395821785e-03	2.849075859072664851e-04
8.106590000000000000e+10	6.493370000000000175e+01	5.597665000000001667e-02	4.537797511234999657e+09	2.177833265974686398e-03	1.057375001123754240e-03	2.855344580420274780e-04
8.114610000000000000e+10	6.510229999999999961e+01	5.611509999999998027e-02	4.553521516109999657e+09	2.211150525799121091e-03	1.077536154123080216e-03	2.852361804013475244e-04
8.122500000000000000e+10	6.528900000000000148e+01	5.628689999999998000e-02	4.571903452500000000e+09	2.235886832455980747e-03	1.074667312167064187e-03	2.843257656976861769e-04
8.130250000000000000e+10	6.549880000000000280e+01	5.644745000000000318e-02	4.589318803625000000e+09	2.244610908216213788e-03	1.073614473126116705e-03	2.843296047115975223e-04
8.137870000000000000e+10	6.581659999999999400e+01	5.672200000000000158e-02	4.615962621399999619e+09	2.287702328369664324e-03	1.080006445398227523e-03	2.850201850943645098e-04
8.145360000000000000e+10	6.581609999999999161e+01	5.669865000000005179e-02	4.618309157640000343e+09	2.302092702214963635e-03	1.082178062073500466e-03	2.849463981397047500e-04
8.152720000000000000e+10	6.629899999999999238e+01	5.716745000000000160e-02	4.660702129640000343e+09	2.334423321622716707e-03	1.059561314380058541e-03	2.852671555524783058e-04
8.159950000000000000e+10	6.638460000000000605e+01	5.722389999999998034e-02	4.669441628050000191e+09	2.361503938450323567e-03	1.063687883815251463e-03	2.859096621493356768e-04
8.167050000000000000e+10	6.653879999999999484e+01	5.737255000000003602e-02	4.685644844774999619e+09	2.397502649166290307e-03	1.084932787066608759e-03	2.860407385641953082e-04
8.174040000000000000e+10	6.686560000000000059e+01	5.760664999999999536e-02	4.708790613659999847e+09	2.416499431553825131e-03	1.071911329717242269e-03	2.850828493081373062e-04
8.180900000000000000e+10	6.708979999999999677e+01	5.784595000000002790e-02	4.732319323550000191e+09	2.433582974909950184e-03	1.076638525306956124e-03	2.849789697490033428e-04
8.187630000000000000e+10	6.721020000000000039e+01	5.793404999999998001e-02	4.743425658015000343e+09	2.461886411097952924e-03	1.061932203933709570e-03	2.858079693666790589e-04
8.194250000000000000e+10	6.733979999999999677e+01	5.802500000000001407e-02	4.754713562500000000e+09	2.490652008183519717e-03	1.070257967808404187e-03	2.847577070905929573e-04
8.200750000000000000e+10	6.715229999999999677e+01	5.838029999999998915e-02	4.787622452250000000e+09	2.520967506875785961e-03	1.070314602639879566e-03	2.861120011229182063e-04
8.207140000000000000e+10	6.724340000000000828e+01	5.845924999999997651e-02	4.797832490449999809e+09	2.564412837187819358e-03	1.077350728554226636e-03	2.858514570378497838e-04
8.213410000000000000e+10	6.760340000000000771e+01	5.878370000000000123e-02	4.828146294170000076e+09	2.595475901397435291e-03	1.073094460184731381e-03	2.860051395529785313e-04
8.219570000000000000e+10	6.760640000000000782e+01	5.878135000000000998e-02	4.831574210194999695e+09	2.608342691084613186e-03	1.074685851395322436e-03	2.841108340823572881e-04
8.225610000000000000e+10	6.790340000000000487e+01	5.904664999999998526e-02	4.856947147064999580e+09	2.625904406582480876e-03	1.065869269436962863e-03	2.858192238381220105e-04
8.231550000000000000e+10	6.796219999999999573e+01	5.910775000000002138e-02	4.865483995125000000e+09	2.651328361417449892e-03	1.080203591604122961e-03	2.847604034196262682e-04
8.237370000000000000e+10	6.835790000000000077e+01	5.943395000000000622e-02	4.895794367114999771e+09	2.686774330960861427e-03	1.069295084179136372e-03	2.847900582943910046e-04
8.243090000000000000e+10	6.846590000000000487e+01	5.955654999999999977e-02	4.909300017395000458e+09	2.712056577179714628e-03	1.065011716740732993e-03	2.847792636375038960e-04
8.248700000000000000e+10	6.875310000000000343e+01	5.980234999999998330e-02	4.932916444449999809e+09	2.737148921953690053e-03	1.071064931710572019e-03	2.848649164580967642e-04
8.254210000000000000e+10	6.885039999999999338e+01	5.986370000000001967e-02	4.941275511770000458e+09	2.760178394664512726e-03	1.071029297264386969e-03	2.852318581046689666e-04
8.259610000000000000e+10	6.911509999999999820e+01	6.011445000000002065e-02	4.965219123645000458e+09	2.803203704628299056e-03	1.068984989043649534e-03	2.856119266007085019e-04
8.264910000000000000e+10	6.916550000000000864e+01	6.013684999999997088e-02	4.970256529335000038e+09	2.814810855522523539e-03	1.078510128757845937e-03	2.851743694277861230e-04
8.270110000000000000e+10	6.940770000000000550e+01	6.033334999999997311e-02	4.989634411685000420e+09	2.829295283727560877e-03	1.079792643718766650e-03	2.852309369583682372e-04
8.275210000000000000e+10	6.959499999999999886e+01	6.052424999999996696e-02	5.008508788425000191e+09	2.891054715567588796e-03	1.078083113798952329e-03	2.856610196773901305e-04
8.280210000000000000e+10	6.988949999999999818e+01	6.077425000000000188e-02	5.032235525925000191e+09	2.910107563689530268e-03	1.080979027718275733e-03	2.858857891376928454e-04
8.285110000000000000e+10	7.003929999999999723e+01	6.093995000000001355e-02	5.048941891444999695e+09	2.916171787063126433e-03	1.075600650235937050e-03	2.860045858704377431e-04
8.289920000000000000e+10	7.026229999999999620e+01	6.110104999999999703e-02	5.065228164159999847e+09	2.983327315413248498e-03	1.093088927893933653e-03	2.853005481477458309e-04
8.294630000000000000e+10	7.036140000000000327e+01	6.120864999999998252e-02	5.077031045494999886e+09	2.978223139243118666e-03	1.060409743290383674e-03	2.861556559570950248e-04
8.299250000000000000e+10	7.054229999999999734e+01	6.131095000000000295e-02	5.088349017875000000e+09	3.035363740834827635e-03	1.072183244765801801e-03	2.851439222514433086e-04
8.303770000000000000e+10	7.084600000000000364e+01	6.158819999999999573e-02	5.114142475140000343e+09	3.044488396652627552e-03	1.065994988981755660e-03	2.854587105466656577e-04
8.308200000000000000e+10	7.042329999999999757e+01	6.179765000000000952e-02	5.134272357300000191e+09	3.083767231922797652e-03	1.084570934694779236e-03	2.855604942522680430e-04
8.312550000000000000e+10	7.126569999999999538e+01	6.195710000000000106e-02	5.150214916050000191e+09	3.104158445729399227e-03	1.070762845352973662e-03	2.855709048330345805e-04
8.316800000000000000e+10	7.157720000000000482e+01	6.223179999999995521e-02	5.175694342399999619e+09	3.118327766201491741e-03	1.078117735836921524e-03	2.863195710402388519e-04
8.320960000000000000e+10	7.159919999999999618e+01	6.230000000000001509e-02	5.183958080000000000e+09	3.161730531771195403e-03	1.063314640909796905e-03	2.854633417806413465e-04
8.325030000000000000e+10	7.192669999999999675e+01	6.256429999999998937e-02	5.208496744289999962e+09	3.182442085837533432e-03	1.083514359545974422e-03	2.862423704301550573e-04
8.329020000000000000e+10	7.187859999999999161e+01	6.249590000000002782e-02	5.205296010180000305e+09	3.201736787663389538e-03	1.081013773471427341e-03	2.860042935335611403e-04
8.332920000000000000e+10	7.222570000000000334e+01	6.281169999999998421e-02	5.234048711640000343e+09	3.240739606788542882e-03	1.084704815887721670e-03	2.859431352156743605e-04
8.336740000000000000e+10	7.245699999999999363e+01	6.297415000000000651e-02	5.249991152710000038e+09	3.305130705236524868e-03	1.070915553530991634e-03	2.862999136680221580e-04
8.340470000000000000e+10	7.253029999999999688e+01	6.305525000000000713e-02	5.259104209675000191e+09	3.321852549729646924e-03	1.075609985240153941e-03	2.873000520792471008e-04
8.344120000000000000e+10	7.259020000000001005e+01	6.310065000000002200e-02	5.265193956779999733e+09	3.347313662360306558e-03	1.076838201149873117e-03	2.856897548090866481e-04
8.347690000000000000e+10	7.286439999999998918e+01	6.337605000000001709e-02	5.290436188244999886e+09	3.347090304129892759e-03	1.078958559246119336e-03	2.854603823798453652e-04
8.351180000000000000e+10	7.329080000000000439e+01	6.375099999999994660e-02	5.323960761800000191e+09	3.416353505809638542e-03	1.062287554971702358e-03	2.857934297996375097e-04
8.354580000000000000e+10	7.319469999999999743e+01	6.364300000000000512e-02	5.317105349399999619e+09	3.464395882976213734e-03	1.091013211611781969e-03	2.858600393746373166e-04
8.357910000000000000e+10	7.371120000000000516e+01	6.409965000000000801e-02	5.357391057314999580e+09	3.482190423710039735e-03	1.068670550092077004e-03	2.857606827028450771e-04
8.361160000000000000e+10	7.380129999999999768e+01	6.416289999999996718e-02	5.364762729640000343e+09	3.478957993688731962e-03	1.083138844159264608e-03	2.850704425732922026e-04
8.364330000000000000e+10	7.401000000000000512e+01	6.435760000000000092e-02	5.383082044079999924e+09	3.536099001452043793e-03	1.078543611150881371e-03	2.857811984377390938e-04
8.367430000000000000e+10	7.405180000000000007e+01	6.441724999999996759e-02	5.390068301675000191e+09	3.581944164502783891e-03	1.081410794340259681e-03	2.856177487299931526e-04
8.370440000000000000e+10	7.430349999999999966e+01	6.460004999999996445e-02	5.407308425220000267e+09	3.572125713503737643e-03	1.069913553680960699e-03	2.859394565397303106e-04
8.373390000000000000e+10	7.435790000000000077e+01	6.467339999999999200e-02	5.415356008260000229e+09	3.604307650444297986e-03	1.063970072026753722e-03	2.852688768722600040e-04
8.376260000000000000e+10	7.457789999999999964e+01	6.484530000000000849e-02	5.431610925779999733e+09	3.656793041248693026e-03	1.067581763254196780e-03	2.848747605485290051e-04
8.379050000000000000e+10	7.484300000000000352e+01	6.507634999999999115e-02	5.452779904675000191e+09	3.664347156359076384e-03	1.076909178418726434e-03	2.857823049476238431e-04
8.381770000000000000e+10	7.495270000000000721e+01	6.518544999999996425e-02	5.463694492465000153e+09	3.701850142537319206e-03	1.079220576854323516e-03	2.850506682162834296e-04
8.384420000000000000e+10	7.500289999999999679e+01	6.524204999999999588e-02	5.470167488609999657e+09	3.761899266677460468e-03	1.071541396996082349e-03	2.858483272253105464e-04
8.387000000000000000e+10	7.541159999999999286e+01	6.556214999999999959e-02	5.498697520500000000e+09	3.755624686487681312e-03	1.072239810508406272e-03	2.858068494494745673e-04
8.389510000000000000e+10	7.549049999999999727e+01	6.564209999999999490e-02	5.507050543710000038e+09	3.794201806080377444e-03	1.075540750751979944e-03	2.858314153308391193e-04
8.391950000000000000e+10	7.576470000000000482e+01	6.588299999999999712e-02	5.528868418500000000e+09	3.832453196576829889e-03	1.064669004918831477e-03	2.855820782045400568e-04
8.394320000000000000e+10	7.584170000000000300e+01	6.594919999999998561e-02	5.535986885439999580e+09	3.842747467324125234e-03	1.087408539849670170e-03	2.846490299782434034e-04
8.396620000000000000e+10	7.600929999999999609e+01	6.609550000000001535e-02	5.549787972100000381e+09	3.891077168831407352e-03	1.080957216964405004e-03	2.852155072046194629e-04
8.398850000000000000e+10	7.635800000000000409e+01	6.641364999999996299e-02	5.577982843024999619e+09	3.941744377520717442e-03	1.068583687083102338e-03	2.855535320523825880e-04
8.401020000000000000e+10	7.652640000000000953e+01	6.652959999999999430e-02	5.589165001920000076e+09	3.964787084221075425e-03	1.070979741938978685e-03	2.856649124850454036e-04
8.403120000000000000e+10	7.662020000000001119e+01	6.662624999999998410e-02	5.598683739000000000e+09	3.987433828579241973e-03	1.077355680012165176e-03	2.852563812782869996e-04
8.405160000000000000e+10	7.683859999999999957e+01	6.681270000000000264e-02	5.615714335319999695e+09	4.019442693464748105e-03	1.056844659746755200e-03	2.866800578773852164e-04
8.407130000000000000e+10	7.717619999999999436e+01	6.709404999999996067e-02	5.640684005765000343e+09	4.045347695182885568e-03	1.066925610946219648e-03	2.860273117781605848e-04
8.409030000000000000e+10	7.725560000000000116e+01	6.717399999999998372e-02	5.648681812199999809e+09	4.109217335025528231e-03	1.081113676949493939e-03	2.857741321047179307e-04
8.410870000000000000e+10	7.752439999999999998e+01	6.742299999999999682e-02	5.670860880100000381e+09	4.093351612660171140e-03	1.081094239177785325e-03	2.849945223334754657e-04
8.412650000000000000e+10	7.763039999999999452e+01	6.747635000000001826e-02	5.676549158274999619e+09	4.133446451984718571e-03	1.067147275244898115e-03	2.847947441964212277e-04
8.414370000000000000e+10	7.776810000000000400e+01	6.764485000000003412e-02	5.691887964944999695e+09	4.195173863920377035e-03	1.080887007819702995e-03	2.851798756226693035e-04
8.416020000000000000e+10	7.798109999999999786e+01	6.781025000000000247e-02	5.706924202050000191e+09	4.186321784795882586e-03	1.067788131443265847e-03	2.855648218883328148e-04
8.417620000000000000e+10	7.802020000000000266e+01	6.782325000000005710e-02	5.709103456649999619e+09	4.246134300781478216e-03	1.079705956670036189e-03	2.851441860353739338e-04
8.419150000000000000e+10	7.822880000000000678e+01	6.799535000000003770e-02	5.724630509524999619e+09	4.278757295611103524e-03	1.074372018005507546e-03	2.853114482092162217e-04
8.420630000000000000e+10	7.837479999999999336e+01	6.815290000000000237e-02	5.738903543270000458e+09	4.262344281065429119e-03	1.070852357038277374e-03	2.856068655684386361e-04
8.422040000000000000e+10	7.831470000000000198e+01	6.812039999999996986e-02	5.737127336159999847e+09	4.342297682589128620e-03	1.067198391567111739e-03	2.861346438336965971e-04
8.423390000000000000e+10	7.901739999999999498e+01	6.870839999999997505e-02	5.787576494760000229e+09	4.393432796474939887e-03	1.070414806013573377e-03	2.857337117655589639e-04
8.424690000000000000e+10	7.891310000000000002e+01	6.860129999999997619e-02	5.779446860970000267e+09	4.406996368012732965e-03	1.075635147258669801e-03	2.851717469406337183e-04
8.425930000000000000e+10	7.845779999999999177e+01	6.880939999999997891e-02	5.797831877420000076e+09	4.432895483463062183e-03	1.074598141033799616e-03	2.857313511783962103e-04
8.427110000000000000e+10	7.935810000000000741e+01	6.896885000000003985e-02	5.812080855234999657e+09	4.467944652321921041e-03	1.083471425256198007e-03	2.864009466489523376e-04
8.428240000000000000e+10	7.943220000000000880e+01	6.906650000000000289e-02	5.821090379600000381e+09	4.513795892715506686e-03	1.078570372233980234e-03	2.852743446842097427e-04
8.429310000000000000e+10	7.892869999999999209e+01	6.923514999999999531e-02	5.836045422465000153e+09	4.529589725934465849e-03	1.077470962532456810e-03	2.849621126193009157e-04
8.430320000000000000e+10	7.976330000000000098e+01	6.935559999999998948e-02	5.846899017920000076e+09	4.575475294898296609e-03	1.072184041071524551e-03	2.863478096258538280e-04
8.431280000000000000e+10	8.000539999999999452e+01	6.960810000000000608e-02	5.868853813680000305e+09	4.582773277529213207e-03	1.074669619850828969e-03	2.860442751279939559e-04
8.432190000000000000e+10	8.020929999999999893e+01	6.972824999999997775e-02	5.879618523675000191e+09	4.639971239903025076e-03	1.081654725172376394e-03	2.860568124150717124e-04
8.433040000000000000e+10	8.054800000000000182e+01	7.002429999999998378e-02	5.905177228720000267e+09	4.657434686002125124e-03	1.074504327757574550e-03	2.860167732823262949e-04
8.433840000000000000e+10	8.056270000000000664e+01	7.008385000000000309e-02	5.910759774840000153e+09	4.695752286870537827e-03	1.072842743879880070e-03	2.852407604275514663e-04
8.434580000000000000e+10	8.062500000000000000e+01	7.011945000000001371e-02	5.914281105810000420e+09	4.752249201017912442e-03	1.073009983425644940e-03	2.853340528303482666e-04
8.435280000000000000e+10	8.094729999999999848e+01	7.037029999999999674e-02	5.935931841840000153e+09	4.727248605147497083e-03	1.067513849844279770e-03	2.854745825250109463e-04
8.435920000000000000e+10	8.093280000000000030e+01	7.039100000000003687e-02	5.938128447199999809e+09	4.788548721435608412e-03	1.072398287001748336e-03	2.855049205938719765e-04
8.436510000000000000e+10	8.110360000000000014e+01	7.052805000000005042e-02	5.950105991055000305e+09	4.862913870805413846e-03	1.068756749082058234e-03	2.845221091097660331e-04
8.437050000000000000e+10	8.132179999999999609e+01	7.069935000000002190e-02	5.964939509175000191e+09	4.882238819377699053e-03	1.076862576172711366e-03	2.853143802215858237e-04
8.437540000000000000e+10	8.144750000000000512e+01	7.080720000000001457e-02	5.974385822880000114e+09	4.887270240057159897e-03	1.069285922338210045e-03	2.850338210173787774e-04
8.437980000000000000e+10	8.183319999999999084e+01	7.114785000000002635e-02	6.003441353430000305e+09	4.919144578176883401e-03	1.076523134063319060e-03	2.857170850890321224e-04
8.438360000000000000e+10	8.188850000000000762e+01	7.121874999999999734e-02	6.009694512500000000e+09	4.961450495267945640e-03	1.078248419549998659e-03	2.853737348983473158e-04
8.438700000000000000e+10	8.189470000000000027e+01	7.122679999999999290e-02	6.010615971600000381e+09	5.009240593465892621e-03	1.074105276591596526e-03	2.852280566638619713e-04
8.439000000000000000e+10	8.224070000000000391e+01	7.151490000000004787e-02	6.035142411000000000e+09	5.061051944831796573e-03	1.077666719015350641e-03	2.856324725055565104e-04
8.439240000000000000e+10	8.246510000000000673e+01	7.172104999999999453e-02	6.052711540020000458e+09	5.122839195940923768e-03	1.079774958195527188e-03	2.856965601405417484e-04
8.439430000000000000e+10	8.258520000000000039e+01	7.183070000000002509e-02	6.062101645010000229e+09	5.067889377585834895e-03	1.077056027199537391e-03	2.863649914005806599e-04
8.439580000000000000e+10	8.272520000000000095e+01	7.195449999999997681e-02	6.072657591100000381e+09	5.155994161742363975e-03	1.069517473802726083e-03	2.859454303410431425e-04
8.439690000000000000e+10	8.283159999999999457e+01	7.203030000000000543e-02	6.079134026069999695e+09	5.207417117217937388e-03	1.069191918008910794e-03	2.854727107040176573e-04
8.439740000000000000e+10	8.306030000000001223e+01	7.220485000000001485e-02	6.093901607390000343e+09	5.226848021517025225e-03	1.084059921173864465e-03	2.854681266603477765e-04
8.439750000000000000e+10	8.316979999999999507e+01	7.231960000000002553e-02	6.103593441000000000e+09	5.212421501392463206e-03	1.068267572282275086e-03	2.854732212111246227e-04
8.439710000000000000e+10	8.329000000000000625e+01	7.244254999999999445e-02	6.113941136604999542e+09	5.310616641748084135e-03	1.090285577548717267e-03	2.861584111122181143e-04
8.439630000000000000e+10	8.358319999999999084e+01	7.266840000000002187e-02	6.132944086920000076e+09	5.310340398760490105e-03	1.077231331688287188e-03	2.860621564621654484e-04
8.439510000000000000e+10	8.368950000000000955e+01	7.281520000000001047e-02	6.145246085520000458e+09	5.352223395608507461e-03	1.073423313220901254e-03	2.859201884734641035e-04
8.439340000000000000e+10	8.388719999999999288e+01	7.296580000000002508e-02	6.157831945720000267e+09	5.390307246980046221e-03	1.081217880320811025e-03	2.852284992078327869e-04
8.439120000000000000e+10	8.415370000000001482e+01	7.315154999999999574e-02	6.173347086359999657e+09	5.422202946558536511e-03	1.078465511906055111e-03	2.853166847483570054e-04
8.438860000000000000e+10	8.431690000000000396e+01	7.333029999999997328e-02	6.188241354579999924e+09	5.487463853436019487e-03	1.083516758085376020e-03	2.853498327032393781e-04
8.438560000000000000e+10	8.423649999999999238e+01	7.320099999999997442e-02	6.177110305600000381e+09	5.525843465039224044e-03	1.071166948710226179e-03	2.856895843093133856e-04
8.438220000000000000e+10	8.452270000000000039e+01	7.350285000000000846e-02	6.202332189270000458e+09	5.511398908169121320e-03	1.076088696877140413e-03	2.861130154587835078e-04
8.437830000000000000e+10	8.459989999999999100e+01	7.355095000000000383e-02	6.206104124385000229e+09	5.566911768394083512e-03	1.082707574673924577e-03	2.864741823878644094e-04
8.437410000000000000e+10	8.484420000000000073e+01	7.375125000000001818e-02	6.222695342625000000e+09	5.576151786450645603e-03	1.079357892066847881e-03	2.863026881023191536e-04
8.436940000000000000e+10	8.495589999999999975e+01	7.386554999999996041e-02	6.231992134170000076e+09	5.648273645853487540e-03	1.068120116841800435e-03	2.855520788827227343e-04
8.436420000000000000e+10	8.517069999999999652e+01	7.405420000000001446e-02	6.247523339640000343e+09	5.638065963620875198e-03	1.073302781442360626e-03	2.861246217901233639e-04
8.435870000000000000e+10	8.543080000000000496e+01	7.424590000000000356e-02	6.263287604329999924e+09	5.725280508571358763e-03	1.082543071876607794e-03	2.860933554284403823e-04
8.435280000000000000e+10	8.564020000000000721e+01	7.448009999999997965e-02	6.282604979279999733e+09	5.759792257586968806e-03	1.078158089751039784e-03	2.860564927372190552e-04
8.434650000000000000e+10	8.557920000000000016e+01	7.442834999999999035e-02	6.277770823274999619e+09	5.769460206382018806e-03	1.083050007487507691e-03	2.852462906060780601e-04
8.433970000000000000e+10	8.587209999999998900e+01	7.463959999999998651e-02	6.295081472119999886e+09	5.795512959715642953e-03	1.072400072156055699e-03	2.856912506854917058e-04
8.433260000000000000e+10	8.598770000000000380e+01	7.478420000000003676e-02	6.306746024920000076e+09	5.847939051124195070e-03	1.070149249471729789e-03	2.861858566775744720e-04
8.432510000000000000e+10	8.603640000000000043e+01	7.480810000000003013e-02	6.308200513310000420e+09	5.886891270595742860e-03	1.066969406116448707e-03	2.861603433315264419e-04
8.431720000000000000e+10	8.627950000000001296e+01	7.500445000000000029e-02	6.324165211539999962e+09	5.920961356111365849e-03	1.078201031611438713e-03	2.854218258985948518e-04
8.430890000000000000e+10	8.642770000000000152e+01	7.511514999999997777e-02	6.332875669835000038e+09	5.946265207312717398e-03	1.074411204148471724e-03	2.852125782761839564e-04
8.430020000000000000e+10	8.665760000000000218e+01	7.536044999999998162e-02	6.352901007090000153e+09	5.987568568966753456e-03	1.076323869240673053e-03	2.859623838727951071e-04
8.429120000000000000e+10	8.674009999999999820e+01	7.544284999999999186e-02	6.359168357920000076e+09	6.068420736955295984e-03	1.073831348814653294e-03	2.862647147500642516e-04
8.428180000000000000e+10	8.704059999999999775e+01	7.570944999999999758e-02	6.380928723010000229e+09	6.008193497512275515e-03	1.073000674764367597e-03	2.857836592477573071e-04
8.427200000000000000e+10	8.709620000000001028e+01	7.574065000000002046e-02	6.382816056800000191e+09	6.124599476033699974e-03	1.085273168335716774e-03	2.865966714495281581e-04
8.426180000000000000e+10	8.730180000000000007e+01	7.589170000000000638e-02	6.394771247060000420e+09	6.157435607445768330e-03	1.071889640004889711e-03	2.854678735453543476e-04
8.425130000000000000e+10	8.725749999999999318e+01	7.586514999999996456e-02	6.391737512194999695e+09	6.168667968165710003e-03	1.072285870038444579e-03	2.865466771718241392e-04
8.424040000000000000e+10	8.754090000000000771e+01	7.612055000000003679e-02	6.412425580220000267e+09	6.159086871182989711e-03	1.070171989744361741e-03	2.859173329180411780e-04
