# SourcePhotonFlux	NumberRaysSurvived	PercentageRaysSurvived	PhotonFlux	Bandwidth	HorizontalFocusFWHM	VerticalFocusFWHM
3.540540000000000000e+12	1.287700000000000045e+03	6.438500000000000334e-01	2.279576679000000000e+10	1.936139653908952509e-03	1.072885237921003682e-01	2.954801105277497439e-02
3.748020000000000000e+12	1.651099999999999909e+03	8.255500000000000060e-01	3.094177911000000000e+10	2.576658042887913606e-03	1.042878320263789932e-01	2.927630624928417163e-02
3.931350000000000000e+12	2.070400000000000091e+03	1.035199999999999898e+00	4.069733520000000000e+10	3.163383421033927421e-03	1.039531296150089518e-01	2.912238676563389667e-02
4.096050000000000000e+12	2.447400000000000091e+03	1.223700000000000010e+00	5.012336385000000000e+10	3.846009408951544997e-03	1.071010613003481327e-01	2.912209493684583123e-02
4.245860000000000000e+12	2.851400000000000091e+03	1.425700000000000189e+00	6.053322602000000000e+10	4.670831295342736666e-03	1.138068957395437647e-01	2.919069646054736622e-02
4.383450000000000000e+12	3.133099999999999909e+03	1.566549999999999887e+00	6.866893597500000000e+10	5.494255970339168363e-03	1.078062783156194387e-01	2.913865119568063294e-02
4.510800000000000000e+12	3.456000000000000000e+03	1.728000000000000203e+00	7.794662400000000000e+10	6.249419641618203861e-03	1.060165041099209587e-01	2.903267336467697107e-02
4.629430000000000000e+12	3.682500000000000000e+03	1.841249999999999831e+00	8.523937987500000000e+10	7.191561726052952963e-03	1.058822971397127832e-01	2.879366336182188554e-02
4.740500000000000000e+12	4.013599999999999909e+03	2.006799999999999695e+00	9.513235400000000000e+10	7.649578510705623384e-03	1.128908750866209620e-01	2.897626456497363195e-02
4.844980000000000000e+12	4.289600000000000364e+03	2.144800000000000040e+00	1.039151310400000000e+11	9.017838892162899356e-03	1.075927379960794489e-01	2.872830549891879776e-02
4.943630000000000000e+12	4.559399999999999636e+03	2.279700000000000504e+00	1.126999331100000000e+11	9.789246263190420558e-03	1.081365029000524169e-01	2.857865031563027250e-02
5.037080000000000000e+12	4.839800000000000182e+03	2.419899999999999718e+00	1.218922989200000000e+11	1.077509183998017796e-02	1.048282132805769679e-01	2.823880304743963190e-02
5.125860000000000000e+12	5.086699999999999818e+03	2.543349999999999778e+00	1.303685603100000000e+11	1.197040382847944749e-02	1.053886646044440017e-01	2.808288672456347307e-02
5.210430000000000000e+12	5.242899999999999636e+03	2.621449999999999836e+00	1.365888172350000000e+11	1.293443747477454088e-02	1.096051204094865145e-01	2.884535662209762250e-02
5.291170000000000000e+12	5.377600000000000364e+03	2.688799999999999635e+00	1.422689789600000000e+11	1.361366408337403265e-02	1.054607966842256161e-01	2.874417087607388302e-02
5.368410000000000000e+12	5.452600000000000364e+03	2.726300000000000168e+00	1.463589618300000000e+11	1.501141395945353521e-02	1.097224849509276512e-01	2.840014955905954125e-02
5.442440000000000000e+12	5.568100000000000364e+03	2.784049999999999692e+00	1.515202508200000000e+11	1.586656440653939557e-02	1.052341655074997134e-01	2.824270562113120192e-02
5.513500000000000000e+12	5.692199999999999818e+03	2.846099999999999852e+00	1.569197235000000000e+11	1.747777918631641253e-02	1.064020119820987959e-01	2.860136367354603262e-02
5.581830000000000000e+12	5.747300000000000182e+03	2.873650000000000038e+00	1.604022577950000000e+11	1.819034142006614729e-02	1.037877650250584038e-01	2.844643457747181303e-02
5.647610000000000000e+12	5.574500000000000000e+03	2.932350000000000012e+00	1.656076918350000000e+11	1.966573350067619616e-02	1.036905092424385277e-01	2.852758479091679900e-02
5.711030000000000000e+12	5.924600000000000364e+03	2.962299999999999933e+00	1.691778416900000000e+11	2.052793035147715273e-02	1.078084193110045996e-01	2.857737881266951899e-02
5.772230000000000000e+12	5.740699999999999818e+03	3.021150000000000446e+00	1.743877266450000000e+11	2.139717120580257939e-02	1.063864753124682261e-01	2.863494599810210636e-02
5.831360000000000000e+12	6.078399999999999636e+03	3.039199999999999680e+00	1.772266931200000000e+11	2.231339647747745264e-02	1.056650343083762184e-01	2.852421374134709448e-02
5.888550000000000000e+12	6.162500000000000000e+03	3.081249999999999822e+00	1.814409468750000000e+11	2.426942775313705239e-02	1.056345353981883728e-01	2.871661643418787352e-02
5.943910000000000000e+12	6.273800000000000182e+03	3.136899999999999800e+00	1.864545127900000000e+11	2.576693078576681659e-02	1.064818511776297605e-01	2.840447141645371237e-02
5.997540000000000000e+12	6.363199999999999818e+03	3.181599999999999984e+00	1.908177326400000000e+11	2.628375182442255209e-02	1.058246166684055911e-01	2.859904571163799855e-02
6.049540000000000000e+12	6.451699999999999818e+03	3.225849999999999884e+00	1.951490860900000000e+11	2.721927944626258838e-02	1.038662332817594514e-01	2.833593976826064356e-02
6.100000000000000000e+12	6.494600000000000364e+03	3.247300000000000075e+00	1.980853000000000000e+11	2.908113016410425120e-02	1.054485241073870733e-01	2.810327919314615716e-02
6.149000000000000000e+12	6.529500000000000000e+03	3.264750000000000263e+00	2.007494775000000000e+11	2.935041277723939718e-02	1.080611848772113082e-01	2.858887239151199425e-02
6.196610000000000000e+12	6.602800000000000182e+03	3.301400000000000112e+00	2.045748825400000000e+11	3.140173150277405373e-02	1.067763447170736735e-01	2.859219028262478465e-02
6.242890000000000000e+12	6.686000000000000000e+03	3.342999999999999972e+00	2.086998127000000000e+11	3.296952509714401458e-02	1.061606240960498021e-01	2.843466657382264645e-02
6.287920000000000000e+12	6.826100000000000364e+03	3.413049999999999251e+00	2.146098535600000000e+11	3.375768038970931861e-02	1.056882513797939016e-01	2.841058057195949144e-02
6.331740000000000000e+12	6.870899999999999636e+03	3.435450000000000337e+00	2.175237618300000000e+11	3.583523807355391139e-02	1.053748522364213597e-01	2.839665725581389660e-02
6.374420000000000000e+12	6.947399999999999636e+03	3.473700000000000010e+00	2.214282275400000000e+11	3.665844436881684348e-02	1.072416099113949473e-01	2.831814439543016773e-02
6.416000000000000000e+12	6.941199999999999818e+03	3.470599999999999685e+00	2.226736960000000000e+11	3.787756986128556352e-02	1.071732301595347270e-01	2.827503071643349200e-02
6.456530000000000000e+12	7.092500000000000000e+03	3.546249999999999680e+00	2.289646951250000000e+11	4.017870232498808175e-02	1.061046322655137403e-01	2.855951608910388059e-02
6.496060000000000000e+12	7.149500000000000000e+03	3.574750000000000316e+00	2.322179048500000000e+11	4.107345249414606769e-02	1.060445911520535578e-01	2.840965582083506552e-02
6.534620000000000000e+12	7.188199999999999818e+03	3.594100000000000072e+00	2.348607774200000000e+11	4.233349227443454488e-02	1.076173680503860891e-01	2.846410282382737938e-02
6.572250000000000000e+12	7.286199999999999818e+03	3.643100000000000449e+00	2.394336397500000000e+11	4.464244579685328063e-02	1.068610605643717654e-01	2.843320745272239630e-02
6.608990000000000000e+12	7.338199999999999818e+03	3.669099999999999362e+00	2.424904520900000000e+11	4.625882644346575312e-02	1.056435462187663710e-01	2.832386436193965948e-02
6.644880000000000000e+12	7.407500000000000000e+03	3.703750000000000320e+00	2.461097430000000000e+11	4.727954117768149583e-02	1.065872932615276047e-01	2.865079967795472471e-02
6.679940000000000000e+12	7.416699999999999818e+03	3.708350000000000257e+00	2.477155549900000000e+11	4.879138055435987276e-02	1.066829351487094540e-01	2.851471336508775573e-02
6.714200000000000000e+12	7.482800000000000182e+03	3.741400000000000059e+00	2.512050788000000000e+11	4.933430374720160216e-02	1.076266635531860361e-01	2.854763476484728502e-02
6.747700000000000000e+12	7.637199999999999818e+03	3.818599999999999106e+00	2.576676722000000000e+11	5.205800821216257507e-02	1.061427213409017190e-01	2.833881909743560246e-02
6.780450000000000000e+12	7.649600000000000364e+03	3.824799999999999756e+00	2.593386516000000000e+11	5.328210637251799831e-02	1.100494951533404764e-01	2.857880116807669582e-02
6.812500000000000000e+12	7.662000000000000000e+03	3.831000000000000405e+00	2.609868750000000000e+11	5.479097957930321311e-02	1.087830475736707159e-01	2.857472794667057642e-02
6.843850000000000000e+12	7.728399999999999636e+03	3.864199999999999413e+00	2.644600517000000000e+11	5.689948994403835197e-02	1.056944586778615358e-01	2.827187826114477970e-02
6.874530000000000000e+12	7.857699999999999818e+03	3.928850000000000620e+00	2.700899719050000000e+11	5.808095446410561913e-02	1.054647300636673279e-01	2.820431782640966945e-02
6.904560000000000000e+12	7.854899999999999636e+03	3.927450000000000330e+00	2.711731417200000000e+11	6.057067323246201340e-02	1.065610930991104099e-01	2.837636438951244774e-02
6.933970000000000000e+12	7.906600000000000364e+03	3.953300000000000036e+00	2.741206360100000000e+11	6.211319780601343155e-02	1.063913047558720237e-01	2.833167359696049312e-02
6.962770000000000000e+12	7.972100000000000364e+03	3.986050000000000093e+00	2.775394935850000000e+11	6.233131409542238405e-02	1.085601987955288755e-01	2.851588942605622415e-02
6.990990000000000000e+12	8.032600000000000364e+03	4.016299999999999315e+00	2.807791313700000000e+11	6.431502761214460961e-02	1.053162070351937318e-01	2.836841921244147996e-02
7.018630000000000000e+12	8.006600000000000364e+03	4.003300000000000303e+00	2.809768147900000000e+11	6.699013063013126157e-02	1.095041157452100872e-01	2.858248169746570658e-02
7.045720000000000000e+12	8.118800000000000182e+03	4.059400000000000119e+00	2.860139576800000000e+11	6.633383738121664819e-02	1.078411845937641694e-01	2.849703321352438715e-02
7.072270000000000000e+12	8.203500000000000000e+03	4.101750000000000007e+00	2.900868347250000000e+11	6.939684559861233892e-02	1.096495984358097225e-01	2.824457099187036718e-02
7.098300000000000000e+12	8.243399999999999636e+03	4.121700000000000585e+00	2.925706311000000000e+11	7.188724280556471613e-02	1.095248524636110721e-01	2.832462349103633328e-02
7.123820000000000000e+12	8.326399999999999636e+03	4.163199999999998902e+00	2.965788742400000000e+11	7.233380272062958638e-02	1.045473865848532552e-01	2.869374070651817266e-02
7.148840000000000000e+12	8.346600000000000364e+03	4.173300000000000232e+00	2.983425397200000000e+11	7.564882646569230651e-02	1.084013490124632606e-01	2.856819577326156698e-02
7.173390000000000000e+12	8.394399999999999636e+03	4.197199999999999598e+00	3.010815250800000000e+11	7.649403885245646684e-02	1.066153140347667200e-01	2.830824972673505815e-02
7.197470000000000000e+12	8.496399999999999636e+03	4.248200000000000642e+00	3.057629205400000000e+11	7.708805749779230887e-02	1.071447008270877549e-01	2.863562821400245095e-02
7.221090000000000000e+12	8.459799999999999272e+03	4.229899999999999771e+00	3.054448859100000000e+11	8.098144937881671113e-02	1.037989996276932059e-01	2.838369525982965477e-02
7.244270000000000000e+12	8.524000000000000000e+03	4.262000000000000455e+00	3.087507874000000000e+11	8.420508585712696559e-02	1.046006415697850744e-01	2.831198187384909720e-02
7.267020000000000000e+12	8.577700000000000728e+03	4.288850000000000051e+00	3.116715872700000000e+11	8.329178011892963973e-02	1.056304018605519895e-01	2.843024419386587162e-02
7.289350000000000000e+12	8.655600000000000364e+03	4.327799999999999869e+00	3.154684893000000000e+11	8.729980081830035488e-02	1.069793054859372594e-01	2.834897949553585872e-02
7.311270000000000000e+12	8.720200000000000728e+03	4.360100000000000087e+00	3.187786832700000000e+11	8.908814794349381727e-02	1.055381053357552779e-01	2.828862531961574139e-02
7.332790000000000000e+12	8.750700000000000728e+03	4.375350000000000072e+00	3.208352272650000000e+11	9.111353893388240976e-02	1.048122141680848107e-01	2.874768708291513056e-02
7.353910000000000000e+12	8.816700000000000728e+03	4.408350000000000435e+00	3.241860914850000000e+11	9.357246569635435662e-02	1.047550021021368682e-01	2.846653080762814869e-02
7.374660000000000000e+12	8.800100000000000364e+03	4.400050000000000239e+00	3.244887273300000000e+11	9.450214664050235469e-02	1.069972777047028256e-01	2.888602423790279788e-02
7.395030000000000000e+12	8.881799999999999272e+03	4.440900000000000070e+00	3.284058872700000000e+11	9.502791794819813453e-02	1.080683418348519914e-01	2.864397732723961143e-02
7.415040000000000000e+12	8.938100000000000364e+03	4.469050000000000189e+00	3.313818451200000000e+11	9.808964113411774988e-02	1.075644252921076072e-01	2.829691135261450108e-02
7.434690000000000000e+12	9.021100000000000364e+03	4.510550000000000281e+00	3.353454097950000000e+11	1.020706578626345562e-01	1.076721489697255729e-01	2.830301412075606621e-02
7.454000000000000000e+12	8.606899999999999636e+03	4.529950000000000365e+00	3.376624730000000000e+11	1.037088471479819390e-01	1.104967324317039923e-01	2.843019665325012893e-02
7.472970000000000000e+12	9.095299999999999272e+03	4.547649999999999970e+00	3.398445202050000000e+11	1.053942812650916494e-01	1.059198826827360829e-01	2.817497311059975404e-02
7.491600000000000000e+12	9.112299999999999272e+03	4.556149999999999700e+00	3.413285334000000000e+11	1.066908569433849124e-01	1.054954256514115257e-01	2.864452123472198755e-02
7.509910000000000000e+12	9.199200000000000728e+03	4.599599999999999689e+00	3.454258203600000000e+11	1.057213004894606428e-01	1.071130505047150072e-01	2.832161051315138650e-02
7.527910000000000000e+12	9.198600000000000364e+03	4.599299999999999500e+00	3.462311646300000000e+11	1.075871198991762839e-01	1.090952088671329478e-01	2.825967762936351657e-02
7.545590000000000000e+12	9.204600000000000364e+03	4.602300000000000502e+00	3.472706885700000000e+11	1.134635403200718456e-01	1.108790162132364809e-01	2.830185820446038530e-02
7.562970000000000000e+12	9.317000000000000000e+03	4.658499999999999197e+00	3.523209574500000000e+11	1.154688820986166375e-01	1.109704674190526152e-01	2.877787951261516139e-02
7.580040000000000000e+12	9.404500000000000000e+03	4.702250000000000263e+00	3.564324309000000000e+11	1.150446651231391143e-01	1.105596214803693800e-01	2.882937383401241310e-02
7.596830000000000000e+12	9.430200000000000728e+03	4.715099999999999625e+00	3.581981313300000000e+11	1.171512703533494487e-01	1.091986410615242847e-01	2.846787761098292305e-02
7.613330000000000000e+12	9.429500000000000000e+03	4.714750000000000441e+00	3.589494761750000000e+11	1.220470092076311602e-01	1.075146716323902574e-01	2.830716510784244203e-02
7.629560000000000000e+12	9.506399999999999636e+03	4.753199999999999648e+00	3.626482459200000000e+11	1.207910495161741010e-01	1.088887109371815959e-01	2.834408589613272161e-02
7.645500000000000000e+12	9.582899999999999636e+03	4.791450000000000209e+00	3.663303097500000000e+11	1.223486268973147106e-01	1.074705859316743561e-01	2.822593484928785298e-02
7.661180000000000000e+12	9.619200000000000728e+03	4.809599999999999653e+00	3.684721132800000000e+11	1.276414041503358132e-01	1.094878201483113767e-01	2.846195315048876198e-02
7.676590000000000000e+12	9.678000000000000000e+03	4.839000000000000412e+00	3.714701901000000000e+11	1.307111753930826070e-01	1.079108860643909207e-01	2.857473650020424596e-02
7.691750000000000000e+12	9.670299999999999272e+03	4.835150000000000503e+00	3.719076501250000000e+11	1.322610333991747211e-01	1.080598066390340006e-01	2.871380129594779465e-02
7.706650000000000000e+12	9.748399999999999636e+03	4.874200000000000088e+00	3.756375343000000000e+11	1.324250705356689595e-01	1.089638722188642772e-01	2.870832114640848795e-02
7.721310000000000000e+12	9.772100000000000364e+03	4.886050000000000004e+00	3.772670672550000000e+11	1.339874459486736780e-01	1.070090919651805333e-01	2.862752660304707791e-02
7.735710000000000000e+12	9.784399999999999636e+03	4.892199999999998994e+00	3.784464046200000000e+11	1.393212079976592632e-01	1.078682482611407617e-01	2.863848109375919521e-02
7.749880000000000000e+12	9.850000000000000000e+03	4.924999999999999822e+00	3.816815900000000000e+11	1.399590442554881631e-01	1.110723290914545081e-01	2.826386762489742702e-02
7.763820000000000000e+12	9.872500000000000000e+03	4.936249999999999361e+00	3.832415647500000000e+11	1.437456456660584081e-01	1.107489540035375697e-01	2.843270504509368135e-02
7.777520000000000000e+12	9.909200000000000728e+03	4.954600000000000115e+00	3.853450059200000000e+11	1.461933219357092750e-01	1.090895743508280280e-01	2.847605802273157211e-02
7.790990000000000000e+12	1.002039999999999964e+04	5.010200000000000209e+00	3.903441809800000000e+11	1.478498532381991026e-01	1.084909522463789050e-01	2.834626382223300392e-02
7.804250000000000000e+12	1.002220000000000073e+04	5.011099999999999888e+00	3.910787717500000000e+11	1.473434396043444283e-01	1.045077924701733607e-01	2.847017247894424036e-02
7.817280000000000000e+12	1.008950000000000000e+04	5.044750000000000512e+00	3.943622328000000000e+11	1.522483560225054988e-01	1.085830838946366950e-01	2.853317951435332955e-02
7.830100000000000000e+12	1.013079999999999927e+04	5.065400000000000347e+00	3.966258854000000000e+11	1.539883342496409513e-01	1.059661824557979193e-01	2.874403576353127751e-02
7.842710000000000000e+12	1.016989999999999964e+04	5.084950000000000969e+00	3.987978821450000000e+11	1.561436058756044132e-01	1.070751388438115487e-01	2.889756098260787970e-02
7.855110000000000000e+12	1.017629999999999927e+04	5.088150000000000617e+00	3.996797794650000000e+11	1.552069612465857007e-01	1.070409476979015118e-01	2.860329314771829431e-02
7.867300000000000000e+12	1.025350000000000000e+04	5.126749999999999474e+00	4.033368027500000000e+11	1.606345165462016722e-01	1.074896378901037536e-01	2.855836567377115914e-02
7.879300000000000000e+12	9.744600000000000364e+03	5.129949999999999122e+00	4.042041503500000000e+11	1.622908487042650505e-01	1.081072991996420429e-01	2.858673269860199581e-02
7.891090000000000000e+12	1.037050000000000000e+04	5.185249999999999915e+00	4.091727442250000000e+11	1.617287594617437263e-01	1.072785713496477306e-01	2.857244010928974842e-02
7.902700000000000000e+12	9.843200000000000728e+03	5.179300000000000459e+00	4.093045411000000000e+11	1.653959819021565691e-01	1.089926289350764133e-01	2.881333759131686142e-02
7.914110000000000000e+12	1.040229999999999927e+04	5.201150000000000162e+00	4.116247322650000000e+11	1.649440651197665031e-01	1.078612467372692396e-01	2.832216316236820311e-02
7.925330000000000000e+12	9.931500000000000000e+03	5.228499999999999481e+00	4.143758790500000000e+11	1.735844793463002245e-01	1.080471931144203895e-01	2.852899828680582200e-02
7.936380000000000000e+12	1.050210000000000036e+04	5.251050000000000217e+00	4.167432819900000000e+11	1.720634695900116751e-01	1.092809996113023596e-01	2.834830629242079264e-02
7.947230000000000000e+12	1.047700000000000000e+04	5.238500000000000156e+00	4.163156435500000000e+11	1.777039611715963419e-01	1.091088560232506832e-01	2.868235732002693064e-02
7.957910000000000000e+12	1.058329999999999927e+04	5.291649999999999743e+00	4.211047445150000000e+11	1.757473516951222337e-01	1.053501236028997201e-01	2.871295439414568371e-02
7.968420000000000000e+12	1.059189999999999964e+04	5.295949999999999491e+00	4.220035389900000000e+11	1.843626142262337342e-01	1.067166270135452566e-01	2.871870528952640694e-02
7.978750000000000000e+12	1.061100000000000000e+04	5.305500000000000327e+00	4.233125812500000000e+11	1.841168833247593395e-01	1.053269046597456182e-01	2.851991680548185415e-02
7.988910000000000000e+12	1.075210000000000036e+04	5.376050000000000217e+00	4.294877960550000000e+11	1.871144239714112589e-01	1.086810852150695561e-01	2.832699765975740108e-02
7.998900000000000000e+12	1.074970000000000073e+04	5.374850000000000350e+00	4.299288766500000000e+11	1.894773243590179845e-01	1.064883641355776900e-01	2.852246205581208602e-02
8.008730000000000000e+12	1.080889999999999964e+04	5.404449999999999754e+00	4.328278084850000000e+11	1.958289278214806473e-01	1.081143980742731853e-01	2.834857061481845311e-02
8.018390000000000000e+12	1.077979999999999927e+04	5.389899999999999025e+00	4.321832026100000000e+11	1.914103785439692784e-01	1.067829028627363674e-01	2.856681981461032388e-02
8.027890000000000000e+12	1.087850000000000000e+04	5.439249999999999474e+00	4.366570068250000000e+11	1.946219691476926417e-01	1.096152915802434541e-01	2.850069128445458649e-02
8.037240000000000000e+12	1.094100000000000000e+04	5.470499999999999474e+00	4.396772142000000000e+11	1.950822635704980712e-01	1.063277390193518579e-01	2.848958609492838190e-02
8.046430000000000000e+12	1.087800000000000000e+04	5.439000000000000057e+00	4.376453277000000000e+11	1.966650785500860255e-01	1.044544592679009370e-01	2.870044247090933892e-02
8.055460000000000000e+12	1.094820000000000073e+04	5.474099999999999078e+00	4.409639358600000000e+11	2.059376302518330648e-01	1.070154888000946630e-01	2.845383624067325187e-02
8.064350000000000000e+12	1.099460000000000036e+04	5.497300000000000075e+00	4.433215125500000000e+11	1.997880677904049773e-01	1.109635387232757592e-01	2.882998315969591621e-02
8.073090000000000000e+12	1.103539999999999964e+04	5.517699999999999605e+00	4.454488869300000000e+11	2.040607186570468912e-01	1.123385231777040694e-01	2.870037832936307015e-02
8.081680000000000000e+12	1.107389999999999964e+04	5.536950000000000038e+00	4.474785807600000000e+11	2.067226656248067340e-01	1.081238115436421454e-01	2.874090904871227578e-02
8.090120000000000000e+12	1.050000000000000000e+04	5.528299999999999770e+00	4.472461039600000000e+11	2.140475084865556821e-01	1.105579945270241532e-01	2.867299679211295776e-02
8.098420000000000000e+12	1.112820000000000073e+04	5.564099999999999824e+00	4.506041872200000000e+11	2.146417643381937634e-01	1.083239892475998528e-01	2.840542832510413104e-02
8.106590000000000000e+12	1.120070000000000073e+04	5.600350000000000605e+00	4.539974130650000000e+11	2.180762417688356380e-01	1.047290339096171446e-01	2.876909359170305366e-02
8.114610000000000000e+12	1.125710000000000036e+04	5.628549999999998832e+00	4.567348811550000000e+11	2.217299814541774938e-01	1.086040231356393271e-01	2.874469141023464069e-02
8.122500000000000000e+12	1.128039999999999964e+04	5.640200000000000990e+00	4.581252450000000000e+11	2.217042448437723523e-01	1.070039605949598405e-01	2.840595340519821294e-02
8.130250000000000000e+12	1.130700000000000000e+04	5.653500000000000192e+00	4.596436837500000000e+11	2.260927825111139211e-01	1.089816444336024065e-01	2.867633778142095191e-02
8.137870000000000000e+12	1.137210000000000036e+04	5.686049999999999827e+00	4.627233571350000000e+11	2.326261659628016676e-01	1.056375418068784544e-01	2.841752094668908990e-02
8.145360000000000000e+12	1.138339999999999964e+04	5.691699999999999982e+00	4.636094551200000000e+11	2.343567576936038677e-01	1.068747043691637560e-01	2.849556461646651773e-02
8.152720000000000000e+12	1.143439999999999964e+04	5.717200000000000060e+00	4.661073078400000000e+11	2.305978709704049889e-01	1.042950967040783689e-01	2.881196361352796401e-02
8.159950000000000000e+12	1.142489999999999964e+04	5.712449999999998695e+00	4.661330637750000000e+11	2.402047179190731074e-01	1.076008893994830073e-01	2.875959497582001798e-02
8.167050000000000000e+12	1.145610000000000036e+04	5.728049999999999642e+00	4.678127075250000000e+11	2.396568384257761752e-01	1.091140639452246874e-01	2.892647517812181254e-02
8.174040000000000000e+12	1.154460000000000036e+04	5.772299999999999542e+00	4.718301109200000000e+11	2.421031704408278529e-01	1.070607931718396966e-01	2.868861984852529717e-02
8.180900000000000000e+12	1.153439999999999964e+04	5.767199999999999882e+00	4.718088648000000000e+11	2.398743259155935448e-01	1.085770255484953123e-01	2.850070536755835993e-02
8.187630000000000000e+12	1.157939999999999964e+04	5.789699999999999847e+00	4.740392141100000000e+11	2.464113043342877063e-01	1.059112527468622222e-01	2.871624034593054514e-02
8.194250000000000000e+12	1.163929999999999927e+04	5.819649999999999324e+00	4.768766701250000000e+11	2.492046659188645319e-01	1.081965924694493764e-01	2.876836927101979538e-02
8.200750000000000000e+12	1.170629999999999927e+04	5.853150000000000297e+00	4.800021986250000000e+11	2.526008581355881910e-01	1.078756604108364464e-01	2.861961017779314151e-02
8.207140000000000000e+12	1.171950000000000000e+04	5.859750000000000014e+00	4.809178861500000000e+11	2.626445827007956035e-01	1.084024107321317071e-01	2.874194805553124260e-02
8.213410000000000000e+12	1.175110000000000036e+04	5.875549999999998718e+00	4.825830112550000000e+11	2.628213768100977066e-01	1.034852368800026901e-01	2.889549296717661836e-02
8.219570000000000000e+12	1.178329999999999927e+04	5.891650000000000276e+00	4.842682959050000000e+11	2.612966078711224105e-01	1.061452776612042265e-01	2.850780558249712063e-02
8.225610000000000000e+12	1.181610000000000036e+04	5.908050000000000246e+00	4.859731516050000000e+11	2.666056274247239344e-01	1.074504638904780068e-01	2.850992168059311369e-02
8.231550000000000000e+12	1.182339999999999964e+04	5.911700000000001509e+00	4.866245413500000000e+11	2.702179782111898132e-01	1.038257788388145669e-01	2.858367674512420770e-02
8.237370000000000000e+12	1.190929999999999927e+04	5.954649999999999999e+00	4.905065527050000000e+11	2.679778564106299887e-01	1.061063555064573338e-01	2.852804571812705969e-02
8.243090000000000000e+12	1.189420000000000073e+04	5.947099999999999831e+00	4.902248053900000000e+11	2.758602718534575726e-01	1.074509761200284491e-01	2.842831523933301782e-02
8.248700000000000000e+12	1.194810000000000036e+04	5.974050000000000082e+00	4.927814623500000000e+11	2.769755752306082286e-01	1.079268070120796841e-01	2.867078967089042169e-02
8.254210000000000000e+12	1.197550000000000000e+04	5.987750000000000128e+00	4.942414592750000000e+11	2.723891119090922075e-01	1.090484985386045852e-01	2.879005210129674877e-02
8.259610000000000000e+12	1.202750000000000000e+04	6.013749999999999929e+00	4.967122963750000000e+11	2.795890268946550350e-01	1.051136361028142813e-01	2.863590139074624966e-02
8.264910000000000000e+12	1.203350000000000000e+04	6.016750000000000043e+00	4.972789724250000000e+11	2.825450016841387080e-01	1.083613655845672846e-01	2.861164620567679256e-02
8.270110000000000000e+12	1.208450000000000000e+04	6.042250000000001009e+00	4.997007214750000000e+11	2.841263739304394909e-01	1.089141884778895009e-01	2.858663993404434583e-02
8.275210000000000000e+12	1.206560000000000036e+04	6.032799999999999052e+00	4.992268688800000000e+11	2.940342001039653042e-01	1.086183741953821585e-01	2.839605737826000204e-02
8.280210000000000000e+12	1.216400000000000000e+04	6.081999999999998963e+00	5.036023722000000000e+11	2.921297243038452618e-01	1.077186108111261864e-01	2.860795063917160458e-02
8.285110000000000000e+12	1.213439999999999964e+04	6.067200000000000593e+00	5.026741939200000000e+11	2.965610398941634918e-01	1.107818865463122693e-01	2.864384033905461105e-02
8.289920000000000000e+12	1.219120000000000073e+04	6.095600000000000129e+00	5.053203635200000000e+11	3.018627974652645096e-01	1.105624877108279530e-01	2.836160283324738393e-02
8.294630000000000000e+12	1.220850000000000000e+04	6.104249999999998622e+00	5.063249517750000000e+11	2.910609633290278109e-01	1.072221864541618164e-01	2.863583379996399031e-02
8.299250000000000000e+12	1.227850000000000000e+04	6.139249999999999652e+00	5.095117056250000000e+11	3.061564248572949398e-01	1.053274137837487967e-01	2.861312489717752344e-02
8.303770000000000000e+12	1.233539999999999964e+04	6.167699999999999960e+00	5.121516222900000000e+11	3.100251319951439766e-01	1.033742102413504477e-01	2.854705157387318198e-02
8.308200000000000000e+12	1.170260000000000036e+04	6.159150000000000347e+00	5.117145003000000000e+11	3.209000966425492041e-01	1.107290876770093274e-01	2.879083567525984530e-02
8.312550000000000000e+12	1.240170000000000073e+04	6.200850000000000861e+00	5.154487566750000000e+11	3.169091154904890573e-01	1.084956897659332259e-01	2.878157524689330810e-02
8.316800000000000000e+12	1.252379999999999927e+04	6.261900000000000688e+00	5.207896992000000000e+11	3.220186533754258451e-01	1.104938859845444182e-01	2.870141667156177537e-02
8.320960000000000000e+12	1.239679999999999927e+04	6.198400000000000354e+00	5.157663846400000000e+11	3.231910350878024474e-01	1.070953482112304567e-01	2.873932256331992313e-02
8.325030000000000000e+12	1.248589999999999964e+04	6.242949999999999555e+00	5.197274603850000000e+11	3.227956234804423841e-01	1.084094124340680282e-01	2.874162696564370317e-02
8.329020000000000000e+12	1.247429999999999927e+04	6.237149999999999750e+00	5.194934709300000000e+11	3.210191926462357404e-01	1.064209194408477221e-01	2.876441439267057865e-02
8.332920000000000000e+12	1.254420000000000073e+04	6.272100000000000009e+00	5.226490753200000000e+11	3.221253121176005374e-01	1.100852794880221586e-01	2.862486411247152501e-02
8.336740000000000000e+12	1.260089999999999964e+04	6.300450000000000550e+00	5.252521353300000000e+11	3.349863500786568471e-01	1.047348457837026653e-01	2.867184574051678814e-02
8.340470000000000000e+12	1.260629999999999927e+04	6.303149999999999586e+00	5.257123348050000000e+11	3.378279097392805630e-01	1.071902289200033220e-01	2.886985268365216406e-02
8.344120000000000000e+12	1.263960000000000036e+04	6.319799999999998974e+00	5.273316957600000000e+11	3.347668355572750443e-01	1.046984998735977640e-01	2.871692334435936925e-02
8.347690000000000000e+12	1.268800000000000000e+04	6.344000000000000306e+00	5.295774536000000000e+11	3.396857648171135446e-01	1.079709110068493710e-01	2.884112823882841598e-02
8.351180000000000000e+12	1.268850000000000000e+04	6.344249999999999723e+00	5.298197371500000000e+11	3.440264349778999753e-01	1.065021900889016465e-01	2.866006609240063369e-02
8.354580000000000000e+12	1.278589999999999964e+04	6.392950000000000799e+00	5.341041221100000000e+11	3.449591398387610863e-01	1.079142822648799516e-01	2.880664119277633398e-02
8.357910000000000000e+12	1.278360000000000036e+04	6.391799999999999038e+00	5.342208913800000000e+11	3.448514383552492291e-01	1.102499987998893094e-01	2.867958638033841351e-02
8.361160000000000000e+12	1.286189999999999964e+04	6.430950000000000166e+00	5.377020190200000000e+11	3.480847833979850980e-01	1.087120605357781988e-01	2.839256929433534721e-02
8.364330000000000000e+12	1.285960000000000036e+04	6.429800000000000182e+00	5.378096903400000000e+11	3.532007057044665999e-01	1.091136394032722334e-01	2.867640795208083529e-02
8.367430000000000000e+12	1.284870000000000073e+04	6.424349999999998673e+00	5.375529892050000000e+11	3.578643276004186413e-01	1.093376805531176971e-01	2.868382326009499828e-02
8.370440000000000000e+12	1.292620000000000073e+04	6.463099999999998957e+00	5.409899076400000000e+11	3.610555824807761272e-01	1.097251812891127665e-01	2.871839612662672320e-02
8.373390000000000000e+12	1.291179999999999927e+04	6.455899999999999750e+00	5.405776850100000000e+11	3.657425093785150461e-01	1.088000282090511306e-01	2.842487308224980747e-02
8.376260000000000000e+12	1.298979999999999927e+04	6.494899999999999451e+00	5.440297107400000000e+11	3.595956516016485804e-01	1.068836870896321123e-01	2.865307874211105513e-02
8.379050000000000000e+12	1.304229999999999927e+04	6.521150000000000446e+00	5.464104190750000000e+11	3.707046927379223922e-01	1.089938424637346276e-01	2.846876796244521973e-02
8.381770000000000000e+12	1.305739999999999964e+04	6.528700000000000614e+00	5.472206179900000000e+11	3.745807515141222899e-01	1.088599725262124479e-01	2.866018376431603981e-02
8.384420000000000000e+12	1.298360000000000036e+04	6.491799999999999571e+00	5.442997775600000000e+11	3.907454889983682511e-01	1.102760629710586304e-01	2.870063278608131485e-02
8.387000000000000000e+12	1.315270000000000073e+04	6.576350000000000584e+00	5.515584745000000000e+11	3.763374100343071516e-01	1.085686213112897897e-01	2.873105258078857346e-02
8.389510000000000000e+12	1.311729999999999927e+04	6.558650000000000091e+00	5.502385976150000000e+11	3.774114974070016393e-01	1.071568154027623815e-01	2.879550118716619339e-02
8.391950000000000000e+12	1.320120000000000073e+04	6.600600000000000023e+00	5.539190517000000000e+11	3.789501972375092231e-01	1.051189058048487279e-01	2.880406854773987987e-02
8.394320000000000000e+12	1.321170000000000073e+04	6.605849999999999334e+00	5.545161877200000000e+11	3.954867097514579433e-01	1.082965741572450707e-01	2.861339600035362613e-02
8.396620000000000000e+12	1.319679999999999927e+04	6.598400000000000709e+00	5.540425740800000000e+11	3.889860390675267121e-01	1.119834922976930269e-01	2.853102086265564899e-02
8.398850000000000000e+12	1.323810000000000036e+04	6.619049999999999656e+00	5.559240809250000000e+11	3.967531593529429190e-01	1.096954391019576980e-01	2.862076408872927732e-02
8.401020000000000000e+12	1.331489999999999964e+04	6.657449999999998980e+00	5.592937059900000000e+11	4.019967225574873626e-01	1.065908294906645626e-01	2.859127379440109390e-02
8.403120000000000000e+12	1.328439999999999964e+04	6.642199999999999882e+00	5.581520366400000000e+11	3.994691636949937452e-01	1.094393054959111045e-01	2.859998787357764805e-02
8.405160000000000000e+12	1.336450000000000000e+04	6.682250000000000689e+00	5.616538041000000000e+11	4.086112994503082740e-01	1.034965404061864713e-01	2.871127545799576769e-02
8.407130000000000000e+12	1.343889999999999964e+04	6.719450000000000145e+00	5.649128967850000000e+11	4.081044905242606768e-01	1.106019311169750691e-01	2.869728014693744694e-02
8.409030000000000000e+12	1.344879999999999927e+04	6.724399999999998379e+00	5.654568133200000000e+11	4.068835195743531474e-01	1.049958730806525298e-01	2.867898486386544904e-02
8.410870000000000000e+12	1.347920000000000073e+04	6.739600000000000257e+00	5.668589945200000000e+11	4.141483479947055679e-01	1.049567738860131827e-01	2.844564966549941593e-02
8.412650000000000000e+12	1.355900000000000000e+04	6.779500000000000526e+00	5.703356067500000000e+11	4.231867150664356814e-01	1.081841178191099428e-01	2.862053694900414461e-02
8.414370000000000000e+12	1.349450000000000000e+04	6.747249999999999304e+00	5.677385798250000000e+11	4.241895852346033169e-01	1.098063602782859000e-01	2.866720321329743054e-02
8.416020000000000000e+12	1.355979999999999927e+04	6.779899999999999594e+00	5.705977399800000000e+11	4.304485105489220809e-01	1.025391985543382400e-01	2.850294403809425225e-02
8.417620000000000000e+12	1.361820000000000073e+04	6.809100000000000819e+00	5.731641634200000000e+11	4.332547759935778120e-01	1.081121486151034594e-01	2.888762187140487409e-02
8.419150000000000000e+12	1.369120000000000073e+04	6.845600000000000129e+00	5.763413324000000000e+11	4.318190290466873416e-01	1.090346970216791445e-01	2.861477460082068047e-02
8.420630000000000000e+12	1.364229999999999927e+04	6.821150000000000269e+00	5.743838032450000000e+11	4.304458459550914995e-01	1.060402648714254409e-01	2.874873348707438631e-02
8.422040000000000000e+12	1.359110000000000036e+04	6.795550000000000423e+00	5.723239392200000000e+11	4.403483202391498819e-01	1.044054140200641190e-01	2.858975066174764337e-02
8.423390000000000000e+12	1.376800000000000000e+04	6.884000000000000341e+00	5.798661676000000000e+11	4.428238878867887252e-01	1.107343689564437711e-01	2.868333045349890503e-02
8.424690000000000000e+12	1.378289999999999964e+04	6.891450000000001630e+00	5.805832990050000000e+11	4.386991208661356612e-01	1.059544583402979023e-01	2.876557780281755600e-02
8.425930000000000000e+12	1.311239999999999964e+04	6.904449999999999754e+00	5.817641238850000000e+11	4.500459589402680538e-01	1.077313410362908674e-01	2.869396896773169364e-02
8.427110000000000000e+12	1.384139999999999964e+04	6.920699999999999186e+00	5.832150017700000000e+11	4.492470605849120946e-01	1.106721722289333021e-01	2.872762283250639842e-02
8.428240000000000000e+12	1.380839999999999964e+04	6.904199999999998560e+00	5.819025460800000000e+11	4.533884675046920276e-01	1.079178013536600533e-01	2.871289886135436342e-02
8.429310000000000000e+12	1.312429999999999927e+04	6.903350000000000541e+00	5.819047718850000000e+11	4.531731550948734366e-01	1.112161550595172077e-01	2.867863023801015682e-02
8.430320000000000000e+12	1.386160000000000036e+04	6.930799999999999628e+00	5.842886185600000000e+11	4.576802361904810934e-01	1.082505706375335441e-01	2.879442637797630100e-02
8.431280000000000000e+12	1.387139999999999964e+04	6.935699999999999754e+00	5.847682869600000000e+11	4.595101590504327982e-01	1.075248249104824028e-01	2.860530234145591821e-02
8.432190000000000000e+12	1.393089999999999964e+04	6.965449999999999697e+00	5.873399783550000000e+11	4.570841688121163315e-01	1.106589753692780731e-01	2.894339275503777370e-02
8.433040000000000000e+12	1.405360000000000036e+04	7.026799999999999713e+00	5.925728547200000000e+11	4.643420153123770655e-01	1.101778378718787782e-01	2.872293709285252822e-02
8.433840000000000000e+12	1.399910000000000036e+04	6.999549999999999272e+00	5.903308477200000000e+11	4.723338696900100109e-01	1.044423221531380203e-01	2.865614515204875645e-02
8.434580000000000000e+12	1.402220000000000073e+04	7.011100000000000776e+00	5.913568383800000000e+11	4.815206777135699889e-01	1.076112673741939918e-01	2.855112745519357981e-02
8.435280000000000000e+12	1.413500000000000000e+04	7.067499999999998117e+00	5.961634140000000000e+11	4.730518213842060393e-01	1.099520743161065683e-01	2.857497216007163360e-02
8.435920000000000000e+12	1.404710000000000036e+04	7.023550000000000182e+00	5.925010591600000000e+11	4.784228885192988168e-01	1.089635250355839996e-01	2.895002476793519589e-02
8.436510000000000000e+12	1.414460000000000036e+04	7.072300000000000253e+00	5.966552967300000000e+11	4.785132030341173737e-01	1.111301006093013966e-01	2.866395176111839055e-02
8.437050000000000000e+12	1.416070000000000073e+04	7.080350000000000144e+00	5.973726696750000000e+11	4.905474848823814793e-01	1.088846131152680641e-01	2.845134583709197848e-02
8.437540000000000000e+12	1.417789999999999964e+04	7.088949999999999640e+00	5.981329918300000000e+11	4.902924241691835050e-01	1.053293922657934784e-01	2.847897109447917671e-02
8.437980000000000000e+12	1.421339999999999964e+04	7.106700000000000905e+00	5.996619246600000000e+11	4.988173943684159894e-01	1.081367295616834090e-01	2.877164402062262760e-02
8.438360000000000000e+12	1.424110000000000036e+04	7.120549999999999713e+00	6.008576429800000000e+11	4.942637692844072950e-01	1.073244635033080430e-01	2.868954351034097572e-02
8.438700000000000000e+12	1.423139999999999964e+04	7.115700000000001246e+00	6.004725759000000000e+11	5.048564030159923277e-01	1.072700798828801483e-01	2.882501693932192771e-02
8.439000000000000000e+12	1.426910000000000036e+04	7.134549999999999947e+00	6.020846745000000000e+11	4.969931054913104274e-01	1.081093232037397822e-01	2.864303236787597157e-02
8.439240000000000000e+12	1.432270000000000073e+04	7.161350000000000549e+00	6.043635137400000000e+11	5.135054670892713613e-01	1.087883802138366607e-01	2.853823496069147689e-02
8.439430000000000000e+12	1.434370000000000073e+04	7.171850000000000946e+00	6.052632604550000000e+11	5.080558131198358307e-01	1.101930443891257216e-01	2.884973027770874193e-02
8.439580000000000000e+12	1.436250000000000000e+04	7.181250000000000355e+00	6.060673387500000000e+11	5.040501021363070766e-01	1.086276540611139374e-01	2.887475677771223631e-02
8.439690000000000000e+12	1.443639999999999964e+04	7.218200000000000394e+00	6.091937035800000000e+11	5.240805976340198180e-01	1.085971244830024052e-01	2.859506908269087572e-02
8.439740000000000000e+12	1.446270000000000073e+04	7.231349999999999056e+00	6.103071384900000000e+11	5.214777467636849684e-01	1.043318435023799784e-01	2.852630867779814422e-02
8.439750000000000000e+12	1.447450000000000000e+04	7.237250000000000405e+00	6.108058068750000000e+11	5.233776121102436951e-01	1.075338098358692707e-01	2.868254486074089948e-02
8.439710000000000000e+12	1.448100000000000000e+04	7.240499999999999936e+00	6.110772025500000000e+11	5.316947162412362093e-01	1.095526234058526727e-01	2.856287346919257966e-02
8.439630000000000000e+12	1.456860000000000036e+04	7.284299999999999997e+00	6.147679680900000000e+11	5.370711351715271586e-01	1.035895936999045308e-01	2.873643274369360595e-02
8.439510000000000000e+12	1.448729999999999927e+04	7.243649999999999700e+00	6.113285661150000000e+11	5.444543852597234501e-01	1.083448482257442363e-01	2.868130987674315582e-02
8.439340000000000000e+12	1.452439999999999964e+04	7.262199999999999989e+00	6.128817494800000000e+11	5.377902215935591590e-01	1.063345018252124241e-01	2.852838266947003293e-02
8.439120000000000000e+12	1.469350000000000000e+04	7.346750000000000114e+00	6.200010486000000000e+11	5.415350896805648517e-01	1.074646774763875073e-01	2.843501717807762202e-02
8.438860000000000000e+12	1.465850000000000000e+04	7.329250000000000043e+00	6.185051465500000000e+11	5.405949022674121363e-01	1.079383952723476786e-01	2.876404737404463646e-02
8.438560000000000000e+12	1.473210000000000036e+04	7.366050000000001319e+00	6.215885488800000000e+11	5.464121486296334984e-01	1.066778710730726665e-01	2.879876555766579596e-02
8.438220000000000000e+12	1.469160000000000036e+04	7.345799999999999663e+00	6.198547647600000000e+11	5.467494844109751506e-01	1.061799316250717773e-01	2.900112137734347367e-02
8.437830000000000000e+12	1.474560000000000036e+04	7.372799999999999798e+00	6.221043302400000000e+11	5.623337492782866098e-01	1.108069601556017914e-01	2.896242549536693495e-02
8.437410000000000000e+12	1.478939999999999964e+04	7.394700000000000273e+00	6.239211572700000000e+11	5.587250340275204952e-01	1.090007874673909055e-01	2.864352028629964589e-02
8.436940000000000000e+12	1.480410000000000036e+04	7.402050000000000018e+00	6.245065172700000000e+11	5.621619004452440560e-01	1.062175331508043996e-01	2.893013867220379717e-02
8.436420000000000000e+12	1.485550000000000000e+04	7.427750000000000519e+00	6.266361865500000000e+11	5.702928965895353031e-01	1.046621987074193294e-01	2.876094530000226218e-02
8.435870000000000000e+12	1.490129999999999927e+04	7.450649999999998663e+00	6.285271481550000000e+11	5.773174905060386441e-01	1.052082557672510132e-01	2.866915648281442158e-02
8.435280000000000000e+12	1.488310000000000036e+04	7.441549999999999443e+00	6.277155788400000000e+11	5.752254453766909581e-01	1.073059684578416828e-01	2.879622048256173447e-02
8.434650000000000000e+12	1.488010000000000036e+04	7.440050000000001162e+00	6.275421773250000000e+11	5.808615832376290422e-01	1.089694598743558840e-01	2.850212717414933941e-02
8.433970000000000000e+12	1.500310000000000036e+04	7.501549999999999052e+00	6.326784765350000000e+11	5.918156566529433338e-01	1.080904326793622194e-01	2.862525010365192177e-02
8.433260000000000000e+12	1.496060000000000036e+04	7.480300000000001504e+00	6.308331477800000000e+11	5.904654761505299110e-01	1.072042186140437225e-01	2.890252090929115031e-02
8.432510000000000000e+12	1.499500000000000000e+04	7.497500000000000497e+00	6.322274372500000000e+11	5.900164190187296986e-01	1.059837885962094661e-01	2.864521373771517984e-02
8.431720000000000000e+12	1.501539999999999964e+04	7.507699999999999818e+00	6.330282424400000000e+11	5.966747734816635340e-01	1.054258954519926850e-01	2.857518155330410203e-02
8.430890000000000000e+12	1.508989999999999964e+04	7.544950000000001822e+00	6.361064350550000000e+11	5.987887308181598645e-01	1.042836736241499473e-01	2.857132405834802991e-02
8.430020000000000000e+12	1.508179999999999927e+04	7.540900000000000603e+00	6.356993781800000000e+11	5.940521569062638951e-01	1.097414450073982140e-01	2.881506840051346538e-02
8.429120000000000000e+12	1.505010000000000036e+04	7.525050000000000239e+00	6.342954945600000000e+11	6.092672619551648960e-01	1.075722731296382684e-01	2.867709119186127170e-02
8.428180000000000000e+12	1.510500000000000000e+04	7.552500000000000213e+00	6.365382945000000000e+11	5.939877104255628648e-01	1.076403438675974378e-01	2.857427458497816680e-02
8.427200000000000000e+12	1.511400000000000000e+04	7.556999999999999496e+00	6.368435040000000000e+11	6.179282542021610203e-01	1.086554893590620380e-01	2.867823896786101528e-02
8.426180000000000000e+12	1.523800000000000000e+04	7.618999999999999773e+00	6.419906542000000000e+11	6.265442759523012217e-01	1.110799922166581383e-01	2.878491215711921972e-02
8.425130000000000000e+12	1.518110000000000036e+04	7.590550000000002129e+00	6.395137052150000000e+11	6.301875225874027375e-01	1.094910446920224212e-01	2.879862177765468018e-02
8.424040000000000000e+12	1.522039999999999964e+04	7.610200000000000742e+00	6.410862920800000000e+11	6.137277436881959369e-01	1.050473810463822960e-01	2.869876115743656350e-02
