Simulation Number ExitSlit.totalHeight Dipole.photonEnergy PG.cFactor PG.orderDiffraction Dipole.numberRays Dipole.sourceWidth Dipole.sourceHeight Dipole.verEbeamDiv
0                     0.1                   50                    2.25                  1                     100000.0              0.01715               0.0024300000000000003 5.72                 
1                     0.1                   150                   2.25                  1                     100000.0              0.01715               0.0024300000000000003 5.72                 
2                     0.1                   250                   2.25                  1                     100000.0              0.01715               0.0024300000000000003 5.72                 
3                     0.1                   350                   2.25                  1                     100000.0              0.01715               0.0024300000000000003 5.72                 
4                     0.1                   450                   2.25                  1                     100000.0              0.01715               0.0024300000000000003 5.72                 
5                     0.1                   550                   2.25                  1                     100000.0              0.01715               0.0024300000000000003 5.72                 
6                     0.1                   650                   2.25                  1                     100000.0              0.01715               0.0024300000000000003 5.72                 
7                     0.1                   750                   2.25                  1                     100000.0              0.01715               0.0024300000000000003 5.72                 
8                     0.1                   850                   2.25                  1                     100000.0              0.01715               0.0024300000000000003 5.72                 
9                     0.1                   950                   2.25                  1                     100000.0              0.01715               0.0024300000000000003 5.72                 
10                    0.1                   1050                  2.25                  1                     100000.0              0.01715               0.0024300000000000003 5.72                 
11                    0.1                   1150                  2.25                  1                     100000.0              0.01715               0.0024300000000000003 5.72                 
12                    0.1                   1250                  2.25                  1                     100000.0              0.01715               0.0024300000000000003 5.72                 
13                    0.1                   1350                  2.25                  1                     100000.0              0.01715               0.0024300000000000003 5.72                 
14                    0.1                   1450                  2.25                  1                     100000.0              0.01715               0.0024300000000000003 5.72                 
15                    0.1                   1550                  2.25                  1                     100000.0              0.01715               0.0024300000000000003 5.72                 
16                    0.1                   1650                  2.25                  1                     100000.0              0.01715               0.0024300000000000003 5.72                 
17                    0.1                   1750                  2.25                  1                     100000.0              0.01715               0.0024300000000000003 5.72                 
18                    0.1                   1850                  2.25                  1                     100000.0              0.01715               0.0024300000000000003 5.72                 
19                    0.1                   1950                  2.25                  1                     100000.0              0.01715               0.0024300000000000003 5.72                 
20                    0.1                   2050                  2.25                  1                     100000.0              0.01715               0.0024300000000000003 5.72                 
21                    0.1                   2150                  2.25                  1                     100000.0              0.01715               0.0024300000000000003 5.72                 
22                    0.1                   2250                  2.25                  1                     100000.0              0.01715               0.0024300000000000003 5.72                 
23                    0.1                   2350                  2.25                  1                     100000.0              0.01715               0.0024300000000000003 5.72                 
24                    0.1                   2450                  2.25                  1                     100000.0              0.01715               0.0024300000000000003 5.72                 
25                    0.1                   2550                  2.25                  1                     100000.0              0.01715               0.0024300000000000003 5.72                 
