Simulation Number PG.cFactor ExitSlit.openingHeight SU.photonEnergy PG.orderDiffraction SU.numberRays
0                 2.5        0.1                    1000            1                   100000       
1                 2.5        0.012                  100             1                   100000.0     
2                 2.5        0.012                  150             1                   100000.0     
3                 2.5        0.012                  200             1                   100000.0     
4                 2.5        0.012                  250             1                   100000.0     
5                 2.5        0.012                  300             1                   100000.0     
6                 2.5        0.012                  350             1                   100000.0     
7                 2.5        0.012                  400             1                   100000.0     
8                 2.5        0.012                  450             1                   100000.0     
9                 2.5        0.012                  500             1                   100000.0     
10                2.5        0.012                  550             1                   100000.0     
11                2.5        0.012                  600             1                   100000.0     
12                2.5        0.012                  650             1                   100000.0     
13                2.5        0.012                  700             1                   100000.0     
14                2.5        0.012                  750             1                   100000.0     
15                2.5        0.012                  800             1                   100000.0     
16                2.5        0.012                  850             1                   100000.0     
17                2.5        0.012                  900             1                   100000.0     
18                2.5        0.012                  950             1                   100000.0     
19                2.5        0.012                  1000            1                   100000.0     
20                2.5        0.012                  1050            1                   100000.0     
21                2.5        0.012                  1100            1                   100000.0     
22                2.5        0.012                  1150            1                   100000.0     
23                2.5        0.012                  1200            1                   100000.0     
24                2.5        0.012                  1250            1                   100000.0     
25                2.5        0.012                  1300            1                   100000.0     
26                2.5        0.012                  1350            1                   100000.0     
27                2.5        0.012                  1400            1                   100000.0     
28                2.5        0.012                  1450            1                   100000.0     
29                2.5        0.012                  1500            1                   100000.0     
30                2.5        0.012                  1550            1                   100000.0     
31                2.5        0.012                  1600            1                   100000.0     
32                2.5        0.012                  1650            1                   100000.0     
33                2.5        0.012                  1700            1                   100000.0     
34                2.5        0.012                  1750            1                   100000.0     
35                2.5        0.012                  1800            1                   100000.0     
36                2.5        0.012                  1850            1                   100000.0     
37                2.5        0.012                  1900            1                   100000.0     
38                2.5        0.012                  1950            1                   100000.0     
39                2.5        0.012                  2000            1                   100000.0     
40                2.5        0.01                   100             1                   100000.0     
41                2.5        0.01                   150             1                   100000.0     
42                2.5        0.01                   200             1                   100000.0     
43                2.5        0.01                   250             1                   100000.0     
44                2.5        0.01                   300             1                   100000.0     
45                2.5        0.01                   350             1                   100000.0     
46                2.5        0.01                   400             1                   100000.0     
47                2.5        0.01                   450             1                   100000.0     
48                2.5        0.01                   500             1                   100000.0     
49                2.5        0.01                   550             1                   100000.0     
50                2.5        0.01                   600             1                   100000.0     
51                2.5        0.01                   650             1                   100000.0     
52                2.5        0.01                   700             1                   100000.0     
53                2.5        0.01                   750             1                   100000.0     
54                2.5        0.01                   800             1                   100000.0     
55                2.5        0.01                   850             1                   100000.0     
56                2.5        0.01                   900             1                   100000.0     
57                2.5        0.01                   950             1                   100000.0     
58                2.5        0.01                   1000            1                   100000.0     
59                2.5        0.01                   1050            1                   100000.0     
60                2.5        0.01                   1100            1                   100000.0     
61                2.5        0.01                   1150            1                   100000.0     
62                2.5        0.01                   1200            1                   100000.0     
63                2.5        0.01                   1250            1                   100000.0     
64                2.5        0.01                   1300            1                   100000.0     
65                2.5        0.01                   1350            1                   100000.0     
66                2.5        0.01                   1400            1                   100000.0     
67                2.5        0.01                   1450            1                   100000.0     
68                2.5        0.01                   1500            1                   100000.0     
69                2.5        0.01                   1550            1                   100000.0     
70                2.5        0.01                   1600            1                   100000.0     
71                2.5        0.01                   1650            1                   100000.0     
72                2.5        0.01                   1700            1                   100000.0     
73                2.5        0.01                   1750            1                   100000.0     
74                2.5        0.01                   1800            1                   100000.0     
75                2.5        0.01                   1850            1                   100000.0     
76                2.5        0.01                   1900            1                   100000.0     
77                2.5        0.01                   1950            1                   100000.0     
78                2.5        0.01                   2000            1                   100000.0     
79                2.5        0.008                  100             1                   100000.0     
80                2.5        0.008                  150             1                   100000.0     
81                2.5        0.008                  200             1                   100000.0     
82                2.5        0.008                  250             1                   100000.0     
83                2.5        0.008                  300             1                   100000.0     
84                2.5        0.008                  350             1                   100000.0     
85                2.5        0.008                  400             1                   100000.0     
86                2.5        0.008                  450             1                   100000.0     
87                2.5        0.008                  500             1                   100000.0     
88                2.5        0.008                  550             1                   100000.0     
89                2.5        0.008                  600             1                   100000.0     
90                2.5        0.008                  650             1                   100000.0     
91                2.5        0.008                  700             1                   100000.0     
92                2.5        0.008                  750             1                   100000.0     
93                2.5        0.008                  800             1                   100000.0     
94                2.5        0.008                  850             1                   100000.0     
95                2.5        0.008                  900             1                   100000.0     
96                2.5        0.008                  950             1                   100000.0     
97                2.5        0.008                  1000            1                   100000.0     
98                2.5        0.008                  1050            1                   100000.0     
99                2.5        0.008                  1100            1                   100000.0     
100               2.5        0.008                  1150            1                   100000.0     
101               2.5        0.008                  1200            1                   100000.0     
102               2.5        0.008                  1250            1                   100000.0     
103               2.5        0.008                  1300            1                   100000.0     
104               2.5        0.008                  1350            1                   100000.0     
105               2.5        0.008                  1400            1                   100000.0     
106               2.5        0.008                  1450            1                   100000.0     
107               2.5        0.008                  1500            1                   100000.0     
108               2.5        0.008                  1550            1                   100000.0     
109               2.5        0.008                  1600            1                   100000.0     
110               2.5        0.008                  1650            1                   100000.0     
111               2.5        0.008                  1700            1                   100000.0     
112               2.5        0.008                  1750            1                   100000.0     
113               2.5        0.008                  1800            1                   100000.0     
114               2.5        0.008                  1850            1                   100000.0     
115               2.5        0.008                  1900            1                   100000.0     
116               2.5        0.008                  1950            1                   100000.0     
117               2.5        0.008                  2000            1                   100000.0     
118               2.5        0.006                  100             1                   100000.0     
119               2.5        0.006                  150             1                   100000.0     
120               2.5        0.006                  200             1                   100000.0     
121               2.5        0.006                  250             1                   100000.0     
122               2.5        0.006                  300             1                   100000.0     
123               2.5        0.006                  350             1                   100000.0     
124               2.5        0.006                  400             1                   100000.0     
125               2.5        0.006                  450             1                   100000.0     
126               2.5        0.006                  500             1                   100000.0     
127               2.5        0.006                  550             1                   100000.0     
128               2.5        0.006                  600             1                   100000.0     
129               2.5        0.006                  650             1                   100000.0     
130               2.5        0.006                  700             1                   100000.0     
131               2.5        0.006                  750             1                   100000.0     
132               2.5        0.006                  800             1                   100000.0     
133               2.5        0.006                  850             1                   100000.0     
134               2.5        0.006                  900             1                   100000.0     
135               2.5        0.006                  950             1                   100000.0     
136               2.5        0.006                  1000            1                   100000.0     
137               2.5        0.006                  1050            1                   100000.0     
138               2.5        0.006                  1100            1                   100000.0     
139               2.5        0.006                  1150            1                   100000.0     
140               2.5        0.006                  1200            1                   100000.0     
141               2.5        0.006                  1250            1                   100000.0     
142               2.5        0.006                  1300            1                   100000.0     
143               2.5        0.006                  1350            1                   100000.0     
144               2.5        0.006                  1400            1                   100000.0     
145               2.5        0.006                  1450            1                   100000.0     
146               2.5        0.006                  1500            1                   100000.0     
147               2.5        0.006                  1550            1                   100000.0     
148               2.5        0.006                  1600            1                   100000.0     
149               2.5        0.006                  1650            1                   100000.0     
150               2.5        0.006                  1700            1                   100000.0     
151               2.5        0.006                  1750            1                   100000.0     
152               2.5        0.006                  1800            1                   100000.0     
153               2.5        0.006                  1850            1                   100000.0     
154               2.5        0.006                  1900            1                   100000.0     
155               2.5        0.006                  1950            1                   100000.0     
156               2.5        0.006                  2000            1                   100000.0     
157               2.5        0.002                  100             1                   100000.0     
158               2.5        0.002                  150             1                   100000.0     
159               2.5        0.002                  200             1                   100000.0     
160               2.5        0.002                  250             1                   100000.0     
161               2.5        0.002                  300             1                   100000.0     
162               2.5        0.002                  350             1                   100000.0     
163               2.5        0.002                  400             1                   100000.0     
164               2.5        0.002                  450             1                   100000.0     
165               2.5        0.002                  500             1                   100000.0     
166               2.5        0.002                  550             1                   100000.0     
167               2.5        0.002                  600             1                   100000.0     
168               2.5        0.002                  650             1                   100000.0     
169               2.5        0.002                  700             1                   100000.0     
170               2.5        0.002                  750             1                   100000.0     
171               2.5        0.002                  800             1                   100000.0     
172               2.5        0.002                  850             1                   100000.0     
173               2.5        0.002                  900             1                   100000.0     
174               2.5        0.002                  950             1                   100000.0     
175               2.5        0.002                  1000            1                   100000.0     
176               2.5        0.002                  1050            1                   100000.0     
177               2.5        0.002                  1100            1                   100000.0     
178               2.5        0.002                  1150            1                   100000.0     
179               2.5        0.002                  1200            1                   100000.0     
180               2.5        0.002                  1250            1                   100000.0     
181               2.5        0.002                  1300            1                   100000.0     
182               2.5        0.002                  1350            1                   100000.0     
183               2.5        0.002                  1400            1                   100000.0     
184               2.5        0.002                  1450            1                   100000.0     
185               2.5        0.002                  1500            1                   100000.0     
186               2.5        0.002                  1550            1                   100000.0     
187               2.5        0.002                  1600            1                   100000.0     
188               2.5        0.002                  1650            1                   100000.0     
189               2.5        0.002                  1700            1                   100000.0     
190               2.5        0.002                  1750            1                   100000.0     
191               2.5        0.002                  1800            1                   100000.0     
192               2.5        0.002                  1850            1                   100000.0     
193               2.5        0.002                  1900            1                   100000.0     
194               2.5        0.002                  1950            1                   100000.0     
