# SourcePhotonFlux	NumberRaysSurvived	PercentageRaysSurvived	PhotonFlux	Bandwidth	HorizontalFocusFWHM	VerticalFocusFWHM
nan	2.500000000000000000e+04	2.500000000000000000e+01	nan	2.497972280803129053e-02	2.747543840962284045e-02	2.598596595760947758e-02
nan	2.500000000000000000e+04	2.500000000000000000e+01	nan	3.743414620732110620e-02	2.228533646572457283e-02	2.158014882964465891e-02
nan	2.500000000000000000e+04	2.500000000000000000e+01	nan	4.990893917424976678e-02	2.037915545251833133e-02	1.922707551292431039e-02
nan	2.500000000000000000e+04	2.500000000000000000e+01	nan	6.239328152473078148e-02	1.892201712753449616e-02	1.623116659031267200e-02
nan	2.500000000000000000e+04	2.500000000000000000e+01	nan	7.456039654929114135e-02	1.682352537820938979e-02	1.499161928907444957e-02
nan	2.500000000000000000e+04	2.500000000000000000e+01	nan	8.736958745238965207e-02	1.711315769156748073e-02	1.378870210458314934e-02
nan	2.500000000000000000e+04	2.500000000000000000e+01	nan	9.964922822062405317e-02	1.581720782999509328e-02	1.383015806643049170e-02
nan	2.500000000000000000e+04	2.500000000000000000e+01	nan	1.123613480756304739e-01	1.568496294888793371e-02	1.280636703752205396e-02
nan	2.500000000000000000e+04	2.500000000000000000e+01	nan	1.247732870780140502e-01	1.416919976976664837e-02	1.207065101902483201e-02
nan	2.500000000000000000e+04	2.500000000000000000e+01	nan	1.373674593631619700e-01	1.464589838132363681e-02	1.114652560467739237e-02
nan	2.500000000000000000e+04	2.500000000000000000e+01	nan	1.498550198032191361e-01	1.430958356036986408e-02	1.043445684591813583e-02
nan	2.500000000000000000e+04	2.500000000000000000e+01	nan	1.622501849874709023e-01	1.405905175194735110e-02	1.013005536561844763e-02
nan	2.500000000000000000e+04	2.500000000000000000e+01	nan	1.747486518377527887e-01	1.362314221220075998e-02	1.056533055576793292e-02
nan	2.500000000000000000e+04	2.500000000000000000e+01	nan	1.872358078796949599e-01	1.365567503376018121e-02	9.564523881350780674e-03
nan	2.500000000000000000e+04	2.500000000000000000e+01	nan	1.997062764026225068e-01	1.332576966943548047e-02	9.060617973140814435e-03
nan	2.500000000000000000e+04	2.500000000000000000e+01	nan	2.119350307886733731e-01	1.325560640137054061e-02	9.109214218342331221e-03
nan	2.500000000000000000e+04	2.500000000000000000e+01	nan	2.245301579451748353e-01	1.243169356157193886e-02	8.969169636237658838e-03
nan	2.500000000000000000e+04	2.500000000000000000e+01	nan	2.367175786348312272e-01	1.273642264091650288e-02	8.194117532478539453e-03
nan	2.500000000000000000e+04	2.500000000000000000e+01	nan	2.496254257793708575e-01	1.202128470449705284e-02	8.577388658787215778e-03
nan	2.500000000000000000e+04	2.500000000000000000e+01	nan	2.411522032985914665e-01	1.187403782883936047e-02	8.525639186563545649e-03
nan	2.500000000000000000e+04	2.500000000000000000e+01	nan	2.744002795458442279e-01	1.191721229820457903e-02	8.098937131225137157e-03
nan	2.500000000000000000e+04	2.500000000000000000e+01	nan	2.852292708634394103e-01	1.222323022637764565e-02	7.343538940911747970e-03
nan	2.500000000000000000e+04	2.500000000000000000e+01	nan	2.994432710003280818e-01	1.208826134020041417e-02	7.660224448625834598e-03
nan	2.500000000000000000e+04	2.500000000000000000e+01	nan	3.121530823766676122e-01	1.127602259172664004e-02	7.340489858457586655e-03
nan	2.500000000000000000e+04	2.500000000000000000e+01	nan	3.245299641227461507e-01	1.169261394887529358e-02	7.598289224902901248e-03
nan	2.500000000000000000e+04	2.500000000000000000e+01	nan	3.365621124464581726e-01	1.128664096407500789e-02	7.245888959642714060e-03
nan	2.500000000000000000e+04	2.500000000000000000e+01	nan	3.490193519776170206e-01	1.174748571375983444e-02	7.347822624635950116e-03
nan	2.500000000000000000e+04	2.500000000000000000e+01	nan	3.617987946891076945e-01	1.207128110000215207e-02	6.752992274247154696e-03
nan	2.500000000000000000e+04	2.500000000000000000e+01	nan	3.704123830000867201e-01	1.155763861352606878e-02	7.121557609002629290e-03
nan	2.500000000000000000e+04	2.500000000000000000e+01	nan	3.869549858648611007e-01	1.092295760064014576e-02	6.671600363077981495e-03
nan	2.500000000000000000e+04	2.500000000000000000e+01	nan	3.991559946492060362e-01	1.151622580965166662e-02	6.532716840138124911e-03
nan	2.500000000000000000e+04	2.500000000000000000e+01	nan	4.117282249733307253e-01	1.098035554500891020e-02	6.664110006186575556e-03
nan	2.500000000000000000e+04	2.500000000000000000e+01	nan	4.236218474532620348e-01	1.184502751803729118e-02	6.664320322611808414e-03
nan	2.500000000000000000e+04	2.500000000000000000e+01	nan	4.366562808573064558e-01	1.082028371437323763e-02	6.297207991969591516e-03
nan	2.500000000000000000e+04	2.500000000000000000e+01	nan	4.482620130334566966e-01	1.113024756870817367e-02	6.183388409390252333e-03
nan	2.500000000000000000e+04	2.500000000000000000e+01	nan	4.618623955876444143e-01	1.129438234145654224e-02	6.262465209587834980e-03
nan	2.500000000000000000e+04	2.500000000000000000e+01	nan	4.745963893365825470e-01	1.151517430266553108e-02	6.448814352358180589e-03
nan	2.500000000000000000e+04	2.500000000000000000e+01	nan	4.867883351712549711e-01	1.109452201483406356e-02	6.182336530158047752e-03
nan	2.500000000000000000e+04	2.500000000000000000e+01	nan	4.995616678883010309e-01	1.075702538219872745e-02	5.852737173901535750e-03
nan	2.500000000000000000e+04	2.500000000000000000e+01	nan	2.495786354153750608e-02	2.896931722918508201e-02	2.589979592360935889e-02
nan	2.500000000000000000e+04	2.500000000000000000e+01	nan	3.746261157815666820e-02	2.351242846142596876e-02	2.112559428563862141e-02
nan	2.500000000000000000e+04	2.500000000000000000e+01	nan	4.987123997750941840e-02	2.054224618445094075e-02	1.886885486077890389e-02
nan	2.500000000000000000e+04	2.500000000000000000e+01	nan	6.241611332791485722e-02	2.012185123117126578e-02	1.613551837516137913e-02
nan	2.500000000000000000e+04	2.500000000000000000e+01	nan	7.478211294662173714e-02	1.756490592088659833e-02	1.499659667271068669e-02
nan	2.500000000000000000e+04	2.500000000000000000e+01	nan	8.742822287475604526e-02	1.716304358578177661e-02	1.455481152915700377e-02
nan	2.500000000000000000e+04	2.500000000000000000e+01	nan	9.988250490136252324e-02	1.645529692882139947e-02	1.259254276046541977e-02
nan	2.500000000000000000e+04	2.500000000000000000e+01	nan	1.123001674275130313e-01	1.637522857411233268e-02	1.193886320940579920e-02
nan	2.500000000000000000e+04	2.500000000000000000e+01	nan	1.247463964815267445e-01	1.437650450905538294e-02	1.235462397364549963e-02
nan	2.500000000000000000e+04	2.500000000000000000e+01	nan	1.370951445358414844e-01	1.440165995709026189e-02	1.098376450523049289e-02
nan	2.500000000000000000e+04	2.500000000000000000e+01	nan	1.498144335597046961e-01	1.430078990212476156e-02	1.047184617425852768e-02
nan	2.500000000000000000e+04	2.500000000000000000e+01	nan	1.492916958656488324e-01	1.362865307251085595e-02	1.010686872566842094e-02
nan	2.500000000000000000e+04	2.500000000000000000e+01	nan	1.745987006922433693e-01	1.316692748338979362e-02	9.746232659304899376e-03
nan	2.500000000000000000e+04	2.500000000000000000e+01	nan	1.871525765756061332e-01	1.309180150153460044e-02	9.270910845869818895e-03
nan	2.500000000000000000e+04	2.500000000000000000e+01	nan	1.995653029026556169e-01	1.319713695873115170e-02	9.020188928171203255e-03
nan	2.500000000000000000e+04	2.500000000000000000e+01	nan	2.116532704743363524e-01	1.307399101176223016e-02	9.104166066681990133e-03
nan	2.500000000000000000e+04	2.500000000000000000e+01	nan	2.245612639680985012e-01	1.302846715788670215e-02	8.727953272937615317e-03
nan	2.500000000000000000e+04	2.500000000000000000e+01	nan	2.352757837861716439e-01	1.282653880267902065e-02	8.261825463293227118e-03
nan	2.500000000000000000e+04	2.500000000000000000e+01	nan	2.484997864808065060e-01	1.295295383649913701e-02	8.483680341089788746e-03
nan	2.500000000000000000e+04	2.500000000000000000e+01	nan	2.613684460999650128e-01	1.236958542713864455e-02	7.757868465870312175e-03
nan	2.500000000000000000e+04	2.500000000000000000e+01	nan	2.747039655021978888e-01	1.241819508742196890e-02	7.880533572767633999e-03
nan	2.500000000000000000e+04	2.500000000000000000e+01	nan	2.867415902637873160e-01	1.163461098382321396e-02	7.744105523608389545e-03
nan	2.500000000000000000e+04	2.500000000000000000e+01	nan	2.997099607810014277e-01	1.173300379560261383e-02	7.777530064748018959e-03
nan	2.500000000000000000e+04	2.500000000000000000e+01	nan	3.119011093224628439e-01	1.186020763240891798e-02	7.543774689609292899e-03
nan	2.500000000000000000e+04	2.500000000000000000e+01	nan	3.246469509941931619e-01	1.197195954748633481e-02	7.277403652868986300e-03
nan	2.500000000000000000e+04	2.500000000000000000e+01	nan	3.358282095486515573e-01	1.140829271767714731e-02	7.670405530904988306e-03
nan	2.500000000000000000e+04	2.500000000000000000e+01	nan	3.495419946773807851e-01	1.208172745059553528e-02	7.016727123166200709e-03
nan	2.500000000000000000e+04	2.500000000000000000e+01	nan	3.618386025537461137e-01	1.123092548199289969e-02	6.773718219759606966e-03
nan	2.500000000000000000e+04	2.500000000000000000e+01	nan	3.745145481514242647e-01	1.231174157548532017e-02	6.821898180061495079e-03
nan	2.500000000000000000e+04	2.500000000000000000e+01	nan	3.872571033803779983e-01	1.205613473976292933e-02	6.420476854397640792e-03
nan	2.500000000000000000e+04	2.500000000000000000e+01	nan	3.992860100033226445e-01	1.205507084968576552e-02	6.637161995381253045e-03
nan	2.500000000000000000e+04	2.500000000000000000e+01	nan	4.116044535731475662e-01	1.164054947043662892e-02	6.604396035568621190e-03
nan	2.500000000000000000e+04	2.500000000000000000e+01	nan	4.226971720417935785e-01	1.116010356316471733e-02	6.262165664601219636e-03
nan	2.500000000000000000e+04	2.500000000000000000e+01	nan	4.365280139014515726e-01	1.119658029286978163e-02	6.477557734570896404e-03
nan	2.500000000000000000e+04	2.500000000000000000e+01	nan	4.485520363218569173e-01	1.124217427734206139e-02	6.066878922825120514e-03
nan	2.500000000000000000e+04	2.500000000000000000e+01	nan	4.619930235045899281e-01	1.125295698736249878e-02	6.258984178707200502e-03
nan	2.500000000000000000e+04	2.500000000000000000e+01	nan	4.744868267918889160e-01	1.089623718877885672e-02	6.178593846837696774e-03
nan	2.500000000000000000e+04	2.500000000000000000e+01	nan	4.872339967319021525e-01	1.102534112472839355e-02	5.949592588206392522e-03
nan	2.500000000000000000e+04	2.500000000000000000e+01	nan	4.991192940333348815e-01	1.086950361185884048e-02	6.078463685439789224e-03
nan	2.500000000000000000e+04	2.500000000000000000e+01	nan	2.496228604362205061e-02	2.766991595667393083e-02	2.497337852991884585e-02
nan	2.500000000000000000e+04	2.500000000000000000e+01	nan	3.744780775010525531e-02	2.343442841467129403e-02	2.013035946165460388e-02
nan	2.500000000000000000e+04	2.500000000000000000e+01	nan	4.990439162705229137e-02	2.142160488590214712e-02	1.817338201854501456e-02
nan	2.500000000000000000e+04	2.500000000000000000e+01	nan	6.242699421601294318e-02	1.837745908375068224e-02	1.601453226070487582e-02
nan	2.500000000000000000e+04	2.500000000000000000e+01	nan	7.484669758666484540e-02	1.682300280533883044e-02	1.505721337240657938e-02
nan	2.500000000000000000e+04	2.500000000000000000e+01	nan	8.726839455765400544e-02	1.799875538408666695e-02	1.382326696667023416e-02
nan	2.500000000000000000e+04	2.500000000000000000e+01	nan	9.989198836707657847e-02	1.647563350912042285e-02	1.357218453720409473e-02
nan	2.500000000000000000e+04	2.500000000000000000e+01	nan	1.122162698005801929e-01	1.507587573518407581e-02	1.271948018002331225e-02
nan	2.500000000000000000e+04	2.500000000000000000e+01	nan	1.248899128310299034e-01	1.445227154521626541e-02	1.225689387110391430e-02
nan	2.500000000000000000e+04	2.500000000000000000e+01	nan	1.372401608225999325e-01	1.448611506262514372e-02	1.130212175029309679e-02
nan	2.500000000000000000e+04	2.500000000000000000e+01	nan	1.488740562305252979e-01	1.354861216251911776e-02	1.068035988343956147e-02
nan	2.500000000000000000e+04	2.500000000000000000e+01	nan	1.493586760352684506e-01	1.358273696372742055e-02	1.005816911111580975e-02
nan	2.500000000000000000e+04	2.500000000000000000e+01	nan	1.748330515638798488e-01	1.286137894793749209e-02	1.027572675865479415e-02
nan	2.500000000000000000e+04	2.500000000000000000e+01	nan	1.869803483832654933e-01	1.306521815177721924e-02	1.002225770207317013e-02
nan	2.500000000000000000e+04	2.500000000000000000e+01	nan	1.997585657000584547e-01	1.265166508709080796e-02	9.683556453055668783e-03
nan	2.500000000000000000e+04	2.500000000000000000e+01	nan	2.114263544038195164e-01	1.258787410153697217e-02	9.470064640727800936e-03
nan	2.500000000000000000e+04	2.500000000000000000e+01	nan	2.246303973658285713e-01	1.299477033206264918e-02	8.842390029394821965e-03
nan	2.500000000000000000e+04	2.500000000000000000e+01	nan	2.353889839729603750e-01	1.289592329181572967e-02	8.422479449740869623e-03
nan	2.500000000000000000e+04	2.500000000000000000e+01	nan	2.490685282620788144e-01	1.224572842584373961e-02	8.528360565925225539e-03
nan	2.500000000000000000e+04	2.500000000000000000e+01	nan	2.617472229230628500e-01	1.216624009548171285e-02	8.329099033424637588e-03
nan	2.500000000000000000e+04	2.500000000000000000e+01	nan	2.746867368040568635e-01	1.231637579860256522e-02	7.809785101816476768e-03
nan	2.500000000000000000e+04	2.500000000000000000e+01	nan	2.868869453960627425e-01	1.170666521131446050e-02	7.446068365810145327e-03
nan	2.500000000000000000e+04	2.500000000000000000e+01	nan	2.984161716325814950e-01	1.249006910642307989e-02	7.313173346251055675e-03
nan	2.500000000000000000e+04	2.500000000000000000e+01	nan	2.872940725889152613e-01	1.213846225512251603e-02	7.653646986885621895e-03
nan	2.500000000000000000e+04	2.500000000000000000e+01	nan	3.243313599266315350e-01	1.245308930243632303e-02	7.380226694340701402e-03
nan	2.500000000000000000e+04	2.500000000000000000e+01	nan	3.370799640697583754e-01	1.234882381208083843e-02	7.439442336603319973e-03
nan	2.500000000000000000e+04	2.500000000000000000e+01	nan	3.484186585252331270e-01	1.138197984254462475e-02	7.213051893568704111e-03
nan	2.500000000000000000e+04	2.500000000000000000e+01	nan	3.620921220727808532e-01	1.114845685290211975e-02	6.778120538778809219e-03
nan	2.500000000000000000e+04	2.500000000000000000e+01	nan	3.743679426994503956e-01	1.166140998008296896e-02	6.774676773074218665e-03
nan	2.500000000000000000e+04	2.500000000000000000e+01	nan	3.865186044794910458e-01	1.142685788493720891e-02	6.851983776002781856e-03
nan	2.500000000000000000e+04	2.500000000000000000e+01	nan	3.990603955711264916e-01	1.150040083146582938e-02	6.517111750220863642e-03
nan	2.500000000000000000e+04	2.500000000000000000e+01	nan	4.120957780534837411e-01	1.138642872484314783e-02	6.631422128882531915e-03
nan	2.500000000000000000e+04	2.500000000000000000e+01	nan	4.233581485601973782e-01	1.073624125345087194e-02	6.468627065123000973e-03
nan	2.500000000000000000e+04	2.500000000000000000e+01	nan	4.347807838218074039e-01	1.084635397194347838e-02	6.262526063031053497e-03
nan	2.500000000000000000e+04	2.500000000000000000e+01	nan	4.486654218602126321e-01	1.135706981482715108e-02	6.623155002316492845e-03
nan	2.500000000000000000e+04	2.500000000000000000e+01	nan	4.606996344326859116e-01	1.170179704296460399e-02	5.989152379233790395e-03
nan	2.500000000000000000e+04	2.500000000000000000e+01	nan	4.352261355122680753e-01	1.172461816802315704e-02	6.229370230943404724e-03
nan	2.500000000000000000e+04	2.500000000000000000e+01	nan	4.479213496830702912e-01	1.145803736203621775e-02	5.923234865262663046e-03
nan	2.500000000000000000e+04	2.500000000000000000e+01	nan	4.986745057288572980e-01	1.030453023582936049e-02	6.140931517325321984e-03
nan	2.500000000000000000e+04	2.500000000000000000e+01	nan	2.496581322480473375e-02	2.914497611096186769e-02	2.679659394334429900e-02
nan	2.500000000000000000e+04	2.500000000000000000e+01	nan	3.738523101009505467e-02	2.390268976739769874e-02	2.206114769212860066e-02
nan	2.500000000000000000e+04	2.500000000000000000e+01	nan	4.593779461461004743e-02	2.027932905277826311e-02	1.849920405232110404e-02
nan	2.500000000000000000e+04	2.500000000000000000e+01	nan	6.240487221035806442e-02	1.945454499384299124e-02	1.744954288309416221e-02
nan	2.500000000000000000e+04	2.500000000000000000e+01	nan	7.481773619830178745e-02	1.736663387226130076e-02	1.498538971621012419e-02
nan	2.500000000000000000e+04	2.500000000000000000e+01	nan	8.717299398195521576e-02	1.625555839701903899e-02	1.443441641579218740e-02
nan	2.500000000000000000e+04	2.500000000000000000e+01	nan	9.982483167896560872e-02	1.628435079108864203e-02	1.383255862285555360e-02
nan	2.500000000000000000e+04	2.500000000000000000e+01	nan	1.123970482524967451e-01	1.534422790061777675e-02	1.265176950081501987e-02
nan	2.500000000000000000e+04	2.500000000000000000e+01	nan	1.245415464948536055e-01	1.451789334251545743e-02	1.133692966399078850e-02
nan	2.500000000000000000e+04	2.500000000000000000e+01	nan	1.373919713596123415e-01	1.426332044433503698e-02	1.109774946970604192e-02
nan	2.500000000000000000e+04	2.500000000000000000e+01	nan	1.494844612813110984e-01	1.358098232408279024e-02	1.046455653370068767e-02
nan	2.500000000000000000e+04	2.500000000000000000e+01	nan	1.617308067640834679e-01	1.415341285876938436e-02	1.056168657366966454e-02
nan	2.500000000000000000e+04	2.500000000000000000e+01	nan	1.738434098571630670e-01	1.378800917762683723e-02	9.718427353039137823e-03
nan	2.500000000000000000e+04	2.500000000000000000e+01	nan	1.869932281349875325e-01	1.265942135100216887e-02	9.470435256554535566e-03
nan	2.500000000000000000e+04	2.500000000000000000e+01	nan	1.997771059820152573e-01	1.328595862837372681e-02	9.197962961611284155e-03
nan	2.500000000000000000e+04	2.500000000000000000e+01	nan	2.121664364261661717e-01	1.290618346836919228e-02	8.646404747417318903e-03
nan	2.500000000000000000e+04	2.500000000000000000e+01	nan	2.247718647443477380e-01	1.270054544819412129e-02	8.398810329892283238e-03
nan	2.500000000000000000e+04	2.500000000000000000e+01	nan	2.365373405732285050e-01	1.307568715417065791e-02	8.451680518484806781e-03
nan	2.500000000000000000e+04	2.500000000000000000e+01	nan	2.495935819763204222e-01	1.338502121295402116e-02	8.526599547451288452e-03
nan	2.500000000000000000e+04	2.500000000000000000e+01	nan	2.620396856635949234e-01	1.251693232299087161e-02	8.240177377984880813e-03
nan	2.500000000000000000e+04	2.500000000000000000e+01	nan	2.748210940034425676e-01	1.205747073960203482e-02	7.715202614684705043e-03
nan	2.500000000000000000e+04	2.500000000000000000e+01	nan	2.872571384835254094e-01	1.238510893858228365e-02	8.025385317723100764e-03
nan	2.500000000000000000e+04	2.500000000000000000e+01	nan	2.993599626088609966e-01	1.248081706533546095e-02	7.775390697530192539e-03
nan	2.500000000000000000e+04	2.500000000000000000e+01	nan	3.117809807782521148e-01	1.219498890816452137e-02	7.914265521529559311e-03
nan	2.500000000000000000e+04	2.500000000000000000e+01	nan	3.241880216522474711e-01	1.210640744912599466e-02	7.011092571527901413e-03
nan	2.500000000000000000e+04	2.500000000000000000e+01	nan	3.364505782190718719e-01	1.132359664605854521e-02	7.477224450929104149e-03
nan	2.500000000000000000e+04	2.500000000000000000e+01	nan	3.216398144243525214e-01	1.179290114466760922e-02	6.741509215500239745e-03
nan	2.500000000000000000e+04	2.500000000000000000e+01	nan	3.621252013003442016e-01	1.183013776364524698e-02	7.092901019532454193e-03
nan	2.500000000000000000e+04	2.500000000000000000e+01	nan	3.743693078644270145e-01	1.117206350195083277e-02	6.493677800108588541e-03
nan	2.500000000000000000e+04	2.500000000000000000e+01	nan	3.867971504711533726e-01	1.101027378722961581e-02	6.829390858413717999e-03
nan	2.500000000000000000e+04	2.500000000000000000e+01	nan	3.994133521375147211e-01	1.115206740516096195e-02	6.926187390711735850e-03
nan	2.500000000000000000e+04	2.500000000000000000e+01	nan	4.118766915209306489e-01	1.105633906641276254e-02	6.611570848737562643e-03
nan	2.500000000000000000e+04	2.500000000000000000e+01	nan	4.242755541320804014e-01	1.137666142325521185e-02	6.388437326423416357e-03
nan	2.500000000000000000e+04	2.500000000000000000e+01	nan	4.364369030613488576e-01	1.139640349475202347e-02	6.431014133434419418e-03
nan	2.500000000000000000e+04	2.500000000000000000e+01	nan	4.494559428546551771e-01	1.140411799769722179e-02	6.224366507511698739e-03
nan	2.500000000000000000e+04	2.500000000000000000e+01	nan	4.615989205542945228e-01	1.091278850747204321e-02	6.026353011058931466e-03
nan	2.500000000000000000e+04	2.500000000000000000e+01	nan	4.745564788072726969e-01	1.128019624436622272e-02	5.835011569801854328e-03
nan	2.500000000000000000e+04	2.500000000000000000e+01	nan	4.857228996086035977e-01	1.088490675824873959e-02	6.206446993990501031e-03
nan	2.500000000000000000e+04	2.500000000000000000e+01	nan	4.993346988793518904e-01	1.062866286313388087e-02	6.047494674491333058e-03
nan	2.500000000000000000e+04	2.500000000000000000e+01	nan	2.497955401487317317e-02	2.838255278724228364e-02	2.488058240147109773e-02
nan	2.500000000000000000e+04	2.500000000000000000e+01	nan	3.739806962713210226e-02	2.407461206518565766e-02	2.091659997334060703e-02
nan	2.500000000000000000e+04	2.500000000000000000e+01	nan	4.984275458685338833e-02	2.149874440229077380e-02	1.829997542609677896e-02
nan	2.500000000000000000e+04	2.500000000000000000e+01	nan	6.242049691493534169e-02	1.936628591758877277e-02	1.634699222804432417e-02
nan	2.500000000000000000e+04	2.500000000000000000e+01	nan	7.483084206073087330e-02	1.729864229669209399e-02	1.462780791035411289e-02
nan	2.500000000000000000e+04	2.500000000000000000e+01	nan	8.727067302364233115e-02	1.737381594754337094e-02	1.475266835995958127e-02
nan	2.500000000000000000e+04	2.500000000000000000e+01	nan	9.189912029972016616e-02	1.646664326031210129e-02	1.315614577622339562e-02
nan	2.500000000000000000e+04	2.500000000000000000e+01	nan	1.122924425234792523e-01	1.617972142104967537e-02	1.195169594004577562e-02
nan	2.500000000000000000e+04	2.500000000000000000e+01	nan	1.249008461571072814e-01	1.465190918427017493e-02	1.147982786331901497e-02
nan	2.500000000000000000e+04	2.500000000000000000e+01	nan	1.373328620522116239e-01	1.487511373391017105e-02	1.103278657550281483e-02
nan	2.500000000000000000e+04	2.500000000000000000e+01	nan	1.498719031110056221e-01	1.470411415871230622e-02	1.039468512316049469e-02
nan	2.500000000000000000e+04	2.500000000000000000e+01	nan	1.619624766659200077e-01	1.498580256916136680e-02	1.078561106898657217e-02
nan	2.500000000000000000e+04	2.500000000000000000e+01	nan	1.745563479586351718e-01	1.393019806480789470e-02	1.007648401811080466e-02
nan	2.500000000000000000e+04	2.500000000000000000e+01	nan	1.872122804744336122e-01	1.324953373682453105e-02	1.043177272122036356e-02
nan	2.500000000000000000e+04	2.500000000000000000e+01	nan	1.997255747129571546e-01	1.346489686671257201e-02	9.267515370077066689e-03
nan	2.500000000000000000e+04	2.500000000000000000e+01	nan	2.120039086877909540e-01	1.302324516007993989e-02	9.322488182688345656e-03
nan	2.500000000000000000e+04	2.500000000000000000e+01	nan	2.245210705032647525e-01	1.367116123551938289e-02	8.996654899416534068e-03
nan	2.500000000000000000e+04	2.500000000000000000e+01	nan	2.367375462870029423e-01	1.292008214389737605e-02	8.675954584703455402e-03
nan	2.500000000000000000e+04	2.500000000000000000e+01	nan	2.493557146980975858e-01	1.209123780927470401e-02	8.249958728459492324e-03
nan	2.500000000000000000e+04	2.500000000000000000e+01	nan	2.623065499683292501e-01	1.204419652299672586e-02	8.707821365924664839e-03
nan	2.500000000000000000e+04	2.500000000000000000e+01	nan	2.744475078484356345e-01	1.230946777255454740e-02	7.921436717055117122e-03
nan	2.500000000000000000e+04	2.500000000000000000e+01	nan	2.871676593082241880e-01	1.182309742586582293e-02	7.953491531630867833e-03
nan	2.500000000000000000e+04	2.500000000000000000e+01	nan	2.994300730646415332e-01	1.199035001780643199e-02	7.497072114652570882e-03
nan	2.500000000000000000e+04	2.500000000000000000e+01	nan	3.104132905177152679e-01	1.221863507463997502e-02	7.510420350186050586e-03
nan	2.500000000000000000e+04	2.500000000000000000e+01	nan	3.244834315034097472e-01	1.195066504140135898e-02	7.757909656602422939e-03
nan	2.500000000000000000e+04	2.500000000000000000e+01	nan	3.345957524431071306e-01	1.159217484872574616e-02	7.310597179854817079e-03
nan	2.500000000000000000e+04	2.500000000000000000e+01	nan	3.494319634807965258e-01	1.150123843489985788e-02	7.224012571819343753e-03
nan	2.500000000000000000e+04	2.500000000000000000e+01	nan	3.620036367592120996e-01	1.194084249959660032e-02	6.965289440769881907e-03
nan	2.500000000000000000e+04	2.500000000000000000e+01	nan	3.746321705943103098e-01	1.143719869138540637e-02	6.430165210465336838e-03
nan	2.500000000000000000e+04	2.500000000000000000e+01	nan	3.871475265475368133e-01	1.215731492303910241e-02	6.768289635655011516e-03
nan	2.500000000000000000e+04	2.500000000000000000e+01	nan	3.989244885976717114e-01	1.128093751035102316e-02	6.561432485154105113e-03
nan	2.500000000000000000e+04	2.500000000000000000e+01	nan	4.120121956463265178e-01	1.128205943980215356e-02	6.664979359678607773e-03
nan	2.500000000000000000e+04	2.500000000000000000e+01	nan	4.244449176001126034e-01	1.078814121513684346e-02	6.204759798935933698e-03
nan	2.500000000000000000e+04	2.500000000000000000e+01	nan	4.355430980192238621e-01	1.114775853155867621e-02	6.996767435504532701e-03
nan	2.500000000000000000e+04	2.500000000000000000e+01	nan	4.493230173611664213e-01	1.047373952311600465e-02	6.053054156254141990e-03
nan	2.500000000000000000e+04	2.500000000000000000e+01	nan	4.618940708180332422e-01	1.148961064033695266e-02	6.210166033387557079e-03
nan	2.500000000000000000e+04	2.500000000000000000e+01	nan	4.743755322962073251e-01	1.162673736161769222e-02	6.180421529424304054e-03
nan	2.500000000000000000e+04	2.500000000000000000e+01	nan	4.871204739049090904e-01	1.114030788409264665e-02	5.852649206318045680e-03
nan	2.500000000000000000e+04	2.500000000000000000e+01	nan	4.994118080504250656e-01	1.062462344938413725e-02	6.187918447023476112e-03
