# SourcePhotonFlux	NumberRaysSurvived	PercentageRaysSurvived	PhotonFlux	Bandwidth	HorizontalFocusFWHM	VerticalFocusFWHM
3.540540000000000000e+12	1.224000000000000021e+01	6.120000000000003909e-03	2.166810480000000000e+08	2.328627211553596036e-03	1.232745621588273027e-01	2.045127992561493815e-02
3.748020000000000000e+12	2.257999999999999829e+01	1.129000000000000489e-02	4.231514580000000000e+08	2.964231401483251489e-03	1.271538794673179318e-01	2.122846698385209840e-02
3.931350000000000000e+12	3.907999999999999829e+01	1.953999999999999834e-02	7.681857900000000000e+08	3.794261115286771176e-03	1.308817251506385337e-01	2.091379487133961101e-02
4.096050000000000000e+12	5.384000000000000341e+01	2.692000000000000642e-02	1.102656660000000000e+09	4.616333967677755008e-03	1.274743602888930016e-01	2.130056949818050563e-02
4.245860000000000000e+12	7.740000000000000568e+01	3.870000000000000523e-02	1.643147820000000000e+09	5.544184010301865008e-03	1.244729015289560148e-01	2.147549388515408719e-02
4.383450000000000000e+12	9.848000000000000398e+01	4.923999999999999211e-02	2.158410780000000000e+09	5.332619762141595741e-03	1.149697485587378998e-01	2.255683883731455022e-02
4.510800000000000000e+12	1.120600000000000023e+02	5.603000000000000341e-02	2.527401240000000000e+09	5.648913859264173901e-03	8.828950542804830937e-02	2.501752288275415834e-02
4.629430000000000000e+12	1.354399999999999977e+02	6.771999999999998854e-02	3.135049996000000000e+09	6.080845625657218395e-03	9.560652768574845473e-02	2.272924019986164584e-02
4.740500000000000000e+12	1.540000000000000000e+02	7.699999999999999900e-02	3.650185000000000000e+09	6.658511008093909861e-03	9.535129221104321484e-02	2.417950166662662451e-02
4.844980000000000000e+12	1.690600000000000023e+02	8.452999999999999403e-02	4.095461594000000000e+09	7.766583005341658186e-03	9.521432538042198801e-02	2.375898842177698658e-02
4.943630000000000000e+12	1.792199999999999989e+02	8.960999999999998133e-02	4.429986843000000000e+09	8.287986133254321430e-03	8.725116818332129265e-02	2.473755291864670330e-02
5.037080000000000000e+12	1.779199999999999875e+02	8.895999999999998353e-02	4.480986368000000000e+09	9.684662085638251830e-03	8.664066105270153140e-02	2.421730894076322069e-02
5.125860000000000000e+12	1.690999999999999943e+02	8.455000000000000016e-02	4.333914630000000000e+09	1.042104148600174127e-02	9.496861000391178254e-02	2.467801962442490657e-02
5.210430000000000000e+12	1.468600000000000136e+02	7.342999999999999527e-02	3.826018749000000000e+09	1.086937410774965057e-02	8.900708351597141910e-02	2.151521640883921269e-02
5.291170000000000000e+12	5.674000000000000199e+01	2.837000000000000979e-02	1.501104929000000000e+09	1.520223327777480218e-02	1.240067019469865139e-01	2.069112867704994696e-02
5.368410000000000000e+12	8.187999999999999545e+01	4.094000000000001110e-02	2.197827054000000000e+09	1.581926529672139300e-02	1.250700182045862696e-01	2.051838848839877827e-02
5.442440000000000000e+12	8.337999999999999545e+01	4.168999999999999789e-02	2.268953236000000000e+09	1.718149474433307289e-02	1.282852489212248370e-01	2.072906107214505383e-02
5.513500000000000000e+12	8.912000000000000455e+01	4.456000000000000238e-02	2.456815600000000000e+09	1.847602923066503366e-02	1.197762777029299786e-01	2.104081471509489099e-02
5.581830000000000000e+12	9.412000000000000455e+01	4.706000000000001154e-02	2.626809198000000000e+09	1.825473968573345512e-02	1.176759742887812793e-01	2.127056843899157237e-02
5.647610000000000000e+12	1.027800000000000011e+02	5.139000000000000512e-02	2.902306779000000000e+09	1.786724719866083708e-02	1.130459301214426365e-01	2.220812526258881398e-02
5.711030000000000000e+12	1.112399999999999949e+02	5.562000000000000277e-02	3.176474886000000000e+09	1.743152562177050988e-02	9.236005175836096981e-02	2.037326078402337121e-02
5.772230000000000000e+12	1.166599999999999966e+02	5.832999999999999990e-02	3.366941759000000000e+09	1.888613221821628871e-02	9.296970605604361337e-02	2.279414922431791807e-02
5.831360000000000000e+12	1.263199999999999932e+02	6.315999999999999392e-02	3.683086976000000000e+09	1.964410274113005325e-02	9.549111692295228493e-02	2.257754770091732407e-02
5.888550000000000000e+12	1.307599999999999909e+02	6.537999999999997980e-02	3.849933990000000000e+09	2.111968995655843020e-02	8.888634990493557431e-02	2.276363252869647441e-02
5.943910000000000000e+12	1.256599999999999966e+02	6.282999999999999696e-02	3.734558653000000000e+09	2.099382628168661516e-02	8.485788863526817771e-02	2.306891842605494555e-02
5.997540000000000000e+12	1.368600000000000136e+02	6.843000000000001859e-02	4.104116622000000000e+09	2.302619990753669230e-02	8.275210506388069875e-02	2.442914640140270155e-02
6.049540000000000000e+12	1.488600000000000136e+02	7.443000000000001004e-02	4.502672622000000000e+09	2.310032174461980337e-02	1.010648181267150697e-01	2.315213627811280386e-02
6.100000000000000000e+12	1.567599999999999909e+02	7.838000000000000522e-02	4.781180000000000000e+09	2.335353183272673161e-02	9.320049311563036176e-02	2.414231191895916881e-02
6.149000000000000000e+12	1.637400000000000091e+02	8.186999999999999833e-02	5.034186300000000000e+09	2.458203730250943519e-02	9.544063882538698917e-02	2.451873027420149384e-02
6.196610000000000000e+12	1.752400000000000091e+02	8.762000000000001732e-02	5.429469682000000000e+09	2.547005308851566993e-02	9.163539689529094645e-02	2.383235755057017818e-02
6.242890000000000000e+12	1.893600000000000136e+02	9.467999999999995864e-02	5.910768252000000000e+09	2.952503296107693298e-02	9.194188727590919818e-02	2.540058105144755302e-02
6.287920000000000000e+12	1.964600000000000080e+02	9.822999999999999787e-02	6.176623816000000000e+09	2.884452189583498749e-02	1.005051917602524381e-01	2.445986613898338408e-02
6.331740000000000000e+12	2.043000000000000114e+02	1.021500000000000463e-01	6.467872410000000000e+09	3.212748082178563946e-02	9.136329821241813420e-02	2.388420124587697577e-02
6.374420000000000000e+12	2.142599999999999909e+02	1.071300000000000030e-01	6.828916146000000000e+09	3.180631978398310022e-02	9.053283657564813180e-02	2.518806718622341664e-02
6.416000000000000000e+12	2.263400000000000034e+02	1.131700000000000067e-01	7.260987200000000000e+09	3.441410685580877094e-02	9.946604195366426371e-02	2.520030434760469479e-02
6.456530000000000000e+12	2.332400000000000091e+02	1.166199999999999876e-01	7.529605286000000000e+09	3.646572777891833594e-02	9.307170813521466191e-02	2.558311765720298198e-02
6.496060000000000000e+12	2.470000000000000000e+02	1.235000000000000264e-01	8.022634100000000000e+09	3.653468862767113301e-02	9.280876240147088729e-02	2.471046584176713606e-02
6.534620000000000000e+12	2.516999999999999886e+02	1.258499999999999619e-01	8.223819270000000000e+09	3.778159290435951362e-02	9.108874258623332609e-02	2.521740817164578458e-02
6.572250000000000000e+12	2.588799999999999955e+02	1.294399999999999717e-01	8.507120400000000000e+09	3.998654381786309608e-02	9.219180912311435161e-02	2.548921700006469629e-02
6.608990000000000000e+12	2.700400000000000205e+02	1.350199999999999734e-01	8.923458298000000000e+09	3.908891178038857023e-02	9.349166459949512231e-02	2.521264184587896501e-02
6.644880000000000000e+12	2.774599999999999795e+02	1.387299999999999922e-01	9.218442024000000000e+09	4.082550342105946417e-02	9.800814786904091247e-02	2.523226417112051437e-02
6.679940000000000000e+12	2.782599999999999909e+02	1.391299999999999759e-01	9.293800522000000000e+09	4.382800210109166761e-02	9.329486785400849247e-02	2.597866473076950594e-02
6.714200000000000000e+12	2.852599999999999909e+02	1.426300000000000623e-01	9.576463460000000000e+09	4.582964929758986949e-02	9.288437977625557673e-02	2.603614130062568630e-02
6.747700000000000000e+12	2.847400000000000091e+02	1.423700000000000243e-01	9.606700490000000000e+09	4.643590309194564614e-02	9.296095799490129707e-02	2.555416310584303352e-02
6.780450000000000000e+12	2.931200000000000045e+02	1.465600000000000236e-01	9.937427520000000000e+09	4.410243302918047392e-02	9.834731303432014959e-02	2.632541766247315992e-02
6.812500000000000000e+12	2.924800000000000182e+02	1.462400000000000366e-01	9.962600000000000000e+09	4.693570140963515547e-02	9.504260090283513096e-02	2.534039789252362854e-02
6.843850000000000000e+12	2.911600000000000250e+02	1.455799999999999872e-01	9.963276830000000000e+09	4.837651665687531244e-02	9.405881561236471844e-02	2.546984412515081175e-02
6.874530000000000000e+12	2.871999999999999886e+02	1.436000000000000054e-01	9.871825080000000000e+09	5.140617340697872101e-02	9.627066093412399439e-02	2.551833952717793771e-02
6.904560000000000000e+12	2.827400000000000091e+02	1.413699999999999957e-01	9.760976472000000000e+09	5.138001330079987328e-02	9.705342018917879898e-02	2.615661381338308875e-02
6.933970000000000000e+12	2.677400000000000091e+02	1.338700000000000168e-01	9.282505639000000000e+09	5.286741705826443483e-02	9.447692321475537058e-02	2.601645518905482471e-02
6.962770000000000000e+12	2.445600000000000023e+02	1.222799999999999998e-01	8.514075156000000000e+09	5.557895151299362818e-02	9.574115311494599267e-02	2.543149234655659591e-02
6.990990000000000000e+12	1.982400000000000091e+02	9.912000000000002753e-02	6.929469288000000000e+09	5.569268564529693266e-02	9.559356696584039859e-02	2.513046913146373129e-02
7.018630000000000000e+12	9.271999999999999886e+01	4.636000000000001925e-02	3.253836868000000000e+09	6.180130716522074658e-02	1.180244510546430425e-01	2.165922191659814741e-02
7.045720000000000000e+12	2.500000000000000000e+01	1.250000000000000416e-02	8.807150000000000000e+08	6.641963742480826161e-02	1.274797019770680384e-01	2.059926839208832405e-02
7.072270000000000000e+12	5.675999999999999801e+01	2.838000000000000592e-02	2.007110226000000000e+09	6.565964182895150936e-02	1.258610533029125289e-01	2.040701143025712080e-02
7.098300000000000000e+12	8.093999999999999773e+01	4.047000000000000597e-02	2.872682010000000000e+09	6.905022555988483968e-02	1.210084509200184261e-01	2.073356232958018658e-02
7.123820000000000000e+12	9.795999999999999375e+01	4.898000000000000270e-02	3.489247036000000000e+09	6.725144329856277969e-02	1.071681969597372275e-01	2.185468352119850424e-02
7.148840000000000000e+12	1.126400000000000006e+02	5.632000000000002282e-02	4.026226688000000000e+09	6.143359335030417617e-02	9.618645062197396511e-02	2.245612341432886433e-02
7.173390000000000000e+12	1.232800000000000011e+02	6.164000000000000035e-02	4.421677596000000000e+09	5.853686334040549694e-02	9.217818508194276783e-02	2.279734384805977288e-02
7.197470000000000000e+12	1.359399999999999977e+02	6.797000000000000264e-02	4.892120359000000000e+09	6.795551503188970721e-02	8.792205465672514597e-02	2.340868866621593006e-02
7.221090000000000000e+12	1.436200000000000045e+02	7.181000000000001271e-02	5.185464729000000000e+09	6.205884925961299703e-02	9.057063817034859132e-02	2.252471238864503164e-02
7.244270000000000000e+12	1.505200000000000102e+02	7.526000000000000745e-02	5.452037602000000000e+09	6.769300257245276786e-02	9.259616536447111412e-02	2.439122954819229402e-02
7.267020000000000000e+12	1.591599999999999966e+02	7.957999999999998408e-02	5.783094516000000000e+09	6.886485482114494683e-02	9.350754746856598798e-02	2.449597768208215676e-02
7.289350000000000000e+12	1.612400000000000091e+02	8.062000000000001110e-02	5.876673970000000000e+09	7.173737959906248407e-02	9.263672126798208617e-02	2.210932936321793191e-02
7.311270000000000000e+12	1.684199999999999875e+02	8.421000000000000707e-02	6.156820467000000000e+09	7.059916881009485612e-02	9.078205540020156672e-02	2.420419594510086342e-02
7.332790000000000000e+12	1.712199999999999989e+02	8.561000000000000554e-02	6.277601519000000000e+09	8.052566809143399396e-02	9.230300766828576642e-02	2.419813166891046641e-02
7.353910000000000000e+12	1.790600000000000023e+02	8.952999999999999847e-02	6.583955623000000000e+09	7.930606038104770494e-02	9.797722617382442767e-02	2.480549747125774390e-02
7.374660000000000000e+12	1.843000000000000114e+02	9.214999999999998193e-02	6.795749190000000000e+09	7.824964369662211483e-02	9.414106783604844764e-02	2.454842519646216470e-02
7.395030000000000000e+12	1.912400000000000091e+02	9.561999999999999666e-02	7.071127686000000000e+09	8.391489059034711040e-02	9.744579125775489070e-02	2.437484999329942933e-02
7.415040000000000000e+12	2.041599999999999966e+02	1.020799999999999902e-01	7.569272832000000000e+09	8.264751194774135057e-02	9.348989172004457116e-02	2.574770154811970718e-02
7.434690000000000000e+12	2.156800000000000068e+02	1.078400000000000192e-01	8.017569696000000000e+09	8.858706690795997707e-02	9.379914635217526109e-02	2.511207681038299389e-02
7.454000000000000000e+12	2.245600000000000023e+02	1.122800000000000326e-01	8.369351200000000000e+09	8.822743825433007614e-02	9.972334475939868825e-02	2.560220564188525963e-02
7.472970000000000000e+12	2.309399999999999977e+02	1.154700000000000448e-01	8.629038459000000000e+09	8.753371283260094615e-02	9.541913420632192055e-02	2.548137899773160464e-02
7.491600000000000000e+12	2.369399999999999977e+02	1.184699999999999920e-01	8.875298520000000000e+09	9.109261928291743915e-02	9.361318605854593300e-02	2.540088653443159025e-02
7.509910000000000000e+12	2.470399999999999920e+02	1.235200000000000048e-01	9.276240832000000000e+09	9.491539820961179819e-02	9.580091191367631764e-02	2.639913414109290937e-02
7.527910000000000000e+12	2.563399999999999750e+02	1.281700000000000061e-01	9.648522247000000000e+09	9.538828235547726353e-02	1.002576163975053974e-01	2.578191661185427058e-02
7.545590000000000000e+12	2.592400000000000091e+02	1.296199999999999575e-01	9.780593758000000000e+09	9.725568900410735962e-02	9.922694488995896511e-02	2.617298696182035478e-02
7.562970000000000000e+12	2.724399999999999977e+02	1.362199999999999800e-01	1.030227773400000000e+10	9.997310519630672743e-02	9.458139621699648836e-02	2.580363470023791517e-02
7.580040000000000000e+12	2.820400000000000205e+02	1.410199999999999787e-01	1.068937240800000000e+10	9.760531058029300877e-02	9.823936251129623820e-02	2.520650163395389554e-02
7.596830000000000000e+12	2.858999999999999773e+02	1.429500000000000770e-01	1.085966848500000000e+10	1.049831533546330270e-01	9.605496343915165269e-02	2.595364856860777822e-02
7.613330000000000000e+12	2.968000000000000114e+02	1.483999999999999764e-01	1.129818172000000000e+10	1.064471043871662859e-01	9.397411331332641837e-02	2.602225887087984690e-02
7.629560000000000000e+12	3.068399999999999750e+02	1.534200000000000286e-01	1.170527095200000000e+10	1.053986664348212782e-01	9.618458391630260729e-02	2.591201450009848403e-02
7.645500000000000000e+12	3.144800000000000182e+02	1.572400000000000464e-01	1.202178420000000000e+10	1.096725213633635565e-01	9.554106977359735908e-02	2.659152641119130051e-02
7.661180000000000000e+12	3.183199999999999932e+02	1.591599999999999682e-01	1.219353408800000000e+10	1.129963480393848807e-01	9.970079245255719647e-02	2.662100938290538205e-02
7.676590000000000000e+12	3.320799999999999841e+02	1.660399999999999932e-01	1.274621003600000000e+10	1.136067598975205317e-01	9.161265131490875513e-02	2.658243013649824391e-02
7.691750000000000000e+12	3.368999999999999773e+02	1.684500000000000164e-01	1.295675287500000000e+10	1.150749949727264687e-01	9.675826529025684242e-02	2.623284377324795746e-02
7.706650000000000000e+12	3.408199999999999932e+02	1.704100000000000059e-01	1.313290226500000000e+10	1.206914575767655123e-01	9.832055385742353992e-02	2.660019459734302635e-02
7.721310000000000000e+12	3.546800000000000068e+02	1.773399999999999699e-01	1.369297115400000000e+10	1.225113727750545001e-01	9.839993284226826453e-02	2.655335846440478459e-02
7.735710000000000000e+12	3.612599999999999909e+02	1.806300000000000128e-01	1.397301297300000000e+10	1.201424164173067743e-01	9.664321574564864459e-02	2.669520971292081366e-02
7.749880000000000000e+12	3.652200000000000273e+02	1.826100000000000223e-01	1.415205586800000000e+10	1.284501201492252997e-01	9.689093964259123948e-02	2.651245823514209593e-02
7.763820000000000000e+12	3.698000000000000114e+02	1.849000000000000643e-01	1.435530318000000000e+10	1.249431422435532124e-01	9.272569452114474975e-02	2.674889107394491303e-02
7.777520000000000000e+12	3.797400000000000091e+02	1.898699999999999832e-01	1.476717722400000000e+10	1.330988857975603512e-01	1.001753850015653646e-01	2.642409515697399791e-02
7.790990000000000000e+12	3.811999999999999886e+02	1.906000000000000194e-01	1.484962694000000000e+10	1.334691526290953389e-01	1.040318885876262561e-01	2.711358489900178928e-02
7.804250000000000000e+12	3.900000000000000000e+02	1.949999999999999512e-01	1.521828750000000000e+10	1.359666652066266468e-01	1.026264825744978154e-01	2.681403760721582166e-02
7.817280000000000000e+12	3.963999999999999773e+02	1.981999999999999595e-01	1.549384896000000000e+10	1.358489835901446063e-01	9.599984775984785057e-02	2.685732600081301713e-02
7.830100000000000000e+12	4.015799999999999841e+02	2.007899999999999130e-01	1.572205779000000000e+10	1.358169057838563287e-01	9.435630547808250557e-02	2.650936954666863188e-02
7.842710000000000000e+12	4.044399999999999977e+02	2.022200000000000386e-01	1.585952816200000000e+10	1.431246449472746429e-01	1.012735339037448834e-01	2.711894437678255901e-02
7.855110000000000000e+12	4.129800000000000182e+02	2.064900000000000346e-01	1.622001663900000000e+10	1.480836991317687479e-01	1.003158861575728505e-01	2.670384292187918257e-02
7.867300000000000000e+12	4.120000000000000000e+02	2.060000000000000719e-01	1.620663800000000000e+10	1.435693742777584825e-01	1.034886534944047531e-01	2.696690772995048724e-02
7.879300000000000000e+12	4.188999999999999773e+02	2.094500000000000250e-01	1.650319385000000000e+10	1.462314597377917247e-01	9.823277593521248519e-02	2.693164409844784821e-02
7.891090000000000000e+12	4.258000000000000114e+02	2.128999999999999782e-01	1.680013061000000000e+10	1.489532205522209607e-01	9.654039319860864554e-02	2.659445759610875801e-02
7.902700000000000000e+12	4.256000000000000227e+02	2.127999999999999337e-01	1.681694560000000000e+10	1.542172210313992875e-01	9.771781218324811225e-02	2.734313846371666176e-02
7.914110000000000000e+12	4.298399999999999750e+02	2.149199999999999722e-01	1.700900521200000000e+10	1.506369130050097815e-01	9.880385653621885644e-02	2.669514325763774898e-02
7.925330000000000000e+12	4.381399999999999864e+02	2.190699999999999592e-01	1.736202043100000000e+10	1.565945550090873384e-01	9.932222061363457644e-02	2.696647060901198253e-02
7.936380000000000000e+12	4.418199999999999932e+02	2.209099999999999675e-01	1.753225705800000000e+10	1.581181291190568994e-01	9.760276696124620122e-02	2.698128918181340666e-02
7.947230000000000000e+12	4.470400000000000205e+02	2.235200000000000520e-01	1.776364849600000000e+10	1.569975235475158104e-01	9.918974894848506252e-02	2.706511939417975340e-02
7.957910000000000000e+12	4.509599999999999795e+02	2.254799999999999860e-01	1.794349546800000000e+10	1.645335141433133808e-01	9.559595322086357483e-02	2.703727661294525256e-02
7.968420000000000000e+12	4.450400000000000205e+02	2.225200000000000511e-01	1.773132818400000000e+10	1.604576187265638609e-01	9.711611511033386990e-02	2.654938950381413587e-02
7.978750000000000000e+12	4.564599999999999795e+02	2.282299999999999607e-01	1.820990112500000000e+10	1.685161661412757916e-01	9.804479038109441269e-02	2.698560727187572506e-02
7.988910000000000000e+12	4.554399999999999977e+02	2.277200000000000613e-01	1.819234585200000000e+10	1.692891275931788231e-01	9.714571351937689725e-02	2.697499824836217808e-02
7.998900000000000000e+12	4.513799999999999955e+02	2.256900000000000017e-01	1.805271741000000000e+10	1.752928970124139618e-01	9.402450879801552142e-02	2.691949924682297823e-02
8.008730000000000000e+12	4.586600000000000250e+02	2.293300000000000061e-01	1.836642050900000000e+10	1.716360030417672655e-01	9.827211702455927733e-02	2.670597059421719877e-02
8.018390000000000000e+12	4.600199999999999818e+02	2.300099999999999645e-01	1.844309883900000000e+10	1.773021017738710681e-01	9.766860131713776816e-02	2.713353207206381165e-02
8.027890000000000000e+12	4.563399999999999750e+02	2.281699999999999562e-01	1.831723661300000000e+10	1.797090570978207291e-01	9.847694131761061676e-02	2.699438600352119244e-02
8.037240000000000000e+12	4.581200000000000045e+02	2.290600000000000136e-01	1.841010194400000000e+10	1.802387641241011695e-01	9.781564872299698676e-02	2.699664695273038678e-02
8.046430000000000000e+12	4.542799999999999727e+02	2.271400000000000086e-01	1.827666110200000000e+10	1.826302739768834726e-01	9.548191029335452440e-02	2.711079891478666154e-02
8.055460000000000000e+12	4.590000000000000000e+02	2.295000000000000928e-01	1.848728070000000000e+10	1.845008670244715210e-01	9.655945194826670575e-02	2.713508198625817769e-02
8.064350000000000000e+12	4.546800000000000068e+02	2.273400000000000143e-01	1.833349329000000000e+10	1.840229768272138300e-01	9.492636409792537533e-02	2.700392799748365172e-02
8.073090000000000000e+12	4.532400000000000091e+02	2.266199999999999326e-01	1.829523655800000000e+10	1.939865878125647258e-01	1.016045449449923532e-01	2.716134736605092456e-02
8.081680000000000000e+12	4.553199999999999932e+02	2.276600000000000290e-01	1.839875268800000000e+10	1.908700217536443144e-01	1.013684820315355339e-01	2.660501401688061471e-02
8.090120000000000000e+12	4.605000000000000000e+02	2.302499999999999547e-01	1.862750130000000000e+10	1.848034044021596989e-01	9.521735253371214902e-02	2.674984826862745330e-02
8.098420000000000000e+12	4.532200000000000273e+02	2.266100000000000891e-01	1.835182956200000000e+10	1.987416170493361278e-01	9.820756100837547964e-02	2.697145752002808733e-02
8.106590000000000000e+12	4.536000000000000227e+02	2.268000000000000016e-01	1.838574612000000000e+10	1.932581033127144243e-01	9.882343986721879581e-02	2.690308636488249541e-02
8.114610000000000000e+12	4.437200000000000273e+02	2.218599999999999184e-01	1.800307374600000000e+10	2.001760990673346896e-01	9.221637297058023208e-02	2.701602123456424073e-02
8.122500000000000000e+12	4.440000000000000000e+02	2.219999999999999474e-01	1.803195000000000000e+10	2.059043290997851772e-01	9.699756639627078736e-02	2.699396797631354455e-02
8.130250000000000000e+12	4.510400000000000205e+02	2.255199999999999150e-01	1.833533980000000000e+10	2.073281416671989008e-01	9.910205950681783005e-02	2.674895224561431306e-02
8.137870000000000000e+12	4.451200000000000045e+02	2.225599999999999801e-01	1.811164347200000000e+10	1.998148691311052993e-01	1.005031526175163697e-01	2.722855824623462290e-02
8.145360000000000000e+12	4.361600000000000250e+02	2.180800000000000793e-01	1.776340108800000000e+10	2.074000979707352477e-01	1.002146193493803350e-01	2.686613047591408440e-02
8.152720000000000000e+12	4.356000000000000227e+02	2.178000000000000214e-01	1.775662416000000000e+10	2.161020209331900310e-01	9.457670163940218311e-02	2.660495972412293270e-02
8.159950000000000000e+12	4.403600000000000136e+02	2.201799999999999313e-01	1.796657791000000000e+10	2.156283767546892660e-01	9.819995856060417805e-02	2.669252814936048587e-02
8.167050000000000000e+12	4.397799999999999727e+02	2.198900000000000299e-01	1.795852624500000000e+10	2.208394868179402726e-01	9.450001827620470307e-02	2.716353290982449417e-02
8.174040000000000000e+12	4.314399999999999977e+02	2.157199999999999951e-01	1.763303908800000000e+10	2.177916506956535103e-01	9.625415829452092786e-02	2.726373643147255582e-02
8.180900000000000000e+12	4.273799999999999955e+02	2.136900000000000466e-01	1.748176521000000000e+10	2.230185247787403457e-01	1.003494145346951472e-01	2.733204375530753211e-02
8.187630000000000000e+12	4.234399999999999977e+02	2.117199999999999638e-01	1.733485023600000000e+10	2.173568370803423133e-01	9.730114329578208598e-02	2.672069862338562196e-02
8.194250000000000000e+12	4.228199999999999932e+02	2.114100000000000423e-01	1.732346392500000000e+10	2.299271822621267447e-01	9.859444970838129874e-02	2.714610068260752546e-02
8.200750000000000000e+12	4.254399999999999977e+02	2.127200000000000202e-01	1.744463540000000000e+10	2.242537912247598852e-01	9.874493216059061773e-02	2.684722314207683980e-02
8.207140000000000000e+12	4.182400000000000091e+02	2.091199999999999448e-01	1.716277116800000000e+10	2.287280255334872003e-01	9.940931940698582991e-02	2.671378783711261459e-02
8.213410000000000000e+12	4.116399999999999864e+02	2.058200000000000307e-01	1.690484046200000000e+10	2.314535114180216735e-01	9.690149753394504406e-02	2.720026107861756373e-02
8.219570000000000000e+12	4.105799999999999841e+02	2.052900000000000280e-01	1.687395525300000000e+10	2.377567878515492450e-01	9.565548491703601552e-02	2.667250747631974214e-02
8.225610000000000000e+12	4.058399999999999750e+02	2.029200000000000170e-01	1.669140781200000000e+10	2.444807394138433787e-01	9.834503276774123059e-02	2.686053441187278082e-02
8.231550000000000000e+12	4.008199999999999932e+02	2.004100000000000326e-01	1.649684935500000000e+10	2.331781850474817508e-01	1.002216098961123125e-01	2.729485625123583004e-02
8.237370000000000000e+12	4.102599999999999909e+02	2.051299999999999790e-01	1.689731708100000000e+10	2.346363582089725230e-01	9.818994065743053001e-02	2.713711487800721939e-02
8.243090000000000000e+12	3.947599999999999909e+02	1.973800000000000276e-01	1.627021104200000000e+10	2.407595346025118432e-01	9.873130015407576010e-02	2.669473743126457230e-02
8.248700000000000000e+12	3.889599999999999795e+02	1.944800000000000140e-01	1.604207176000000000e+10	2.474388949442891394e-01	9.818396356042707884e-02	2.636474551827875171e-02
8.254210000000000000e+12	3.893199999999999932e+02	1.946599999999999442e-01	1.606764518600000000e+10	2.561030191326835737e-01	9.714301385765576613e-02	2.672953040622046833e-02
8.259610000000000000e+12	3.840400000000000205e+02	1.920199999999999407e-01	1.586010312200000000e+10	2.482260853164052483e-01	9.834154666352104557e-02	2.650551286059898634e-02
8.264910000000000000e+12	3.800600000000000023e+02	1.900299999999999767e-01	1.570580847300000000e+10	2.535680434898222035e-01	1.012639550223165541e-01	2.653404369453909659e-02
8.270110000000000000e+12	3.821999999999999886e+02	1.910999999999999366e-01	1.580418021000000000e+10	2.520891222714181090e-01	9.711733209253757548e-02	2.660533447763705622e-02
8.275210000000000000e+12	3.802799999999999727e+02	1.901400000000000035e-01	1.573448429400000000e+10	2.597870847422200091e-01	9.657552734621363544e-02	2.713713256284911238e-02
8.280210000000000000e+12	3.757400000000000091e+02	1.878699999999999815e-01	1.555603052700000000e+10	2.572700673983627229e-01	9.521621078572177488e-02	2.702480206166151325e-02
8.285110000000000000e+12	3.745199999999999818e+02	1.872599999999999265e-01	1.551469698600000000e+10	2.676711399320811369e-01	9.429425624540915818e-02	2.670913701634296950e-02
8.289920000000000000e+12	3.703600000000000136e+02	1.851800000000000390e-01	1.535127385600000000e+10	2.556580387176336511e-01	9.583140070626473828e-02	2.601313978323973458e-02
8.294630000000000000e+12	3.595000000000000000e+02	1.797500000000000486e-01	1.490959742500000000e+10	2.616743471221570916e-01	9.614259089042009876e-02	2.665708779007439078e-02
8.299250000000000000e+12	3.578600000000000136e+02	1.789299999999999780e-01	1.484984802500000000e+10	2.665235019564579644e-01	9.955195854869000605e-02	2.671930934476998004e-02
8.303770000000000000e+12	3.485600000000000023e+02	1.742799999999999627e-01	1.447181035600000000e+10	2.745536392969688544e-01	9.899457450846602113e-02	2.660544487302017938e-02
8.308200000000000000e+12	3.528799999999999955e+02	1.764400000000000135e-01	1.465898808000000000e+10	2.777779578694026252e-01	9.891855029766519203e-02	2.682726494350069074e-02
8.312550000000000000e+12	3.457799999999999727e+02	1.728900000000000159e-01	1.437156769500000000e+10	2.764960288385009402e-01	1.015239251156736522e-01	2.729796643354469657e-02
8.316800000000000000e+12	3.444599999999999795e+02	1.722299999999999942e-01	1.432402464000000000e+10	2.805964084310835216e-01	9.635303845339375506e-02	2.610570235275831361e-02
8.320960000000000000e+12	3.376999999999999886e+02	1.688499999999999723e-01	1.404994096000000000e+10	2.888579210188300106e-01	9.676442439928571726e-02	2.689443620786145100e-02
8.325030000000000000e+12	3.355799999999999841e+02	1.677900000000000225e-01	1.396856783700000000e+10	2.847989055995230889e-01	9.853677860188066184e-02	2.652605030536384079e-02
8.329020000000000000e+12	3.313399999999999750e+02	1.656699999999999562e-01	1.379868743400000000e+10	2.882192345814837409e-01	1.003305010601076713e-01	2.695579105203000855e-02
8.332920000000000000e+12	3.251999999999999886e+02	1.626000000000000223e-01	1.354932792000000000e+10	2.877027350318394627e-01	9.813897598641511955e-02	2.575756382379367285e-02
8.336740000000000000e+12	3.260600000000000023e+02	1.630300000000000082e-01	1.359138722200000000e+10	2.972260688033338538e-01	1.001001814245532640e-01	2.649911138142172634e-02
8.340470000000000000e+12	3.186800000000000068e+02	1.593399999999999817e-01	1.328970489800000000e+10	2.941779820861074590e-01	9.918792090969211217e-02	2.654237972213849273e-02
8.344120000000000000e+12	3.143799999999999955e+02	1.571899999999999964e-01	1.311612222800000000e+10	3.032993495102027648e-01	9.986334659855802820e-02	2.585734294285802273e-02
8.347690000000000000e+12	3.140000000000000000e+02	1.570000000000000562e-01	1.310587330000000000e+10	3.055973532455118491e-01	9.592144896455101488e-02	2.637185080345257754e-02
8.351180000000000000e+12	3.064200000000000159e+02	1.532099999999999851e-01	1.279484287800000000e+10	2.984589359060373925e-01	9.653271388060291613e-02	2.640867102612552003e-02
8.354580000000000000e+12	2.990600000000000023e+02	1.495300000000000240e-01	1.249260347400000000e+10	2.997763604178817487e-01	9.556247746970855661e-02	2.627813834027584172e-02
8.357910000000000000e+12	2.946999999999999886e+02	1.473500000000000087e-01	1.231538038500000000e+10	3.048340854522166299e-01	9.847483805185575090e-02	2.607092807378920407e-02
8.361160000000000000e+12	2.913999999999999773e+02	1.456999999999999684e-01	1.218221012000000000e+10	3.078006249859799870e-01	9.599447865224258747e-02	2.614080426217255809e-02
8.364330000000000000e+12	2.873799999999999955e+02	1.436899999999999844e-01	1.201870577700000000e+10	3.133639889827236624e-01	9.798321357876763060e-02	2.586497182460585284e-02
8.367430000000000000e+12	2.845799999999999841e+02	1.422899999999999998e-01	1.190601614700000000e+10	3.125970429863082489e-01	9.361141184847256158e-02	2.575137511040280838e-02
8.370440000000000000e+12	2.741999999999999886e+02	1.370999999999999996e-01	1.147587324000000000e+10	3.047216987686033329e-01	9.634927102072228522e-02	2.609286238858078352e-02
8.373390000000000000e+12	2.741600000000000250e+02	1.370799999999999796e-01	1.147824301200000000e+10	3.130991106474220742e-01	9.862638316654415149e-02	2.645783925901150704e-02
8.376260000000000000e+12	2.669800000000000182e+02	1.334899999999999420e-01	1.118146947400000000e+10	3.231902575806043232e-01	9.348997412149900876e-02	2.617169883700233915e-02
8.379050000000000000e+12	2.592799999999999727e+02	1.296400000000000052e-01	1.086260042000000000e+10	3.070416596210771010e-01	9.620223729619752084e-02	2.642454883353126394e-02
8.381770000000000000e+12	2.550000000000000000e+02	1.275000000000000022e-01	1.068675675000000000e+10	3.273016592305338923e-01	8.913648201420328043e-02	2.579387859287841922e-02
8.384420000000000000e+12	2.485999999999999943e+02	1.242999999999999938e-01	1.042183406000000000e+10	3.243208152638953901e-01	8.996619055010553201e-02	2.583712298268603380e-02
8.387000000000000000e+12	2.411399999999999864e+02	1.205699999999999689e-01	1.011220590000000000e+10	3.386032479320510991e-01	9.643706373370758422e-02	2.608231784738713685e-02
8.389510000000000000e+12	2.312199999999999989e+02	1.156100000000000461e-01	9.699112511000000000e+09	3.184815763787219312e-01	9.356819536936900050e-02	2.592994533506185612e-02
8.391950000000000000e+12	2.295399999999999920e+02	1.147700000000000248e-01	9.631441015000000000e+09	3.392426704809849980e-01	9.179325520402198402e-02	2.525623487717466864e-02
8.394320000000000000e+12	2.216999999999999886e+02	1.108500000000000318e-01	9.305103720000000000e+09	3.177673462490201994e-01	9.297679632698957475e-02	2.538362539613746305e-02
8.396620000000000000e+12	2.130399999999999920e+02	1.065200000000000036e-01	8.944079624000000000e+09	3.419820156200239492e-01	9.438085686541754227e-02	2.583015145162661369e-02
8.398850000000000000e+12	2.022400000000000091e+02	1.011200000000000015e-01	8.492917120000000000e+09	3.502917740975181049e-01	9.758691616645355504e-02	2.586412343709032502e-02
8.401020000000000000e+12	1.965600000000000023e+02	9.827999999999999237e-02	8.256522456000000000e+09	3.394612022708725085e-01	9.625565409264470740e-02	2.555326026663857705e-02
8.403120000000000000e+12	1.862199999999999989e+02	9.310999999999999832e-02	7.824145032000000000e+09	3.438527419780166294e-01	9.399361543822781773e-02	2.539741044314747231e-02
8.405160000000000000e+12	1.815200000000000102e+02	9.076000000000000734e-02	7.628523216000000000e+09	3.575944959549952062e-01	9.647018127904707918e-02	2.406889024218615558e-02
8.407130000000000000e+12	1.712400000000000091e+02	8.561999999999998778e-02	7.198184706000000000e+09	3.520446521765688841e-01	9.494658041087472578e-02	2.470855861124311367e-02
8.409030000000000000e+12	1.600600000000000023e+02	8.003000000000000391e-02	6.729746709000000000e+09	3.385426461028510081e-01	8.877697864896864910e-02	2.488409327262245535e-02
8.410870000000000000e+12	1.460000000000000000e+02	7.299999999999999545e-02	6.139935100000000000e+09	3.478042261644395672e-01	9.509912832390135518e-02	2.399082929894818042e-02
8.412650000000000000e+12	1.383600000000000136e+02	6.918000000000000538e-02	5.819871270000000000e+09	3.266825537469003615e-01	9.297715473377511641e-02	2.303886675939546130e-02
8.414370000000000000e+12	1.290200000000000102e+02	6.450999999999999790e-02	5.428110087000000000e+09	3.167051266358021366e-01	9.275796570837557820e-02	2.405783538495591747e-02
8.416020000000000000e+12	1.161200000000000045e+02	5.806000000000002131e-02	4.886341212000000000e+09	3.431410550342496868e-01	9.557042770197010650e-02	2.176493700369552461e-02
8.417620000000000000e+12	1.037000000000000028e+02	5.185000000000003495e-02	4.364535970000000000e+09	3.367083065736579117e-01	1.032915317351352502e-01	2.235612464114459380e-02
8.419150000000000000e+12	9.270000000000000284e+01	4.635000000000000925e-02	3.902276025000000000e+09	3.741687356321251046e-01	1.205261226205987801e-01	2.100403468961647632e-02
8.420630000000000000e+12	8.473999999999999488e+01	4.237000000000001876e-02	3.567820931000000000e+09	3.820558309640392225e-01	1.237202702821394440e-01	2.051613403410597336e-02
8.422040000000000000e+12	7.242000000000000171e+01	3.621000000000000607e-02	3.049620684000000000e+09	3.847690183335426006e-01	1.240526193755520507e-01	2.025617348441056953e-02
8.423390000000000000e+12	6.695999999999999375e+01	3.348000000000000975e-02	2.820150972000000000e+09	3.910996634869282063e-01	1.293544470669875934e-01	2.021397526639101896e-02
8.424690000000000000e+12	5.292000000000000171e+01	2.645999999999998700e-02	2.229172974000000000e+09	3.872890614878733984e-01	1.259694238214686124e-01	2.034786827990930566e-02
8.425930000000000000e+12	2.278000000000000114e+01	1.139000000000000429e-02	9.597134270000000000e+08	3.949186928240178140e-01	1.258774760086144862e-01	2.037023659738479431e-02
8.427110000000000000e+12	6.479999999999999716e+01	3.239999999999999131e-02	2.730383640000000000e+09	3.908266433167213449e-01	1.258714733121412133e-01	2.007785530378069713e-02
8.428240000000000000e+12	8.723999999999999488e+01	4.361999999999999905e-02	3.676398288000000000e+09	4.002108715572992859e-01	1.263549216568599920e-01	2.076889362250804172e-02
8.429310000000000000e+12	8.450000000000000000e+01	4.225000000000000283e-02	3.561383475000000000e+09	3.891594977408047162e-01	1.261015411434328048e-01	2.039393151176965152e-02
8.430320000000000000e+12	8.440000000000000568e+01	4.219999999999999446e-02	3.557595040000000000e+09	4.085447619556614174e-01	1.262617982746348788e-01	2.045788017087915578e-02
8.431280000000000000e+12	8.700000000000000000e+01	4.350000000000000394e-02	3.667606800000000000e+09	4.037769991207024178e-01	1.233431440416340591e-01	2.049181947337304008e-02
8.432190000000000000e+12	7.168000000000000682e+01	3.584000000000000380e-02	3.022096896000000000e+09	4.104552835572212177e-01	1.273132065699721371e-01	2.043247421749446596e-02
8.433040000000000000e+12	5.338000000000000256e+01	2.668999999999999498e-02	2.250778376000000000e+09	3.992854029639373303e-01	1.240419524572223542e-01	2.047697513130127683e-02
8.433840000000000000e+12	7.315999999999999659e+01	3.658000000000001528e-02	3.085098672000000000e+09	4.119571504200568168e-01	1.300446915622827382e-01	2.020436005822173059e-02
8.434580000000000000e+12	9.084000000000000341e+01	4.541999999999999510e-02	3.830986236000000000e+09	4.057777079260970754e-01	1.202561635549864866e-01	2.133215879543129759e-02
8.435280000000000000e+12	9.343999999999999773e+01	4.672000000000001152e-02	3.940962816000000000e+09	4.066206641944175582e-01	1.198976767222109524e-01	2.046071789536867136e-02
8.435920000000000000e+12	9.428000000000000114e+01	4.714000000000002216e-02	3.976692688000000000e+09	4.202452259104683674e-01	1.145230393349848802e-01	2.075199565316965603e-02
8.436510000000000000e+12	9.951999999999999602e+01	4.976000000000001949e-02	4.198007376000000000e+09	4.111075060179649188e-01	1.038822830143427828e-01	2.125472957489484352e-02
8.437050000000000000e+12	9.787999999999999545e+01	4.894000000000000433e-02	4.129092270000000000e+09	4.222526555452754127e-01	1.062174470583496927e-01	2.130610098833366287e-02
8.437540000000000000e+12	9.565999999999999659e+01	4.783000000000001140e-02	4.035675382000000000e+09	4.219401299516197801e-01	1.122320240874502412e-01	2.176299291804802832e-02
8.437980000000000000e+12	9.679999999999999716e+01	4.840000000000001940e-02	4.083982320000000000e+09	4.196706857770175492e-01	1.154688778264286730e-01	2.062314153097748876e-02
8.438360000000000000e+12	9.100000000000000000e+01	4.550000000000000572e-02	3.839453800000000000e+09	4.378463766223865128e-01	1.195192134293635716e-01	2.093030963986507176e-02
8.438700000000000000e+12	8.601999999999999602e+01	4.300999999999999962e-02	3.629484870000000000e+09	4.415212062708250285e-01	1.207591375288915303e-01	2.050029432768617557e-02
8.439000000000000000e+12	7.900000000000000000e+01	3.950000000000000733e-02	3.333405000000000000e+09	4.426110537519694077e-01	1.241653179641308696e-01	2.051356461507704634e-02
8.439240000000000000e+12	7.115999999999999659e+01	3.558000000000000052e-02	3.002681592000000000e+09	4.484645118101390215e-01	1.224245280349711834e-01	2.005133259173136687e-02
8.439430000000000000e+12	6.618000000000000682e+01	3.309000000000000136e-02	2.792607387000000000e+09	4.478874992912233455e-01	1.234441531282649551e-01	2.014475594329666677e-02
8.439580000000000000e+12	6.024000000000000199e+01	3.012000000000000788e-02	2.542001496000000000e+09	4.603473623505114909e-01	1.245521048124303420e-01	2.043391156017842006e-02
8.439690000000000000e+12	5.861999999999999744e+01	2.930999999999999578e-02	2.473673139000000000e+09	4.707558416948048330e-01	1.240109127453421084e-01	2.040289470962758020e-02
8.439740000000000000e+12	5.520000000000000284e+01	2.760000000000000300e-02	2.329368240000000000e+09	4.535728495452151510e-01	1.254862811847418658e-01	2.042281881257108217e-02
8.439750000000000000e+12	5.428000000000000114e+01	2.714000000000000787e-02	2.290548150000000000e+09	4.595743343059121577e-01	1.278106211257144798e-01	2.036529216067371056e-02
8.439710000000000000e+12	5.285999999999999943e+01	2.642999999999999863e-02	2.230615353000000000e+09	4.655236704212334375e-01	1.246561617347008016e-01	2.036333950139531529e-02
8.439630000000000000e+12	5.139999999999999858e+01	2.569999999999999021e-02	2.168984910000000000e+09	4.595548257362985223e-01	1.286689813351766798e-01	2.029573530554664232e-02
8.439510000000000000e+12	5.079999999999999716e+01	2.539999999999999897e-02	2.143635540000000000e+09	4.644306404039349467e-01	1.228165414483302215e-01	2.032161891044774460e-02
8.439340000000000000e+12	5.293999999999999773e+01	2.646999999999999353e-02	2.233893298000000000e+09	4.662920432513664726e-01	1.246225600021757113e-01	2.023144688744397957e-02
8.439120000000000000e+12	5.084000000000000341e+01	2.542000000000000162e-02	2.145224304000000000e+09	4.672605875241650497e-01	1.271962339567260514e-01	2.037738238294244802e-02
8.438860000000000000e+12	4.946000000000000085e+01	2.472999999999999851e-02	2.086930078000000000e+09	4.748698611272467729e-01	1.261550273955628632e-01	2.009495016611080251e-02
8.438560000000000000e+12	5.188000000000000256e+01	2.593999999999999778e-02	2.188962464000000000e+09	4.898414916281530473e-01	1.269524818501326924e-01	2.045984248457993065e-02
8.438220000000000000e+12	5.125999999999999801e+01	2.563000000000000000e-02	2.162715786000000000e+09	4.800011903862212992e-01	1.275453284469892368e-01	1.994875713134550838e-02
8.437830000000000000e+12	5.306000000000000227e+01	2.653000000000000844e-02	2.238556299000000000e+09	4.823914858712854414e-01	1.272460023217582004e-01	1.994088240893446273e-02
8.437410000000000000e+12	5.271999999999999886e+01	2.635999999999999802e-02	2.224101276000000000e+09	4.837538035204843045e-01	1.245107801054149560e-01	2.027776267188181880e-02
8.436940000000000000e+12	5.553999999999999915e+01	2.777000000000000648e-02	2.342938238000000000e+09	5.033811501149356715e-01	1.257630971045224644e-01	2.053251072537133279e-02
8.436420000000000000e+12	5.365999999999999659e+01	2.682999999999999968e-02	2.263491486000000000e+09	4.995287365410150393e-01	1.247151637233790411e-01	2.041498846193251157e-02
8.435870000000000000e+12	5.703999999999999915e+01	2.852000000000000715e-02	2.405910124000000000e+09	4.989383692107409174e-01	1.245631087240404583e-01	2.032590178388326771e-02
8.435280000000000000e+12	5.721999999999999886e+01	2.860999999999999308e-02	2.413333608000000000e+09	5.112429989525912877e-01	1.289176521110477480e-01	2.053694259994543955e-02
8.434650000000000000e+12	5.603999999999999915e+01	2.802000000000000324e-02	2.363388930000000000e+09	5.043220595509986248e-01	1.256229032421691261e-01	2.030991368166032429e-02
8.433970000000000000e+12	5.652000000000000313e+01	2.826000000000000040e-02	2.383439922000000000e+09	5.123527130769361948e-01	1.219190825211993318e-01	2.064394482153385571e-02
8.433260000000000000e+12	5.493999999999999773e+01	2.746999999999999442e-02	2.316616522000000000e+09	5.144575056941700364e-01	1.270989027738727850e-01	2.032504437469516076e-02
8.432510000000000000e+12	5.557999999999999829e+01	2.778999999999999526e-02	2.343394529000000000e+09	5.173759710559699965e-01	1.262750748478045637e-01	2.008469652364392941e-02
8.431720000000000000e+12	5.285999999999999943e+01	2.642999999999998822e-02	2.228503596000000000e+09	5.178994017365523561e-01	1.267742545384105135e-01	2.046556608645779679e-02
8.430890000000000000e+12	5.321999999999999886e+01	2.661000000000000865e-02	2.243459829000000000e+09	5.273770609847250324e-01	1.228883294555703637e-01	2.040049190367242138e-02
8.430020000000000000e+12	5.288000000000000256e+01	2.644000000000000170e-02	2.228897288000000000e+09	5.177136648660135565e-01	1.216483454684333804e-01	2.003170144683381892e-02
8.429120000000000000e+12	5.317999999999999972e+01	2.658999999999999211e-02	2.241303008000000000e+09	5.247937318414794827e-01	1.259391942797137287e-01	2.025464145708695193e-02
8.428180000000000000e+12	4.917999999999999972e+01	2.459000000000000075e-02	2.072489462000000000e+09	5.284071591657665268e-01	1.266267701082008368e-01	2.045136804276202758e-02
8.427200000000000000e+12	4.856000000000000227e+01	2.427999999999999950e-02	2.046124160000000000e+09	5.469424989346620691e-01	1.225396749613451713e-01	2.059427807571130586e-02
8.426180000000000000e+12	4.792000000000000171e+01	2.395999999999999866e-02	2.018912728000000000e+09	5.441496683072856166e-01	1.277065991906758957e-01	2.025099155274292378e-02
8.425130000000000000e+12	4.150000000000000000e+01	2.074999999999999761e-02	1.748214475000000000e+09	5.316068568471059574e-01	1.253256389479462662e-01	2.031356425910555569e-02
8.424040000000000000e+12	3.210000000000000142e+01	1.604999999999999830e-02	1.352058420000000000e+09	5.436039439800809392e-01	1.260709969333742020e-01	2.032073692564597203e-02
