# SourcePhotonFlux	NumberRaysSurvived	PercentageRaysSurvived	PhotonFlux	Bandwidth	HorizontalFocusFWHM	VerticalFocusFWHM
1.180180000000000000e+12	1.888888888888889062e+00	1.888888888888888952e-03	6.687686666666666418e+07	8.522405692754283233e-04	4.310390381945339994e-02	5.813925560024312683e-03
1.249340000000000000e+12	3.666666666666666519e+00	3.666666666666667032e-03	1.374274000000000000e+08	8.123708638747041688e-04	4.271041177196967936e-02	7.605035119255158273e-03
1.310450000000000000e+12	7.222222222222222321e+00	7.222222222222222758e-03	2.839308333333333135e+08	1.040488762550605345e-03	4.204877375181790417e-02	6.610570402637913102e-03
1.365350000000000000e+12	7.888888888888889284e+00	7.888888888888889728e-03	3.231328333333333135e+08	1.481246385665669187e-03	4.211384217353655868e-02	7.086918653384986083e-03
1.415286666666666748e+12	1.344444444444444464e+01	1.344444444444444463e-02	5.708322888888889551e+08	1.708155831638890178e-03	3.725870838809048485e-02	7.132443627375899958e-03
1.461150000000000000e+12	1.622222222222222143e+01	1.622222222222222468e-02	7.110930000000000000e+08	1.747469094941817187e-03	4.342127435499227445e-02	6.942001259114459651e-03
1.503600000000000000e+12	1.877777777777777857e+01	1.877777777777777518e-02	8.470280000000000000e+08	2.335947680170870257e-03	3.999496304137221264e-02	7.064769743217639598e-03
1.543143333333333252e+12	2.355555555555555713e+01	2.355555555555555527e-02	1.090487955555555582e+09	2.718328235257956235e-03	4.127722661789760827e-02	6.722155260730291147e-03
1.580166666666666748e+12	2.288888888888888928e+01	2.288888888888888917e-02	1.085047777777777910e+09	3.243933972501252330e-03	4.168391699935076328e-02	6.976855706206288449e-03
1.614993333333333252e+12	3.011111111111111072e+01	3.011111111111111280e-02	1.458877311111110926e+09	2.916056575811431725e-03	3.745921209143423386e-02	7.449951518446472180e-03
1.647876666666666748e+12	3.000000000000000000e+01	3.000000000000000236e-02	1.483089000000000000e+09	3.088292404932209152e-03	3.885225480436536177e-02	7.089023821888230069e-03
1.679026666666666748e+12	3.055555555555555713e+01	3.055555555555555802e-02	1.539107777777777672e+09	3.657241712141064745e-03	3.802968298845380707e-02	7.259290069696643262e-03
1.708620000000000000e+12	2.955555555555555713e+01	2.955555555555555713e-02	1.514976400000000000e+09	4.150493619891505205e-03	4.196867870254361588e-02	6.647225274375462983e-03
1.736810000000000000e+12	2.233333333333333215e+01	2.233333333333333351e-02	1.163662700000000000e+09	4.906444176136682753e-03	4.348151744130643315e-02	6.847119749744528215e-03
1.763723333333333252e+12	6.777777777777777679e+00	6.777777777777777533e-03	3.586237444444444180e+08	4.846933339260037048e-03	3.586784609109002625e-02	6.164726693094015920e-03
1.789470000000000000e+12	1.422222222222222143e+01	1.422222222222222117e-02	7.635072000000000000e+08	5.880772390407683868e-03	4.145683835050194277e-02	6.768122350484303586e-03
1.814146666666666748e+12	1.488888888888888751e+01	1.488888888888888901e-02	8.103188444444445372e+08	5.715887884656111612e-03	4.578521717349492981e-02	7.043266896035436236e-03
1.837833333333333252e+12	1.500000000000000000e+01	1.500000000000000118e-02	8.270250000000000000e+08	5.668584662599444879e-03	3.839235137242005130e-02	6.722767982452406040e-03
1.860610000000000000e+12	1.700000000000000000e+01	1.699999999999999775e-02	9.489111000000000000e+08	6.521142421291780712e-03	4.054938948323569964e-02	6.350720506647675873e-03
1.882536666666666748e+12	1.855555555555555358e+01	1.855555555555555430e-02	1.047945411111111164e+09	7.072348332137947356e-03	4.161083076114864554e-02	6.604623071656050455e-03
1.903676666666666748e+12	1.822222222222222143e+01	1.822222222222222299e-02	1.040676577777777791e+09	6.812040156430558720e-03	4.117119414478588590e-02	7.189436525917461927e-03
1.924076666666666748e+12	2.066666666666666785e+01	2.066666666666666652e-02	1.192927533333333254e+09	6.852651864422025681e-03	4.364225144408264562e-02	6.990006157586340675e-03
1.943786666666666748e+12	2.188888888888888928e+01	2.188888888888888828e-02	1.276419911111111164e+09	7.254916680767171076e-03	4.509875570983745002e-02	6.567096163570391304e-03
1.962850000000000000e+12	2.266666666666666785e+01	2.266666666666666829e-02	1.334738000000000000e+09	9.256495902771413181e-03	4.107067383308330571e-02	6.763862220845343574e-03
1.981303333333333252e+12	1.977777777777777857e+01	1.977777777777777607e-02	1.175573311111111164e+09	8.760035613873376828e-03	4.231945273948056752e-02	6.697527984440387709e-03
1.999180000000000000e+12	2.244444444444444287e+01	2.244444444444444742e-02	1.346114533333333254e+09	9.170944065299672238e-03	3.905808118710584614e-02	6.788552017223382223e-03
2.016513333333333252e+12	2.800000000000000000e+01	2.800000000000000058e-02	1.693871200000000000e+09	9.582704428954005177e-03	4.163609331272585118e-02	6.957583047266611455e-03
2.033333333333333252e+12	2.611111111111111072e+01	2.611111111111110925e-02	1.592777777777777672e+09	9.847031274583894697e-03	4.554534650624327691e-02	7.189266884921778795e-03
2.049666666666666748e+12	2.966666666666666785e+01	2.966666666666667104e-02	1.824203333333333254e+09	9.671030658711731592e-03	4.204081076652847054e-02	6.659453208138967940e-03
2.065536666666666748e+12	3.011111111111111072e+01	3.011111111111111280e-02	1.865868122222222328e+09	1.022045532754998869e-02	4.404592286510276150e-02	7.047731001787346100e-03
2.080963333333333252e+12	3.077777777777777501e+01	3.077777777777777890e-02	1.921422811111110926e+09	1.044806272202619679e-02	3.904279252844039538e-02	7.991198849750089442e-03
2.095973333333333252e+12	3.166666666666666785e+01	3.166666666666666935e-02	1.991174666666666746e+09	9.400438551036897211e-03	3.530256841784727012e-02	7.295602289810080437e-03
2.110580000000000000e+12	3.422222222222222143e+01	3.422222222222222332e-02	2.166862133333333492e+09	1.270526454978717495e-02	4.356960904832978682e-02	8.105969552625586980e-03
2.124806666666666748e+12	3.822222222222222143e+01	3.822222222222221993e-02	2.436444977777777672e+09	1.016291928440043492e-02	3.050163375823121414e-02	6.372915030163516480e-03
2.138666666666666748e+12	3.722222222222222143e+01	3.722222222222221905e-02	2.388177777777777672e+09	9.556526193155908885e-03	3.503844602924419821e-02	8.624718368567775226e-03
2.152176666666666748e+12	4.288888888888888573e+01	4.288888888888889306e-02	2.769133977777777672e+09	1.121641560350402321e-02	3.501107132251419368e-02	8.358611821960463401e-03
2.165353333333333252e+12	3.900000000000000000e+01	3.899999999999999994e-02	2.533463400000000000e+09	1.158892149003855170e-02	1.887277539145335373e-02	6.987516530583080115e-03
2.178206666666666748e+12	4.088888888888889284e+01	4.088888888888888434e-02	2.671933511111111164e+09	1.338142756176492060e-02	2.393303222169497826e-02	6.198823605404268390e-03
2.190750000000000000e+12	4.466666666666666430e+01	4.466666666666666702e-02	2.935605000000000000e+09	1.277372341862322534e-02	3.501761320884304307e-02	7.582085509538937645e-03
2.202996666666666504e+12	4.833333333333333570e+01	4.833333333333333232e-02	3.194345166666666508e+09	1.645041597520780982e-02	3.654766044186093243e-02	8.719086380541427386e-03
2.214960000000000000e+12	4.600000000000000000e+01	4.600000000000000616e-02	3.056644800000000000e+09	1.095482349886525535e-02	3.798642257353405244e-02	7.756260437210961943e-03
2.226646666666666504e+12	4.311111111111111427e+01	4.311111111111110700e-02	2.879796355555555344e+09	1.314313141035149297e-02	2.764602639935889380e-02	7.953442300755527924e-03
2.238066666666666504e+12	4.388888888888888573e+01	4.388888888888888701e-02	2.946787777777777195e+09	1.574514587537755375e-02	2.696110226583230476e-02	8.515237392287881152e-03
2.249233333333333496e+12	4.833333333333333570e+01	4.833333333333333925e-02	3.261388333333333969e+09	1.531225692814233534e-02	3.468780345321425401e-02	5.193455502483126755e-03
2.260150000000000000e+12	4.800000000000000000e+01	4.800000000000000794e-02	3.254616000000000000e+09	1.501857077736682734e-02	2.498960942696360973e-02	8.202107463362598438e-03
2.270833333333333496e+12	5.055555555555555003e+01	5.055555555555555497e-02	3.444097222222221851e+09	1.755218946225214557e-02	3.333533684620113707e-02	8.712382998105722490e-03
2.281283333333333496e+12	4.722222222222222143e+01	4.722222222222222793e-02	3.231818055555555344e+09	1.605037299543078319e-02	3.476692913713709532e-02	8.101714099306210268e-03
2.291510000000000000e+12	5.011111111111111427e+01	5.011111111111110628e-02	3.444903366666666508e+09	2.116571510704387885e-02	2.921413937860326340e-02	9.016155314270102653e-03
2.301520000000000000e+12	4.822222222222222143e+01	4.822222222222222882e-02	3.329532266666666508e+09	1.687917465524909136e-02	3.079047499690547307e-02	6.498026829454731958e-03
2.311323333333333496e+12	4.622222222222222143e+01	4.622222222222222704e-02	3.205035022222221851e+09	1.889823799687443892e-02	3.459760608797899512e-02	7.825617644278968707e-03
2.320923333333333496e+12	4.033333333333333570e+01	4.033333333333333215e-02	2.808317233333333492e+09	1.406225969673060953e-02	3.750462783678857465e-02	9.241348745801724121e-03
2.330330000000000000e+12	3.655555555555555713e+01	3.655555555555555641e-02	2.555595233333333492e+09	1.557312380440281467e-02	3.304107529836419754e-02	8.128617187429946003e-03
2.339543333333333496e+12	1.311111111111111249e+01	1.311111111111110984e-02	9.202203777777777910e+08	2.067056939516455707e-02	4.588689926587211781e-02	6.932062829532297139e-03
2.348573333333333496e+12	3.222222222222221877e+00	3.222222222222222241e-03	2.270287555555555522e+08	1.800930967393221671e-02	2.752800206954305814e-02	6.750810465316847003e-03
2.357423333333333496e+12	9.444444444444444642e+00	9.444444444444444545e-03	6.679366111111110449e+08	2.024872259063514174e-02	4.470236742085673814e-02	6.954236710136636919e-03
2.366100000000000000e+12	1.211111111111111249e+01	1.211111111111111242e-02	8.596830000000000000e+08	2.347135335916647123e-02	4.001445960475383951e-02	6.828962992102981418e-03
2.374606666666666504e+12	1.266666666666666607e+01	1.266666666666666809e-02	9.023505333333333731e+08	2.483605612664999476e-02	4.171705050493846462e-02	7.211620791800765762e-03
2.382946666666666504e+12	1.777777777777777857e+01	1.777777777777777776e-02	1.270904888888888836e+09	2.279399959430225206e-02	3.996486374633765465e-02	6.313306663511195072e-03
2.391130000000000000e+12	2.122222222222222143e+01	2.122222222222222218e-02	1.522352766666666746e+09	2.362923017041941923e-02	4.005518500057778791e-02	6.222311842611983994e-03
2.399156666666666504e+12	2.255555555555555713e+01	2.255555555555555439e-02	1.623429344444444418e+09	2.355859326569643974e-02	4.179326982153355741e-02	6.538814040736713046e-03
2.407030000000000000e+12	2.433333333333333215e+01	2.433333333333333182e-02	1.757131900000000000e+09	2.539730407217024102e-02	3.899372754610648528e-02	6.716383060269507516e-03
2.414756666666666504e+12	3.055555555555555713e+01	3.055555555555555802e-02	2.213526944444444180e+09	2.623242493303784909e-02	3.698981452264809427e-02	7.022293344238170719e-03
2.422340000000000000e+12	2.411111111111111072e+01	2.411111111111111441e-02	1.752159266666666746e+09	2.881982991347418685e-02	4.243825757640854596e-02	6.935020973355929784e-03
2.429783333333333496e+12	2.666666666666666785e+01	2.666666666666667185e-02	1.943826666666666746e+09	2.737896435578178814e-02	4.332593305958464674e-02	6.735401167444986931e-03
2.437090000000000000e+12	2.800000000000000000e+01	2.800000000000000058e-02	2.047155600000000000e+09	2.751230964204748330e-02	4.547115625877085759e-02	6.716441374646085934e-03
2.444263333333333496e+12	3.177777777777777501e+01	3.177777777777777979e-02	2.330197711111111164e+09	2.994762113223537262e-02	4.092195270103516497e-02	6.698030374996374881e-03
2.451303333333333496e+12	2.900000000000000000e+01	2.900000000000000147e-02	2.132633900000000000e+09	2.826451284368269520e-02	4.175494909023436813e-02	7.154603682638877547e-03
2.458220000000000000e+12	3.022222222222222499e+01	3.022222222222222324e-02	2.228786133333333492e+09	3.097677996014928936e-02	4.367216343932028150e-02	6.994697339687203953e-03
2.465010000000000000e+12	3.311111111111110716e+01	3.311111111111111199e-02	2.448576600000000000e+09	2.406501447777720584e-02	3.830117736297451031e-02	7.677592402841008391e-03
2.471680000000000000e+12	3.166666666666666785e+01	3.166666666666666935e-02	2.348096000000000000e+09	2.753845391206458451e-02	3.308660239470911230e-02	6.025687117742317689e-03
2.478230000000000000e+12	3.588888888888889284e+01	3.588888888888889378e-02	2.668227633333333492e+09	2.167047311077870478e-02	2.647071753515967477e-02	8.838686756122765206e-03
2.484666666666666504e+12	3.944444444444444287e+01	3.944444444444444170e-02	2.940188888888888836e+09	3.357779698553207959e-02	2.176031950170205509e-02	8.111707930405642406e-03
2.490990000000000000e+12	3.922222222222222143e+01	3.922222222222222082e-02	2.931064900000000000e+09	2.321825284953623128e-02	3.679606301078464092e-02	8.187344545165587198e-03
2.497200000000000000e+12	3.488888888888889284e+01	3.488888888888889289e-02	2.613736000000000000e+09	2.692821148353794283e-02	3.535082103752380106e-02	6.438644552195785936e-03
2.503303333333333496e+12	3.844444444444444287e+01	3.844444444444444775e-02	2.887143177777778149e+09	3.034647118201721713e-02	2.546205955503691790e-02	7.885114840657530058e-03
2.509303333333333496e+12	4.022222222222222143e+01	4.022222222222222171e-02	3.027892688888888836e+09	2.537414260653905393e-02	3.435366241630453260e-02	8.139997410263100780e-03
2.515196666666666504e+12	4.222222222222222143e+01	4.222222222222222349e-02	3.185915777777778149e+09	3.015821890672517117e-02	2.725112933286943581e-02	7.630696134810426891e-03
2.520990000000000000e+12	4.211111111111110716e+01	4.211111111111110611e-02	3.184850700000000000e+09	2.919029578783415013e-02	3.575621281812037949e-02	8.644771643684360032e-03
2.526680000000000000e+12	4.500000000000000000e+01	4.500000000000000527e-02	3.411018000000000000e+09	2.648628177378971674e-02	3.320495061448016511e-02	8.314740944197401840e-03
2.532276666666666504e+12	4.722222222222222143e+01	4.722222222222222793e-02	3.587391944444444656e+09	3.495454120598474879e-02	3.246549737019015919e-02	5.667076919800375680e-03
2.537776666666666504e+12	4.577777777777777857e+01	4.577777777777777835e-02	3.485213288888888836e+09	3.536928812574539199e-02	3.334999554919772236e-02	7.902963622707466149e-03
2.543186666666666504e+12	5.011111111111111427e+01	5.011111111111111321e-02	3.823257288888888836e+09	3.013383189426753483e-02	1.551807971285199157e-02	7.220521397274002467e-03
2.548500000000000000e+12	5.655555555555555003e+01	5.655555555555555336e-02	4.323955000000000000e+09	3.461868730564927193e-02	3.174991578906632972e-02	7.785075943380557507e-03
2.553726666666666504e+12	5.466666666666666430e+01	5.466666666666666896e-02	4.188111733333333492e+09	3.257107248843264108e-02	3.029580164671405104e-02	8.312568116165057822e-03
2.558863333333333496e+12	5.688888888888888573e+01	5.688888888888888468e-02	4.367126755555555344e+09	2.846358815476277351e-02	3.402687348726653183e-02	8.359339083455258682e-03
2.563916666666666504e+12	5.755555555555555003e+01	5.755555555555555425e-02	4.427029444444444656e+09	3.460954930073967262e-02	2.954131234342771695e-02	8.607620233583804931e-03
2.568883333333333496e+12	6.011111111111111427e+01	6.011111111111111516e-02	4.632552944444444656e+09	3.938736259119145211e-02	3.871061768262690911e-02	8.947813513887865194e-03
2.573770000000000000e+12	5.788888888888888573e+01	5.788888888888888556e-02	4.469780566666666985e+09	3.907223795835711166e-02	3.209707056565108685e-02	8.032294016147229973e-03
2.578570000000000000e+12	5.911111111111111427e+01	5.911111111111111427e-02	4.572664133333333015e+09	4.029390048919544165e-02	3.750077235320514041e-02	8.515169729230711790e-03
2.583293333333333496e+12	6.077777777777777857e+01	6.077777777777777085e-02	4.710204844444444656e+09	4.277876969388216821e-02	2.920982866658100238e-02	8.315972033959733931e-03
2.587940000000000000e+12	5.877777777777777857e+01	5.877777777777776907e-02	4.563400866666666985e+09	4.621760224044161453e-02	2.667917502048343381e-02	6.128135179262837913e-03
2.592506666666666504e+12	6.088888888888888573e+01	6.088888888888888823e-02	4.735645511111111641e+09	3.753021820413474791e-02	2.771733946545025182e-02	8.838526098276658707e-03
2.596996666666666504e+12	6.666666666666667140e+01	6.666666666666667962e-02	5.193993333333333015e+09	4.115027013777863146e-02	4.022220983202943329e-02	9.409882000989017517e-03
2.601416666666666504e+12	6.500000000000000000e+01	6.499999999999998834e-02	5.072762500000000000e+09	4.056182686400057469e-02	3.067379034456777301e-02	8.769397134332985663e-03
2.605760000000000000e+12	6.044444444444444997e+01	6.044444444444444647e-02	4.725111466666666985e+09	4.476350756690155447e-02	3.076735873894352602e-02	8.268928164042028267e-03
2.610033333333333496e+12	6.577777777777778567e+01	6.577777777777778223e-02	5.150465777777777672e+09	4.488092214991309947e-02	3.149955835819642086e-02	9.355196207148109080e-03
2.614236666666666504e+12	6.133333333333333570e+01	6.133333333333334386e-02	4.810195466666666985e+09	4.415208373926463037e-02	3.364412383692122477e-02	7.696330333142090661e-03
2.618370000000000000e+12	6.788888888888888573e+01	6.788888888888888751e-02	5.332746900000000000e+09	4.898031019558857224e-02	3.334145209824120742e-02	8.393098560460063653e-03
2.622433333333333496e+12	6.922222222222221433e+01	6.922222222222222665e-02	5.445919888888888359e+09	5.292925435507337545e-02	3.417027823394638147e-02	8.821795657085450618e-03
2.626433333333333496e+12	7.188888888888888573e+01	7.188888888888889106e-02	5.664341222222222328e+09	5.207405445798940491e-02	2.861781532455490509e-02	7.919777391877999909e-03
2.630363333333333496e+12	7.077777777777778567e+01	7.077777777777778667e-02	5.585138144444444656e+09	4.100601048149756650e-02	2.599376750183728449e-02	8.766880440308369091e-03
2.634233333333333496e+12	7.366666666666667140e+01	7.366666666666665808e-02	5.821655666666666985e+09	5.140325275134374761e-02	2.871557845968008768e-02	9.206370759871412499e-03
2.638036666666666504e+12	7.522222222222221433e+01	7.522222222222223198e-02	5.953169411111110687e+09	5.033263379927019332e-02	3.320923555116033626e-02	8.729508738406777102e-03
2.641776666666666504e+12	7.211111111111111427e+01	7.211111111111111194e-02	5.715043522222222328e+09	5.075194833357777463e-02	3.736105183741019603e-02	8.296964437941348539e-03
2.645460000000000000e+12	7.466666666666667140e+01	7.466666666666665897e-02	5.925830400000000000e+09	5.830531464741599973e-02	3.689519801024422618e-02	8.854085405552705387e-03
2.649076666666666504e+12	7.255555555555555713e+01	7.255555555555555369e-02	5.766156877777777672e+09	6.047190969947122130e-02	3.010922860463502784e-02	8.358784515282626643e-03
2.652636666666666504e+12	7.666666666666667140e+01	7.666666666666666075e-02	6.101064333333333015e+09	5.126706748743951186e-02	2.225318607845751251e-02	9.250557843065785116e-03
2.656140000000000000e+12	7.388888888888888573e+01	7.388888888888887896e-02	5.887777000000000000e+09	4.840324760256306535e-02	3.238740539429133675e-02	8.973729301291557409e-03
2.659583333333333496e+12	7.844444444444444287e+01	7.844444444444444164e-02	6.258886111111110687e+09	4.574290717490233499e-02	3.086553418520019895e-02	6.799217003824718081e-03
2.662970000000000000e+12	7.611111111111111427e+01	7.611111111111111549e-02	6.080448166666666985e+09	6.072435438290490345e-02	3.572141530930191683e-02	7.138446798065943739e-03
2.666300000000000000e+12	6.888888888888888573e+01	6.888888888888888840e-02	5.510353333333333015e+09	4.898833098165292915e-02	3.216491433446717202e-02	7.454999980480616316e-03
2.669576666666666504e+12	7.155555555555555713e+01	7.155555555555555280e-02	5.730691244444443703e+09	5.648510118766757876e-02	3.362102450051077801e-02	8.744457051851135115e-03
2.672796666666666504e+12	7.866666666666667140e+01	7.866666666666666252e-02	6.307800133333333015e+09	5.721571192952978890e-02	3.014384723413787714e-02	9.203689798611580652e-03
2.675963333333333496e+12	8.311111111111111427e+01	8.311111111111110783e-02	6.672068577777777672e+09	5.166445363728497386e-02	3.432674536690313166e-02	8.600067725271703239e-03
2.679080000000000000e+12	8.022222222222221433e+01	8.022222222222222254e-02	6.447652533333333015e+09	5.291689683306483732e-02	3.529876531184326927e-02	7.715633908721563662e-03
2.682143333333333496e+12	7.400000000000000000e+01	7.399999999999999634e-02	5.954358200000000000e+09	4.881597352035290521e-02	3.169167559561059111e-02	8.229876576689923798e-03
2.685153333333333496e+12	8.077777777777778567e+01	8.077777777777776780e-02	6.507021577777777672e+09	4.835883764957948222e-02	3.454860378348275501e-02	7.824636883123223252e-03
2.688116666666666504e+12	7.855555555555555713e+01	7.855555555555555902e-02	6.334994944444443703e+09	5.830337302957862983e-02	3.606215098966093074e-02	8.570527039099778630e-03
2.691030000000000000e+12	7.277777777777778567e+01	7.277777777777778845e-02	5.875415500000000954e+09	5.760794789949209155e-02	2.642149534720487913e-02	8.541977311306648071e-03
2.693893333333333496e+12	7.344444444444444287e+01	7.344444444444445108e-02	5.935544977777777672e+09	6.064217983824467945e-02	3.014240095393999966e-02	8.761431045249106625e-03
2.696706666666666504e+12	7.400000000000000000e+01	7.399999999999999634e-02	5.986688800000000000e+09	6.859855978609630256e-02	3.200369175506313779e-02	8.415247354111940123e-03
2.699473333333333496e+12	7.722222222222221433e+01	7.722222222222221988e-02	6.253779888888889313e+09	6.443480263758120941e-02	3.072255501277481801e-02	8.304679804598485635e-03
2.702196666666666504e+12	7.933333333333332860e+01	7.933333333333332515e-02	6.431228066666666985e+09	6.317830028496650152e-02	2.528892600188352088e-02	8.727840766836346756e-03
2.704870000000000000e+12	7.000000000000000000e+01	6.999999999999999278e-02	5.680227000000000000e+09	5.985145910565532051e-02	2.679501149386884218e-02	9.343821681417428110e-03
2.707500000000000000e+12	7.688888888888888573e+01	7.688888888888888162e-02	6.245300000000000000e+09	5.818500460724054801e-02	3.688456716839345201e-02	8.946632259912939630e-03
2.710083333333333496e+12	7.055555555555555713e+01	7.055555555555555192e-02	5.736343055555556297e+09	6.143258413531940687e-02	3.172247765976948797e-02	8.286391178564323640e-03
2.712623333333333496e+12	7.677777777777778567e+01	7.677777777777776425e-02	6.248075744444443703e+09	6.379369096048827237e-02	3.045666105441644303e-02	8.900819099988490496e-03
2.715120000000000000e+12	7.466666666666667140e+01	7.466666666666667285e-02	6.081868800000000000e+09	7.006001240074510861e-02	2.966594734978045267e-02	8.524392144575209870e-03
2.717573333333333496e+12	7.277777777777778567e+01	7.277777777777778845e-02	5.933368444444443703e+09	7.268178779617705254e-02	3.210494003300400079e-02	8.730887642730668710e-03
2.719983333333333496e+12	7.166666666666667140e+01	7.166666666666667018e-02	5.847964166666666985e+09	7.390015735098939831e-02	3.427050296832519910e-02	7.981686057442649584e-03
2.722350000000000000e+12	7.433333333333332860e+01	7.433333333333333459e-02	6.070840500000000000e+09	5.910493248413533490e-02	3.297988903288269491e-02	7.660214909540618428e-03
2.724680000000000000e+12	7.000000000000000000e+01	7.000000000000002054e-02	5.721828000000000000e+09	6.012744357147110225e-02	3.169748308512560647e-02	9.208514543474877190e-03
2.726966666666666504e+12	7.022222222222221433e+01	7.022222222222222754e-02	5.744809777777777672e+09	6.228439176053749554e-02	3.114054097380451400e-02	9.442018858462492004e-03
2.729210000000000000e+12	7.300000000000000000e+01	7.299999999999999545e-02	5.976969900000000000e+09	6.183939412570301636e-02	3.149059416467227257e-02	9.099149849488350275e-03
2.731416666666666504e+12	6.922222222222221433e+01	6.922222222222222665e-02	5.672241944444444656e+09	7.092880494489388343e-02	3.760856586698677756e-02	7.439788916753015645e-03
2.733583333333333496e+12	6.600000000000000000e+01	6.600000000000001699e-02	5.412495000000000000e+09	6.832674274813951842e-02	2.240787012955399934e-02	9.025985540901833998e-03
2.735713333333333496e+12	7.022222222222221433e+01	7.022222222222222754e-02	5.763236088888889313e+09	8.069983907133367051e-02	3.604910681379476511e-02	8.298416317088249186e-03
2.737803333333333496e+12	6.411111111111111427e+01	6.411111111111110483e-02	5.265708411111111641e+09	7.090405665566221205e-02	3.126067931741566969e-02	8.642806365270387994e-03
2.739856666666666504e+12	7.144444444444444287e+01	7.144444444444444930e-02	5.872426122222222328e+09	7.601409614603148179e-02	3.087522005921590484e-02	8.893096622033214507e-03
2.741870000000000000e+12	7.244444444444444287e+01	7.244444444444443632e-02	5.958997466666666985e+09	6.703525290948972315e-02	3.405037982298965427e-02	8.509902518654488893e-03
2.743850000000000000e+12	7.077777777777778567e+01	7.077777777777778667e-02	5.826108166666667938e+09	9.109203801206906814e-02	3.512197113139609722e-02	9.436942574021568372e-03
2.745790000000000000e+12	6.488888888888888573e+01	6.488888888888888484e-02	5.345137866666666985e+09	7.273545399521531840e-02	2.307118774455924060e-02	8.383908477337494863e-03
2.747696666666666504e+12	6.411111111111111427e+01	6.411111111111110483e-02	5.284736588888888359e+09	9.420203031716785358e-02	3.049651379310034868e-02	8.749623263828618450e-03
2.749566666666666504e+12	6.744444444444444287e+01	6.744444444444444575e-02	5.563289888888888359e+09	6.307305097993776144e-02	3.481538244941329019e-02	7.977360521699620316e-03
2.751403333333333496e+12	6.177777777777777857e+01	6.177777777777778562e-02	5.099267511111111641e+09	8.497684762750799814e-02	2.984775690424536221e-02	9.369330869530956285e-03
2.753203333333333496e+12	6.666666666666667140e+01	6.666666666666667962e-02	5.506406666666666985e+09	7.196343209936155449e-02	3.391324839256992796e-02	8.438247148687386470e-03
2.754970000000000000e+12	6.355555555555555003e+01	6.355555555555554570e-02	5.252809466666666985e+09	8.258345236625548591e-02	3.814977898158587732e-02	8.222045600037863888e-03
2.756703333333333496e+12	6.533333333333332860e+01	6.533333333333334048e-02	5.403138533333333015e+09	7.993548427968259762e-02	3.178878149610870479e-02	7.392633616424948428e-03
2.758403333333333496e+12	6.977777777777778567e+01	6.977777777777778578e-02	5.774257644444443703e+09	8.516075856732641114e-02	3.069079354172183152e-02	9.221928405276009696e-03
2.760070000000000000e+12	6.366666666666666430e+01	6.366666666666666308e-02	5.271733700000000000e+09	5.761099961030898692e-02	2.663939851243857584e-02	8.101515898417349301e-03
2.761703333333333496e+12	6.366666666666666430e+01	6.366666666666666308e-02	5.274853366666666985e+09	7.958144810350455123e-02	3.345404087095531914e-02	8.719381797225469674e-03
2.763306666666666504e+12	6.122222222222222143e+01	6.122222222222221261e-02	5.075273244444444656e+09	9.001137844921282272e-02	3.269902020090856981e-02	7.595031515439366020e-03
2.764876666666666504e+12	5.755555555555555003e+01	5.755555555555555425e-02	4.774020377777777672e+09	8.697957679032697342e-02	2.140847048515433573e-02	8.446029421934547060e-03
2.766416666666666504e+12	6.044444444444444997e+01	6.044444444444444647e-02	5.016435555555555344e+09	9.906599891322305507e-02	3.334212900755360864e-02	9.031592865743389917e-03
2.767923333333333496e+12	5.888888888888888573e+01	5.888888888888888645e-02	4.889997888888888359e+09	6.652315862763517884e-02	3.180939674628632113e-02	8.018148572854101944e-03
2.769400000000000000e+12	6.000000000000000000e+01	6.000000000000000472e-02	4.984920000000000000e+09	9.118325474815315579e-02	2.702628554298761379e-02	8.275879295660240956e-03
2.770850000000000000e+12	5.977777777777777857e+01	5.977777777777778384e-02	4.969057666666666985e+09	1.018098677360639165e-01	3.225694874023059960e-02	7.113638862736960250e-03
2.772266666666666504e+12	5.900000000000000000e+01	5.900000000000000383e-02	4.906912000000000000e+09	8.675092085642670259e-02	3.484661065114718487e-02	8.743298922201377804e-03
2.773653333333333496e+12	5.944444444444444997e+01	5.944444444444443865e-02	4.946348444444444656e+09	9.973884464519262860e-02	3.519478631066647045e-02	8.468537287082791506e-03
2.775010000000000000e+12	6.066666666666666430e+01	6.066666666666667429e-02	5.050518200000000000e+09	8.388919244584434887e-02	2.601108521818456740e-02	7.863028201378638796e-03
2.776340000000000000e+12	5.422222222222222143e+01	5.422222222222222027e-02	4.516179733333333015e+09	8.815316633409665814e-02	2.294604685832412824e-02	8.494622040297090601e-03
2.777640000000000000e+12	5.600000000000000000e+01	5.600000000000000117e-02	4.666435200000000000e+09	9.207712746198619402e-02	3.920418705476711591e-02	8.720648945611322866e-03
2.778913333333333496e+12	5.477777777777777857e+01	5.477777777777777940e-02	4.566680911111111641e+09	7.503700530027243576e-02	2.911231506718749487e-02	8.355234642078296359e-03
2.780156666666666504e+12	5.566666666666666430e+01	5.566666666666666985e-02	4.642861633333333015e+09	9.641552726839108800e-02	2.806329343753451513e-02	8.278214954032673059e-03
2.781373333333333496e+12	4.966666666666666430e+01	4.966666666666666452e-02	4.144246266666666508e+09	1.012870310096584681e-01	2.517781166734297735e-02	7.169787742499427775e-03
2.782563333333333496e+12	4.855555555555555003e+01	4.855555555555556707e-02	4.053267255555555344e+09	1.007498142220760590e-01	3.599224877694088415e-02	8.496670086666321259e-03
2.783726666666666504e+12	5.055555555555555003e+01	5.055555555555554803e-02	4.221985444444444656e+09	1.067217946555148039e-01	3.076818976161993513e-02	8.457614851865651387e-03
2.784860000000000000e+12	5.133333333333333570e+01	5.133333333333333498e-02	4.288684400000000000e+09	9.447303742495528900e-02	2.752394975222675899e-02	9.160182193180639240e-03
2.785970000000000000e+12	5.444444444444444997e+01	5.444444444444444114e-02	4.550417666666666985e+09	8.229603067838474340e-02	2.761118808324928772e-02	8.501521634649178427e-03
2.787053333333333496e+12	5.144444444444444997e+01	5.144444444444443848e-02	4.301352311111111641e+09	1.190317129562825094e-01	3.118782049326962458e-02	9.248337423770751700e-03
2.788110000000000000e+12	4.922222222222222143e+01	4.922222222222221583e-02	4.117109100000000000e+09	1.059927162048602961e-01	3.566248564916753988e-02	6.869536062946806493e-03
2.789143333333333496e+12	5.233333333333333570e+01	5.233333333333333587e-02	4.378955033333333015e+09	8.161953319422031450e-02	2.672820059731311967e-02	7.539852656463178621e-03
2.790146666666666504e+12	4.611111111111111427e+01	4.611111111111110966e-02	3.859702888888888836e+09	1.173648545813345406e-01	2.735194201219179333e-02	7.339255993894285707e-03
2.791130000000000000e+12	4.533333333333333570e+01	4.533333333333333659e-02	3.795936800000000000e+09	8.955382963209658487e-02	4.038522539523197591e-02	8.450951613619568301e-03
2.792086666666666504e+12	4.577777777777777857e+01	4.577777777777777835e-02	3.834465688888888836e+09	1.035530291191359281e-01	3.761968046129601090e-02	7.917863584662948942e-03
2.793016666666666504e+12	4.088888888888889284e+01	4.088888888888888434e-02	3.426100444444444656e+09	1.061321995677846908e-01	2.699468101934037259e-02	7.085612234921301843e-03
2.793923333333333496e+12	3.977777777777777857e+01	3.977777777777777996e-02	3.334081844444444656e+09	1.051000570964440578e-01	2.907078421915032518e-02	7.013062101382013490e-03
2.794806666666666504e+12	4.244444444444444287e+01	4.244444444444444436e-02	3.558720488888888836e+09	1.358623840527949655e-01	3.248666943311285388e-02	8.790175849906548683e-03
2.795666666666666504e+12	4.255555555555555713e+01	4.255555555555556174e-02	3.569134444444444656e+09	8.958146733943471440e-02	2.468901274501318632e-02	8.476437160722173278e-03
2.796503333333333496e+12	4.055555555555555713e+01	4.055555555555555303e-02	3.402412388888888836e+09	1.019065872093910391e-01	4.101445530796070382e-02	7.058659295071208900e-03
2.797316666666666504e+12	4.066666666666666430e+01	4.066666666666666347e-02	3.412726333333333492e+09	1.019791036789128164e-01	2.483886288599651201e-02	8.426960282371510555e-03
2.798106666666666504e+12	3.766666666666666430e+01	3.766666666666666080e-02	3.161860533333333492e+09	9.228690454854888980e-02	3.410576170593066642e-02	8.306610604697516748e-03
2.798873333333333496e+12	3.455555555555555713e+01	3.455555555555556158e-02	2.901498688888888836e+09	1.026801396524964077e-01	2.749979272852665427e-02	8.784562462773681454e-03
2.799616666666666504e+12	3.611111111111110716e+01	3.611111111111111466e-02	3.032918055555555344e+09	8.267627550405147463e-02	2.933615627846519400e-02	7.108202479473891243e-03
2.800340000000000000e+12	3.144444444444444287e+01	3.144444444444444847e-02	2.641654066666666508e+09	1.142558566458191094e-01	4.113982061357744635e-02	6.589191771254065272e-03
2.801040000000000000e+12	3.222222222222222143e+01	3.222222222222222848e-02	2.707672000000000000e+09	1.186041417802636971e-01	4.188415489212436033e-02	6.669000735745036525e-03
2.801720000000000000e+12	3.022222222222222499e+01	3.022222222222222324e-02	2.540226133333333492e+09	1.159246085635211032e-01	4.123345352771936451e-02	6.712483727470010438e-03
2.802376666666666504e+12	2.933333333333333215e+01	2.933333333333333626e-02	2.466091466666666508e+09	1.288842119359528693e-01	4.145542688979417939e-02	7.042715188434105732e-03
2.803010000000000000e+12	2.822222222222222499e+01	2.822222222222222146e-02	2.373215133333333492e+09	1.231490014384645088e-01	4.217437208447023106e-02	6.808230112091273080e-03
2.803623333333333496e+12	2.688888888888888928e+01	2.688888888888888926e-02	2.261589488888888836e+09	1.278507240970096215e-01	4.217740688434535451e-02	6.865098525333970803e-03
2.804216666666666504e+12	2.388888888888888928e+01	2.388888888888889006e-02	2.009688611111110926e+09	1.201898637561116950e-01	4.304323030805606159e-02	6.714034744858764746e-03
2.804790000000000000e+12	1.822222222222222143e+01	1.822222222222222299e-02	1.533285200000000000e+09	1.254971057656274203e-01	4.050533705460925005e-02	6.845321934150103323e-03
2.805340000000000000e+12	2.133333333333333215e+01	2.133333333333333262e-02	1.795417600000000000e+09	1.189888818881443822e-01	4.381299501890861814e-02	6.688253821517826762e-03
2.805873333333333496e+12	1.666666666666666785e+01	1.666666666666666990e-02	1.402936666666666746e+09	1.194977336941924068e-01	4.143889428647372364e-02	6.859676135863467493e-03
2.806383333333333496e+12	1.633333333333333215e+01	1.633333333333333165e-02	1.375127833333333254e+09	1.304932222502985795e-01	4.320121885945706758e-02	6.991331867484017713e-03
2.806876666666666504e+12	1.400000000000000000e+01	1.400000000000000029e-02	1.178888200000000000e+09	1.187752129418826325e-01	4.280553829155853834e-02	6.159923859327509632e-03
2.807346666666666504e+12	1.266666666666666607e+01	1.266666666666666635e-02	1.066791733333333373e+09	1.192157751057523196e-01	4.140037647579929841e-02	6.463979843437148154e-03
2.807796666666666504e+12	1.222222222222222143e+01	1.222222222222221939e-02	1.029525444444444537e+09	1.189222675106006571e-01	3.983558455234530865e-02	6.862777458654475103e-03
2.808230000000000000e+12	8.888888888888889284e+00	8.888888888888888881e-03	7.488613333333333731e+08	1.225068761242381066e-01	4.295330032690156813e-02	6.198777845650046449e-03
2.808643333333333496e+12	4.666666666666666963e+00	4.666666666666666186e-03	3.932100666666666865e+08	1.282261436402910015e-01	4.747277269938510180e-02	6.848430683406261238e-03
2.809036666666666504e+12	1.022222222222222321e+01	1.022222222222222109e-02	8.614379111111111641e+08	1.254880336562033682e-01	4.238342433513439533e-02	6.647356027758694746e-03
2.809413333333333496e+12	1.500000000000000000e+01	1.500000000000000118e-02	1.264236000000000000e+09	1.262994742661686376e-01	3.992627870679334862e-02	6.663154558665431750e-03
2.809770000000000000e+12	1.522222222222222143e+01	1.522222222222222206e-02	1.283128300000000000e+09	1.218278094058865418e-01	4.087195330558613532e-02	6.544584668975377689e-03
2.810106666666666504e+12	1.733333333333333215e+01	1.733333333333333254e-02	1.461255466666666746e+09	1.336913530243634407e-01	4.426275653556715345e-02	6.694802352231979392e-03
2.810426666666666504e+12	1.366666666666666607e+01	1.366666666666666724e-02	1.152274933333333254e+09	1.450544559310474324e-01	4.464731725252130828e-02	6.937054852154810915e-03
2.810730000000000000e+12	1.200000000000000000e+01	1.200000000000000198e-02	1.011862800000000000e+09	1.328127194951433110e-01	4.669289799361135002e-02	6.642989279323995543e-03
2.811013333333333496e+12	8.111111111111110716e+00	8.111111111111110605e-03	6.840132444444444180e+08	1.256323468559478740e-01	3.494820294808517053e-02	6.675522899671580863e-03
2.811280000000000000e+12	1.133333333333333393e+01	1.133333333333333415e-02	9.558352000000000000e+08	1.353862201881099181e-01	4.495140186514674091e-02	6.846620702981864870e-03
2.811526666666666504e+12	1.444444444444444464e+01	1.444444444444444552e-02	1.218328222222222090e+09	1.425444562907463297e-01	4.252993549849663074e-02	6.968927985392100143e-03
2.811760000000000000e+12	1.777777777777777857e+01	1.777777777777777776e-02	1.499605333333333254e+09	1.434314403960697537e-01	4.165320514814757624e-02	6.682581767987032413e-03
2.811973333333333496e+12	1.688888888888888928e+01	1.688888888888888731e-02	1.424733155555555582e+09	1.332456439817415184e-01	4.580419113378891155e-02	6.721736378522515272e-03
2.812170000000000000e+12	1.544444444444444464e+01	1.544444444444444640e-02	1.302972100000000000e+09	1.355295428895179344e-01	4.168491287727568023e-02	6.571963727930660304e-03
2.812350000000000000e+12	1.755555555555555358e+01	1.755555555555555688e-02	1.481171000000000000e+09	1.445176201822641338e-01	4.585252280117575047e-02	6.717871188117369163e-03
2.812513333333333496e+12	1.355555555555555536e+01	1.355555555555555507e-02	1.143755422222222090e+09	1.473386176238146439e-01	3.968774663970613126e-02	6.857216399291925224e-03
2.812660000000000000e+12	1.755555555555555358e+01	1.755555555555555688e-02	1.481334266666666746e+09	1.566126473031545230e-01	3.987711069685181270e-02	6.730057956322672320e-03
2.812786666666666504e+12	1.655555555555555358e+01	1.655555555555555600e-02	1.397017377777777910e+09	1.488827987509056539e-01	4.178116814217647940e-02	7.333838665717285626e-03
2.812900000000000000e+12	1.477777777777777857e+01	1.477777777777777857e-02	1.247052333333333254e+09	1.596298119068232102e-01	3.880241540665620853e-02	7.310764120665715245e-03
2.813000000000000000e+12	1.333333333333333393e+01	1.333333333333333419e-02	1.125200000000000000e+09	1.480656368574677362e-01	4.169263114148078625e-02	6.273490150640718271e-03
2.813080000000000000e+12	1.266666666666666607e+01	1.266666666666666635e-02	1.068970400000000000e+09	1.372969102096731064e-01	4.678969348122907768e-02	6.886055730501981255e-03
2.813143333333333496e+12	1.100000000000000000e+01	1.100000000000000110e-02	9.283373000000000000e+08	1.539633338308542820e-01	4.117930720396179023e-02	6.811955483612784114e-03
2.813193333333333496e+12	1.044444444444444464e+01	1.044444444444444370e-02	8.814672444444445372e+08	1.435395375732627377e-01	4.089915002045121234e-02	6.392002151174857282e-03
2.813230000000000000e+12	8.222222222222223209e+00	8.222222222222222779e-03	6.939300666666666269e+08	1.523524192477900829e-01	4.192394080354377300e-02	6.246363850338943792e-03
2.813246666666666504e+12	8.222222222222223209e+00	8.222222222222222779e-03	6.939341777777777910e+08	1.366328340088619198e-01	4.199317590743176232e-02	6.270245245675477169e-03
2.813250000000000000e+12	9.555555555555555358e+00	9.555555555555556718e-03	8.064650000000000000e+08	1.606432327294385620e-01	3.693608326090721400e-02	6.784828428050581652e-03
2.813236666666666504e+12	9.777777777777776791e+00	9.777777777777777596e-03	8.252160888888888359e+08	1.561122367310131265e-01	5.019060869909931083e-02	6.735819622396462154e-03
2.813210000000000000e+12	1.022222222222222321e+01	1.022222222222222109e-02	8.627177333333333731e+08	1.545779114690337130e-01	4.541064406907564105e-02	6.868690936313735090e-03
2.813170000000000000e+12	7.222222222222222321e+00	7.222222222222222758e-03	6.095201666666666269e+08	1.614195564261561022e-01	3.921825201891099982e-02	6.930844728010909610e-03
2.813113333333333496e+12	1.022222222222222321e+01	1.022222222222222109e-02	8.626880888888888359e+08	1.464267427830961421e-01	4.258387656175687680e-02	6.235749851766000246e-03
2.813040000000000000e+12	9.777777777777776791e+00	9.777777777777777596e-03	8.251584000000000000e+08	1.695042623314728936e-01	4.500938986732735264e-02	7.153140727474093657e-03
2.812953333333333496e+12	7.888888888888889284e+00	7.888888888888889728e-03	6.657322888888889551e+08	1.477135981882169991e-01	4.046631312474078396e-02	6.359356715276937543e-03
2.812853333333333496e+12	6.666666666666666963e+00	6.666666666666667095e-03	5.625706666666666269e+08	1.555418018097792510e-01	4.306986292773434116e-02	6.839381422843140122e-03
2.812740000000000000e+12	9.111111111111110716e+00	9.111111111111111494e-03	7.688156000000000000e+08	1.576025888932820751e-01	3.964894916691839855e-02	7.354679702680676917e-03
2.812610000000000000e+12	8.777777777777776791e+00	8.777777777777778442e-03	7.406539666666666269e+08	1.657619151795989010e-01	3.941024635163146300e-02	7.126731093953634667e-03
2.812470000000000000e+12	9.222222222222223209e+00	9.222222222222220198e-03	7.781167000000000000e+08	1.811152997912197915e-01	3.754048671217920935e-02	6.714860832559075947e-03
2.812313333333333496e+12	8.888888888888889284e+00	8.888888888888888881e-03	7.499502222222222090e+08	1.596440859833789527e-01	4.356610936705569009e-02	6.924709922855552639e-03
2.812140000000000000e+12	8.666666666666666075e+00	8.666666666666666269e-03	7.311564000000000000e+08	1.572385131511925549e-01	3.702738913708631535e-02	6.270739708065602679e-03
2.811956666666666504e+12	7.444444444444443754e+00	7.444444444444444503e-03	6.280036555555555820e+08	1.760335959062017397e-01	3.831799565729736290e-02	7.038368602142889945e-03
2.811760000000000000e+12	7.888888888888889284e+00	7.888888888888889728e-03	6.654498666666666269e+08	1.608842878727902437e-01	3.864410130435468049e-02	7.213286510320798817e-03
2.811550000000000000e+12	8.777777777777776791e+00	8.777777777777776708e-03	7.403748333333333731e+08	1.558505118072648077e-01	3.774107546237050886e-02	6.036626232631060046e-03
2.811323333333333496e+12	9.444444444444444642e+00	9.444444444444444545e-03	7.965416111111111641e+08	1.545938215859209708e-01	4.308490211073367354e-02	6.764463955289133461e-03
2.811086666666666504e+12	1.066666666666666607e+01	1.066666666666666631e-02	8.995477333333333731e+08	1.489059142706600780e-01	4.352739050976957985e-02	5.978535728559716995e-03
2.810836666666666504e+12	9.777777777777776791e+00	9.777777777777777596e-03	8.245120888888888359e+08	1.692522173361607762e-01	3.661490670811402837e-02	6.916615312005616745e-03
2.810573333333333496e+12	8.333333333333333925e+00	8.333333333333333218e-03	7.026433333333333731e+08	1.804709506526293861e-01	4.556051922643988145e-02	7.099407029857697331e-03
2.810296666666666504e+12	7.777777777777777679e+00	7.777777777777778422e-03	6.557358888888889551e+08	1.875769547766259204e-01	3.838778215411989964e-02	7.241313740217926974e-03
2.810006666666666504e+12	8.333333333333333925e+00	8.333333333333334952e-03	7.025016666666666269e+08	1.677180042438103091e-01	4.736560950150379284e-02	6.321810894916853052e-03
2.809706666666666504e+12	8.777777777777776791e+00	8.777777777777778442e-03	7.398894222222222090e+08	1.887656263930018452e-01	4.116325968673057584e-02	7.408790405021909407e-03
2.809393333333333496e+12	1.000000000000000000e+01	1.000000000000000021e-02	8.428180000000000000e+08	1.787643646343685944e-01	4.315069706024307616e-02	6.518220471254416483e-03
2.809066666666666504e+12	9.000000000000000000e+00	8.999999999999999320e-03	7.584480000000000000e+08	1.623691760611528923e-01	4.999580680967013330e-02	5.843475102291648994e-03
2.808726666666666504e+12	7.555555555555556246e+00	7.555555555555555809e-03	6.366447111111110449e+08	1.694008539811650838e-01	4.553938633139292119e-02	6.877360288481029760e-03
2.808376666666666504e+12	7.444444444444443754e+00	7.444444444444444503e-03	6.272041222222222090e+08	1.977446056799019580e-01	3.564240645848786027e-02	7.108767240666641340e-03
2.808013333333333496e+12	4.555555555555555358e+00	4.555555555555554879e-03	3.837618222222222686e+08	1.841885242912830456e-01	3.315245187779055497e-02	7.005574642926643003e-03
