# SourcePhotonFlux	NumberRaysSurvived	PercentageRaysSurvived	PhotonFlux	Bandwidth	HorizontalFocusFWHM	VerticalFocusFWHM
3.540540000000000000e+12	1.500000000000000000e+05	1.000000000000000000e+02	3.540540000000000000e+12	4.944921907320311977e-02	3.589960884569765726e-02	5.004639770429963712e-03
3.748020000000000000e+12	1.500000000000000000e+05	1.000000000000000000e+02	3.748020000000000000e+12	5.993147054480885833e-02	3.539446990773100626e-02	5.003191593797679144e-03
3.931350000000000000e+12	1.500000000000000000e+05	1.000000000000000000e+02	3.931350000000000000e+12	6.967431351556860331e-02	3.572309499580912651e-02	5.042573355337306301e-03
4.096050000000000000e+12	1.500000000000000000e+05	1.000000000000000000e+02	4.096050000000000000e+12	7.980582111253965716e-02	3.557302995628150444e-02	5.020517944420428529e-03
4.245860000000000000e+12	1.500000000000000000e+05	1.000000000000000000e+02	4.245860000000000000e+12	8.959568297834710759e-02	3.535877573571519911e-02	5.042977830740271415e-03
4.383450000000000000e+12	1.500000000000000000e+05	1.000000000000000000e+02	4.383450000000000000e+12	9.951061042155143199e-02	3.553193351114963816e-02	5.044959374074260185e-03
4.510800000000000000e+12	1.500000000000000000e+05	1.000000000000000000e+02	4.510800000000000000e+12	1.087709104495950957e-01	3.542911076858743652e-02	5.082864433557310151e-03
4.629430000000000000e+12	1.500000000000000000e+05	1.000000000000000000e+02	4.629430000000000000e+12	1.194189116440981385e-01	3.561928533437672129e-02	5.042468774892911593e-03
4.740500000000000000e+12	1.500000000000000000e+05	1.000000000000000000e+02	4.740500000000000000e+12	1.297722220223749834e-01	3.592484511944676884e-02	5.013582287626300316e-03
4.844980000000000000e+12	1.500000000000000000e+05	1.000000000000000000e+02	4.844980000000000000e+12	1.388458413307779582e-01	3.584801231432916541e-02	5.018748564771247957e-03
4.943630000000000000e+12	1.500000000000000000e+05	1.000000000000000000e+02	4.943630000000000000e+12	1.498017447999543950e-01	3.568700487055685711e-02	5.038335347802334364e-03
5.037080000000000000e+12	1.500000000000000000e+05	1.000000000000000000e+02	5.037080000000000000e+12	1.587344804305321488e-01	3.537046416235276047e-02	5.077816238830460370e-03
5.125860000000000000e+12	1.500000000000000000e+05	1.000000000000000000e+02	5.125860000000000000e+12	1.698154010631142685e-01	3.574256370733994159e-02	4.978352996926946501e-03
5.210430000000000000e+12	1.500000000000000000e+05	1.000000000000000000e+02	5.210430000000000000e+12	1.797587899736487194e-01	3.510395040560242153e-02	5.046900096396344029e-03
5.291170000000000000e+12	1.500000000000000000e+05	1.000000000000000000e+02	5.291170000000000000e+12	1.891303807574891971e-01	3.530632948317147940e-02	5.042424204745197570e-03
5.368410000000000000e+12	1.500000000000000000e+05	1.000000000000000000e+02	5.368410000000000000e+12	1.971469063555192913e-01	3.542059477132655093e-02	5.030332741714193742e-03
5.442440000000000000e+12	1.500000000000000000e+05	1.000000000000000000e+02	5.442440000000000000e+12	2.090100506344142461e-01	3.575898437719667033e-02	5.042657079719161696e-03
5.513500000000000000e+12	1.500000000000000000e+05	1.000000000000000000e+02	5.513500000000000000e+12	2.182245562172454023e-01	3.539767144503162821e-02	5.026234523646775330e-03
5.581830000000000000e+12	1.500000000000000000e+05	1.000000000000000000e+02	5.581830000000000000e+12	2.288964599571840786e-01	3.556146666249557914e-02	5.088995730614116753e-03
5.647610000000000000e+12	1.500000000000000000e+05	1.000000000000000000e+02	5.647610000000000000e+12	2.397161189370220213e-01	3.545974631202943733e-02	5.089538063104608566e-03
5.711030000000000000e+12	1.500000000000000000e+05	1.000000000000000000e+02	5.711030000000000000e+12	2.480447836190907418e-01	3.558196265524727481e-02	5.040011409262691068e-03
5.772230000000000000e+12	1.500000000000000000e+05	1.000000000000000000e+02	5.772230000000000000e+12	2.571189473414965398e-01	3.559433005641330500e-02	5.022570001608375398e-03
5.831360000000000000e+12	1.500000000000000000e+05	1.000000000000000000e+02	5.831360000000000000e+12	2.696410263826078402e-01	3.558513392525109592e-02	5.054962494678124502e-03
5.888550000000000000e+12	1.500000000000000000e+05	1.000000000000000000e+02	5.888550000000000000e+12	2.795169390648902796e-01	3.588580914857589232e-02	5.057242656089592364e-03
5.943910000000000000e+12	1.500000000000000000e+05	1.000000000000000000e+02	5.943910000000000000e+12	2.895693048719902851e-01	3.570815187165330556e-02	5.037159335644512438e-03
5.997540000000000000e+12	1.500000000000000000e+05	1.000000000000000000e+02	5.997540000000000000e+12	2.975592257297562937e-01	3.560832016246302800e-02	5.057905844081666234e-03
6.049540000000000000e+12	1.500000000000000000e+05	1.000000000000000000e+02	6.049540000000000000e+12	3.093999886806568789e-01	3.524391476102693710e-02	4.990869981260798519e-03
6.100000000000000000e+12	1.500000000000000000e+05	1.000000000000000000e+02	6.100000000000000000e+12	3.176199904046734246e-01	3.579608495094005471e-02	5.070099352091908367e-03
6.149000000000000000e+12	1.500000000000000000e+05	1.000000000000000000e+02	6.149000000000000000e+12	3.295346112885516598e-01	3.573830518600511208e-02	5.033654931851459097e-03
6.196610000000000000e+12	1.500000000000000000e+05	1.000000000000000000e+02	6.196610000000000000e+12	3.374582520508914718e-01	3.570158277874925512e-02	5.058385687045765210e-03
6.242890000000000000e+12	1.500000000000000000e+05	1.000000000000000000e+02	6.242890000000000000e+12	3.494616394626490208e-01	3.567605218240475079e-02	5.061584345932551750e-03
6.287920000000000000e+12	1.500000000000000000e+05	1.000000000000000000e+02	6.287920000000000000e+12	3.595285022004799380e-01	3.592441758482018549e-02	5.026138283785709648e-03
6.331740000000000000e+12	1.500000000000000000e+05	1.000000000000000000e+02	6.331740000000000000e+12	3.681596211297478716e-01	3.556514354689157414e-02	5.107633191023650335e-03
6.374420000000000000e+12	1.500000000000000000e+05	1.000000000000000000e+02	6.374420000000000000e+12	3.793718924662584646e-01	3.580269829707354023e-02	5.048667842586831642e-03
6.416000000000000000e+12	1.500000000000000000e+05	1.000000000000000000e+02	6.416000000000000000e+12	3.855759389157744077e-01	3.548332638442899811e-02	5.060327377505792132e-03
6.456530000000000000e+12	1.500000000000000000e+05	1.000000000000000000e+02	6.456530000000000000e+12	3.993002534945355730e-01	3.550123283594011636e-02	5.085882762384178260e-03
6.496060000000000000e+12	1.500000000000000000e+05	1.000000000000000000e+02	6.496060000000000000e+12	4.078437733892248951e-01	3.560425317356078617e-02	5.071501385243101269e-03
6.534620000000000000e+12	1.500000000000000000e+05	1.000000000000000000e+02	6.534620000000000000e+12	4.154106150852895363e-01	3.541780966411379322e-02	5.058060812263591964e-03
6.572250000000000000e+12	1.500000000000000000e+05	1.000000000000000000e+02	6.572250000000000000e+12	4.279841090917264612e-01	3.597381098867263871e-02	5.025800893933340084e-03
6.608990000000000000e+12	1.500000000000000000e+05	1.000000000000000000e+02	6.608990000000000000e+12	4.351973743794276817e-01	3.560398383594094718e-02	5.008239628572146857e-03
6.644880000000000000e+12	1.500000000000000000e+05	1.000000000000000000e+02	6.644880000000000000e+12	4.435218379274074585e-01	3.594124480627323981e-02	5.108999488274363135e-03
6.679940000000000000e+12	1.500000000000000000e+05	1.000000000000000000e+02	6.679940000000000000e+12	4.531544214518538616e-01	3.573945690882510129e-02	5.062834330422888267e-03
6.714200000000000000e+12	1.500000000000000000e+05	1.000000000000000000e+02	6.714200000000000000e+12	4.691013917739531025e-01	3.563192030497472351e-02	5.053663179727105499e-03
6.747700000000000000e+12	1.500000000000000000e+05	1.000000000000000000e+02	6.747700000000000000e+12	4.791868094662515842e-01	3.528742004683525085e-02	5.002137221024342308e-03
6.780450000000000000e+12	1.500000000000000000e+05	1.000000000000000000e+02	6.780450000000000000e+12	4.859811365907569791e-01	3.575125215739147211e-02	5.051889067244358031e-03
6.812500000000000000e+12	1.500000000000000000e+05	1.000000000000000000e+02	6.812500000000000000e+12	4.960500081613896106e-01	3.558492939521649273e-02	5.027861037269284669e-03
6.843850000000000000e+12	1.500000000000000000e+05	1.000000000000000000e+02	6.843850000000000000e+12	5.075454211690728634e-01	3.577465775007370591e-02	5.005296524510576689e-03
6.874530000000000000e+12	1.500000000000000000e+05	1.000000000000000000e+02	6.874530000000000000e+12	5.189528842685661170e-01	3.538968444252803963e-02	5.055108624116582197e-03
6.904560000000000000e+12	1.500000000000000000e+05	1.000000000000000000e+02	6.904560000000000000e+12	5.292008895424430426e-01	3.527494923442547198e-02	5.024676229593200844e-03
6.933970000000000000e+12	1.500000000000000000e+05	1.000000000000000000e+02	6.933970000000000000e+12	5.392724387771568040e-01	3.569402220443548823e-02	5.075327779014906539e-03
6.962770000000000000e+12	1.500000000000000000e+05	1.000000000000000000e+02	6.962770000000000000e+12	5.456609387276664114e-01	3.570554314485438474e-02	5.014472837435954636e-03
6.990990000000000000e+12	1.500000000000000000e+05	1.000000000000000000e+02	6.990990000000000000e+12	5.592148123279128136e-01	3.554446385298133670e-02	5.057490421256646308e-03
7.018630000000000000e+12	1.500000000000000000e+05	1.000000000000000000e+02	7.018630000000000000e+12	5.674080474183590406e-01	3.555103129217090235e-02	5.070326877057201170e-03
7.045720000000000000e+12	1.500000000000000000e+05	1.000000000000000000e+02	7.045720000000000000e+12	5.753549246270945883e-01	3.570283422288642733e-02	5.031629593181847528e-03
7.072270000000000000e+12	1.500000000000000000e+05	1.000000000000000000e+02	7.072270000000000000e+12	5.889791462401455790e-01	3.524797034917964700e-02	5.027115611006945095e-03
7.098300000000000000e+12	1.500000000000000000e+05	1.000000000000000000e+02	7.098300000000000000e+12	5.932467529151707053e-01	3.596159858476190990e-02	5.040079674499577979e-03
7.123820000000000000e+12	1.500000000000000000e+05	1.000000000000000000e+02	7.123820000000000000e+12	6.070735704114493814e-01	3.571312634628533850e-02	5.042219507113132430e-03
7.148840000000000000e+12	1.500000000000000000e+05	1.000000000000000000e+02	7.148840000000000000e+12	6.131435488724382710e-01	3.537399459951433289e-02	5.033559477896825361e-03
7.173390000000000000e+12	1.500000000000000000e+05	1.000000000000000000e+02	7.173390000000000000e+12	6.269904278000565379e-01	3.566869437220598210e-02	5.061128318738200571e-03
7.197470000000000000e+12	1.500000000000000000e+05	1.000000000000000000e+02	7.197470000000000000e+12	6.348106820235571712e-01	3.562194416482281079e-02	5.064558591216928966e-03
7.221090000000000000e+12	1.500000000000000000e+05	1.000000000000000000e+02	7.221090000000000000e+12	6.450819775069976947e-01	3.572444065978927497e-02	5.053675033599536875e-03
7.244270000000000000e+12	1.500000000000000000e+05	1.000000000000000000e+02	7.244270000000000000e+12	6.566110667384928989e-01	3.564948605616261035e-02	5.081396818933160177e-03
7.267020000000000000e+12	1.500000000000000000e+05	1.000000000000000000e+02	7.267020000000000000e+12	6.688159787870676665e-01	3.557727015393129938e-02	5.088144749058729280e-03
7.289350000000000000e+12	1.500000000000000000e+05	1.000000000000000000e+02	7.289350000000000000e+12	6.745009113552122848e-01	3.558957501734338197e-02	5.032748498749049088e-03
7.311270000000000000e+12	1.500000000000000000e+05	1.000000000000000000e+02	7.311270000000000000e+12	6.800008259558836254e-01	3.557159385396586188e-02	5.074403181857018059e-03
7.332790000000000000e+12	1.500000000000000000e+05	1.000000000000000000e+02	7.332790000000000000e+12	6.967340673642138382e-01	3.567812589783372901e-02	5.104961344931847715e-03
7.353910000000000000e+12	1.500000000000000000e+05	1.000000000000000000e+02	7.353910000000000000e+12	7.087640008517029910e-01	3.573039140735297103e-02	5.017358921782557810e-03
7.374660000000000000e+12	1.500000000000000000e+05	1.000000000000000000e+02	7.374660000000000000e+12	7.095916757104298034e-01	3.531390089193138515e-02	5.036029847212571825e-03
7.395030000000000000e+12	1.500000000000000000e+05	1.000000000000000000e+02	7.395030000000000000e+12	7.286900414066724840e-01	3.527688352164586039e-02	5.073079079425554111e-03
7.415040000000000000e+12	1.500000000000000000e+05	1.000000000000000000e+02	7.415040000000000000e+12	7.341210215183312515e-01	3.565801879328654028e-02	5.033088070819146352e-03
7.434690000000000000e+12	1.500000000000000000e+05	1.000000000000000000e+02	7.434690000000000000e+12	7.433981197347873104e-01	3.568986611890587191e-02	5.080847594313364461e-03
7.454000000000000000e+12	1.500000000000000000e+05	1.000000000000000000e+02	7.454000000000000000e+12	7.489526185451687024e-01	3.552863624617918353e-02	5.047063660276986802e-03
7.472970000000000000e+12	1.500000000000000000e+05	1.000000000000000000e+02	7.472970000000000000e+12	7.688627717096448988e-01	3.587513726930718905e-02	5.034836257036079052e-03
7.491600000000000000e+12	1.500000000000000000e+05	1.000000000000000000e+02	7.491600000000000000e+12	7.733825791786486104e-01	3.566250908236407585e-02	5.033975194306786367e-03
7.509910000000000000e+12	1.500000000000000000e+05	1.000000000000000000e+02	7.509910000000000000e+12	7.880965016291111569e-01	3.582011025301167634e-02	5.088093318247269813e-03
7.527910000000000000e+12	1.500000000000000000e+05	1.000000000000000000e+02	7.527910000000000000e+12	7.953522423817577236e-01	3.589824131383648892e-02	5.053529617671069854e-03
7.545590000000000000e+12	1.500000000000000000e+05	1.000000000000000000e+02	7.545590000000000000e+12	8.083481886890023782e-01	3.606728066340867539e-02	5.025826325050436819e-03
7.562970000000000000e+12	1.500000000000000000e+05	1.000000000000000000e+02	7.562970000000000000e+12	8.162834302254617924e-01	3.557679355733510407e-02	5.051329705876629085e-03
7.580040000000000000e+12	1.500000000000000000e+05	1.000000000000000000e+02	7.580040000000000000e+12	8.262432610032030000e-01	3.571513834960510225e-02	5.047745834046476164e-03
7.596830000000000000e+12	1.500000000000000000e+05	1.000000000000000000e+02	7.596830000000000000e+12	8.387445761506944208e-01	3.545850298138089607e-02	5.047528821076036065e-03
7.613330000000000000e+12	1.500000000000000000e+05	1.000000000000000000e+02	7.613330000000000000e+12	8.455640928538923351e-01	3.541531705343167052e-02	4.984423146301277495e-03
7.629560000000000000e+12	1.500000000000000000e+05	1.000000000000000000e+02	7.629560000000000000e+12	8.558861847212611007e-01	3.560547930676750267e-02	5.032190414962840752e-03
7.645500000000000000e+12	1.500000000000000000e+05	1.000000000000000000e+02	7.645500000000000000e+12	8.659263782283588284e-01	3.560043627936157473e-02	5.117500272930579699e-03
7.661180000000000000e+12	1.500000000000000000e+05	1.000000000000000000e+02	7.661180000000000000e+12	8.785209596624758976e-01	3.594739710160482771e-02	5.040746542553598865e-03
7.676590000000000000e+12	1.500000000000000000e+05	1.000000000000000000e+02	7.676590000000000000e+12	8.885603495861482681e-01	3.572560387310259877e-02	5.037365293290585640e-03
7.691750000000000000e+12	1.500000000000000000e+05	1.000000000000000000e+02	7.691750000000000000e+12	8.988601624916463528e-01	3.577768650390318605e-02	5.063757331651830458e-03
7.706650000000000000e+12	1.500000000000000000e+05	1.000000000000000000e+02	7.706650000000000000e+12	9.053643002439142329e-01	3.578618650121833528e-02	5.018820426465747490e-03
7.721310000000000000e+12	1.500000000000000000e+05	1.000000000000000000e+02	7.721310000000000000e+12	9.154241352710478230e-01	3.512006461735824037e-02	4.994673973147517251e-03
7.735710000000000000e+12	1.500000000000000000e+05	1.000000000000000000e+02	7.735710000000000000e+12	9.283409641150012215e-01	3.550389406541084453e-02	5.028878806062009321e-03
7.749880000000000000e+12	1.500000000000000000e+05	1.000000000000000000e+02	7.749880000000000000e+12	9.355705824271933757e-01	3.559818244980698237e-02	5.026182668377514491e-03
7.763820000000000000e+12	1.500000000000000000e+05	1.000000000000000000e+02	7.763820000000000000e+12	9.486857045261684052e-01	3.561597227362513912e-02	5.040611933973817953e-03
7.777520000000000000e+12	1.500000000000000000e+05	1.000000000000000000e+02	7.777520000000000000e+12	9.556798718802624881e-01	3.567528355549343805e-02	5.027692547955315075e-03
7.790990000000000000e+12	1.500000000000000000e+05	1.000000000000000000e+02	7.790990000000000000e+12	9.623966601611602112e-01	3.573832244373674472e-02	5.060402652922074349e-03
7.804250000000000000e+12	1.500000000000000000e+05	1.000000000000000000e+02	7.804250000000000000e+12	9.787067074975164260e-01	3.576831688590263042e-02	5.027113415955131170e-03
7.817280000000000000e+12	1.500000000000000000e+05	1.000000000000000000e+02	7.817280000000000000e+12	9.845307196533008565e-01	3.572358673663735690e-02	5.038477141991986284e-03
7.830100000000000000e+12	1.500000000000000000e+05	1.000000000000000000e+02	7.830100000000000000e+12	9.949933849938031871e-01	3.563286888884347609e-02	5.082753939849028214e-03
7.842710000000000000e+12	1.500000000000000000e+05	1.000000000000000000e+02	7.842710000000000000e+12	1.005255545068290512e+00	3.554338589157338135e-02	5.025061638300256338e-03
7.855110000000000000e+12	1.500000000000000000e+05	1.000000000000000000e+02	7.855110000000000000e+12	1.005657612148470825e+00	3.553173718327273800e-02	5.058174695963316841e-03
7.867300000000000000e+12	1.500000000000000000e+05	1.000000000000000000e+02	7.867300000000000000e+12	1.021632578468553154e+00	3.602667501110237008e-02	5.059098007375655362e-03
7.879300000000000000e+12	1.500000000000000000e+05	1.000000000000000000e+02	7.879300000000000000e+12	1.037574485969928517e+00	3.527686867113483116e-02	5.009309777594224238e-03
7.891090000000000000e+12	1.500000000000000000e+05	1.000000000000000000e+02	7.891090000000000000e+12	1.045189319246244475e+00	3.539323767693978301e-02	5.044635733845092770e-03
7.902700000000000000e+12	1.500000000000000000e+05	1.000000000000000000e+02	7.902700000000000000e+12	1.051030789856952419e+00	3.562955798830198112e-02	5.044889538266569655e-03
7.914110000000000000e+12	1.500000000000000000e+05	1.000000000000000000e+02	7.914110000000000000e+12	1.068471624743451587e+00	3.572937737928281315e-02	5.014480667082040627e-03
7.925330000000000000e+12	1.500000000000000000e+05	1.000000000000000000e+02	7.925330000000000000e+12	1.067866003935554975e+00	3.557717465589291250e-02	5.094627911054408140e-03
7.936380000000000000e+12	1.500000000000000000e+05	1.000000000000000000e+02	7.936380000000000000e+12	1.081301530539806377e+00	3.544731306654444469e-02	5.053365610176972084e-03
7.947230000000000000e+12	1.500000000000000000e+05	1.000000000000000000e+02	7.947230000000000000e+12	1.098287967055900927e+00	3.556524998715114572e-02	5.055988559459800510e-03
7.957910000000000000e+12	1.500000000000000000e+05	1.000000000000000000e+02	7.957910000000000000e+12	1.104744527988747560e+00	3.553894368251603320e-02	4.992391192581945719e-03
7.968420000000000000e+12	1.500000000000000000e+05	1.000000000000000000e+02	7.968420000000000000e+12	1.117691223448200599e+00	3.577303535283472835e-02	5.070288491543875967e-03
7.978750000000000000e+12	1.500000000000000000e+05	1.000000000000000000e+02	7.978750000000000000e+12	1.124781387160180168e+00	3.570074781550785364e-02	5.039494167793489438e-03
7.988910000000000000e+12	1.500000000000000000e+05	1.000000000000000000e+02	7.988910000000000000e+12	1.134938441658823294e+00	3.550140818199199605e-02	5.042895824782366032e-03
7.998900000000000000e+12	1.500000000000000000e+05	1.000000000000000000e+02	7.998900000000000000e+12	1.143812184575151880e+00	3.597779501651671846e-02	4.995233967402774172e-03
8.008730000000000000e+12	1.500000000000000000e+05	1.000000000000000000e+02	8.008730000000000000e+12	1.158373902486673712e+00	3.573336383349950962e-02	5.059953864422397224e-03
8.018390000000000000e+12	1.500000000000000000e+05	1.000000000000000000e+02	8.018390000000000000e+12	1.163918711929457617e+00	3.582944138918221083e-02	5.083374530868406405e-03
8.027890000000000000e+12	1.500000000000000000e+05	1.000000000000000000e+02	8.027890000000000000e+12	1.169688696499346925e+00	3.541952665690526608e-02	5.019453161853704160e-03
8.037240000000000000e+12	1.500000000000000000e+05	1.000000000000000000e+02	8.037240000000000000e+12	1.176451766625515205e+00	3.567161966462256695e-02	4.997767559232923172e-03
8.046430000000000000e+12	1.500000000000000000e+05	1.000000000000000000e+02	8.046430000000000000e+12	1.186754812634406298e+00	3.604640495097526098e-02	5.019795552749255728e-03
8.055460000000000000e+12	1.500000000000000000e+05	1.000000000000000000e+02	8.055460000000000000e+12	1.203373590337819987e+00	3.574392044730869550e-02	5.045501111574361708e-03
8.064350000000000000e+12	1.500000000000000000e+05	1.000000000000000000e+02	8.064350000000000000e+12	1.218104330899514087e+00	3.547722002364465943e-02	5.057831587157923456e-03
8.073090000000000000e+12	1.500000000000000000e+05	1.000000000000000000e+02	8.073090000000000000e+12	1.223920222404973224e+00	3.576049437513479506e-02	5.047673571057565735e-03
8.081680000000000000e+12	1.500000000000000000e+05	1.000000000000000000e+02	8.081680000000000000e+12	1.238204596590105622e+00	3.563187926287052221e-02	5.039049233584606824e-03
8.090120000000000000e+12	1.500000000000000000e+05	1.000000000000000000e+02	8.090120000000000000e+12	1.243923462121879986e+00	3.606636303470493743e-02	5.061685961827494182e-03
8.098420000000000000e+12	1.500000000000000000e+05	1.000000000000000000e+02	8.098420000000000000e+12	1.250114684823207201e+00	3.558887640212805847e-02	5.049228652364078779e-03
8.106590000000000000e+12	1.500000000000000000e+05	1.000000000000000000e+02	8.106590000000000000e+12	1.260049898280931613e+00	3.560913860798360642e-02	5.033395728888256579e-03
8.114610000000000000e+12	1.500000000000000000e+05	1.000000000000000000e+02	8.114610000000000000e+12	1.273342838957662204e+00	3.538793694670985118e-02	5.058890232970231562e-03
8.122500000000000000e+12	1.500000000000000000e+05	1.000000000000000000e+02	8.122500000000000000e+12	1.283079212161905458e+00	3.562630262724529595e-02	5.038226900761098338e-03
8.130250000000000000e+12	1.500000000000000000e+05	1.000000000000000000e+02	8.130250000000000000e+12	1.289861153216876888e+00	3.560117093835567931e-02	5.036990071811476774e-03
8.137870000000000000e+12	1.500000000000000000e+05	1.000000000000000000e+02	8.137870000000000000e+12	1.308053624952644878e+00	3.562288070913640498e-02	5.092432558928997738e-03
8.145360000000000000e+12	1.500000000000000000e+05	1.000000000000000000e+02	8.145360000000000000e+12	1.313206027096342821e+00	3.542998800797032832e-02	5.039691496490293111e-03
8.152720000000000000e+12	1.500000000000000000e+05	1.000000000000000000e+02	8.152720000000000000e+12	1.323979603989047238e+00	3.598051366312489396e-02	5.004850800335445410e-03
8.159950000000000000e+12	1.500000000000000000e+05	1.000000000000000000e+02	8.159950000000000000e+12	1.333606218639751262e+00	3.552182180039780562e-02	5.071134468197366005e-03
8.167050000000000000e+12	1.500000000000000000e+05	1.000000000000000000e+02	8.167050000000000000e+12	1.348458037160992218e+00	3.541363511427817606e-02	5.049656038894007395e-03
8.174040000000000000e+12	1.500000000000000000e+05	1.000000000000000000e+02	8.174040000000000000e+12	1.353823897455100012e+00	3.556023938138692247e-02	5.023468809485336084e-03
8.180900000000000000e+12	1.500000000000000000e+05	1.000000000000000000e+02	8.180900000000000000e+12	1.354662142800505009e+00	3.550377733514249040e-02	5.070945526231421599e-03
8.187630000000000000e+12	1.500000000000000000e+05	1.000000000000000000e+02	8.187630000000000000e+12	1.373516680394014866e+00	3.557275543339220858e-02	5.024724612813930187e-03
8.194250000000000000e+12	1.500000000000000000e+05	1.000000000000000000e+02	8.194250000000000000e+12	1.369704476138550175e+00	3.550335321678480677e-02	5.060055656611400603e-03
8.200750000000000000e+12	1.500000000000000000e+05	1.000000000000000000e+02	8.200750000000000000e+12	1.397777196328586324e+00	3.579958828007029359e-02	5.055258899802016724e-03
8.207140000000000000e+12	1.500000000000000000e+05	1.000000000000000000e+02	8.207140000000000000e+12	1.403257553452793571e+00	3.553141205052172402e-02	5.030532232384436232e-03
8.213410000000000000e+12	1.500000000000000000e+05	1.000000000000000000e+02	8.213410000000000000e+12	1.417898625282343783e+00	3.507089872526067409e-02	5.056515876694354407e-03
8.219570000000000000e+12	1.500000000000000000e+05	1.000000000000000000e+02	8.219570000000000000e+12	1.418674531907278435e+00	3.557354696516649983e-02	5.048030972954875746e-03
8.225610000000000000e+12	1.500000000000000000e+05	1.000000000000000000e+02	8.225610000000000000e+12	1.428631929442469417e+00	3.535520573847822368e-02	5.052738071025987369e-03
8.231550000000000000e+12	1.500000000000000000e+05	1.000000000000000000e+02	8.231550000000000000e+12	1.447965277124160455e+00	3.552386065688135225e-02	5.001248632103359910e-03
8.237370000000000000e+12	1.500000000000000000e+05	1.000000000000000000e+02	8.237370000000000000e+12	1.457901469020064233e+00	3.522424853348098822e-02	5.037353183122702388e-03
8.243090000000000000e+12	1.500000000000000000e+05	1.000000000000000000e+02	8.243090000000000000e+12	1.463634807389154746e+00	3.568719339443760658e-02	5.037614120742064071e-03
8.248700000000000000e+12	1.500000000000000000e+05	1.000000000000000000e+02	8.248700000000000000e+12	1.472945186944374818e+00	3.563704146236117837e-02	5.076590279756639477e-03
8.254210000000000000e+12	1.500000000000000000e+05	1.000000000000000000e+02	8.254210000000000000e+12	1.486642056445070859e+00	3.555646901848595609e-02	5.021201718928443129e-03
8.259610000000000000e+12	1.500000000000000000e+05	1.000000000000000000e+02	8.259610000000000000e+12	1.493287476904238797e+00	3.569072364128472036e-02	5.064542975246621309e-03
8.264910000000000000e+12	1.500000000000000000e+05	1.000000000000000000e+02	8.264910000000000000e+12	1.498227242544536209e+00	3.538225706547946242e-02	5.003317256423338473e-03
8.270110000000000000e+12	1.500000000000000000e+05	1.000000000000000000e+02	8.270110000000000000e+12	1.508103019397665223e+00	3.555425891042204162e-02	5.033649479261853577e-03
8.275210000000000000e+12	1.500000000000000000e+05	1.000000000000000000e+02	8.275210000000000000e+12	1.526185296670375946e+00	3.606684079859023839e-02	5.063470729675623346e-03
8.280210000000000000e+12	1.500000000000000000e+05	1.000000000000000000e+02	8.280210000000000000e+12	1.528074434258910319e+00	3.543986953068880424e-02	5.075166983557679624e-03
8.285110000000000000e+12	1.500000000000000000e+05	1.000000000000000000e+02	8.285110000000000000e+12	1.537529895699846660e+00	3.534934547524968412e-02	5.010819804570321515e-03
8.289920000000000000e+12	1.500000000000000000e+05	1.000000000000000000e+02	8.289920000000000000e+12	1.557374857671195434e+00	3.596614074713953141e-02	5.064606975687020035e-03
8.294630000000000000e+12	1.500000000000000000e+05	1.000000000000000000e+02	8.294630000000000000e+12	1.551925604912189449e+00	3.559780919698160573e-02	5.051407546004801213e-03
8.299250000000000000e+12	1.500000000000000000e+05	1.000000000000000000e+02	8.299250000000000000e+12	1.577431413020472073e+00	3.575874822433588313e-02	5.032528805061784252e-03
8.303770000000000000e+12	1.500000000000000000e+05	1.000000000000000000e+02	8.303770000000000000e+12	1.588022235200855947e+00	3.577481144690484310e-02	5.087995335062982238e-03
8.308200000000000000e+12	1.500000000000000000e+05	1.000000000000000000e+02	8.308200000000000000e+12	1.592214124727332258e+00	3.565145366728147969e-02	5.052672883705973221e-03
8.312550000000000000e+12	1.500000000000000000e+05	1.000000000000000000e+02	8.312550000000000000e+12	1.601800930505577814e+00	3.545662661030001689e-02	5.046593949624233674e-03
8.316800000000000000e+12	1.500000000000000000e+05	1.000000000000000000e+02	8.316800000000000000e+12	1.617896206733703268e+00	3.554683037858408223e-02	4.999833612263982104e-03
8.320960000000000000e+12	1.500000000000000000e+05	1.000000000000000000e+02	8.320960000000000000e+12	1.616441701417102417e+00	3.575819294639051571e-02	5.028132430330448620e-03
8.325030000000000000e+12	1.500000000000000000e+05	1.000000000000000000e+02	8.325030000000000000e+12	1.637231348213995297e+00	3.556438832313390391e-02	5.030313361453946433e-03
8.329020000000000000e+12	1.500000000000000000e+05	1.000000000000000000e+02	8.329020000000000000e+12	1.626839131061015742e+00	3.550581139141895798e-02	5.077759497277723605e-03
8.332920000000000000e+12	1.500000000000000000e+05	1.000000000000000000e+02	8.332920000000000000e+12	1.657223512791413222e+00	3.581878246663621618e-02	5.025386869486123467e-03
8.336740000000000000e+12	1.500000000000000000e+05	1.000000000000000000e+02	8.336740000000000000e+12	1.662675636151120129e+00	3.559873678361533816e-02	4.993388567953251783e-03
8.340470000000000000e+12	1.500000000000000000e+05	1.000000000000000000e+02	8.340470000000000000e+12	1.672163448600158420e+00	3.580658485639542227e-02	5.036218698029045447e-03
8.344120000000000000e+12	1.500000000000000000e+05	1.000000000000000000e+02	8.344120000000000000e+12	1.664985972612924137e+00	3.564179053149166970e-02	5.019019992082984771e-03
8.347690000000000000e+12	1.500000000000000000e+05	1.000000000000000000e+02	8.347690000000000000e+12	1.697463233451549147e+00	3.568013698014076834e-02	5.055465544619898964e-03
8.351180000000000000e+12	1.500000000000000000e+05	1.000000000000000000e+02	8.351180000000000000e+12	1.696890098577632733e+00	3.550546534343743121e-02	5.057912379759825494e-03
8.354580000000000000e+12	1.500000000000000000e+05	1.000000000000000000e+02	8.354580000000000000e+12	1.711297980892942494e+00	3.575420887343103149e-02	5.065294178485875085e-03
8.357910000000000000e+12	1.500000000000000000e+05	1.000000000000000000e+02	8.357910000000000000e+12	1.699336519696170500e+00	3.568596842656247131e-02	5.038159164538562849e-03
8.361160000000000000e+12	1.500000000000000000e+05	1.000000000000000000e+02	8.361160000000000000e+12	1.737262054167306280e+00	3.563824214205199570e-02	5.019311792145941115e-03
8.364330000000000000e+12	1.500000000000000000e+05	1.000000000000000000e+02	8.364330000000000000e+12	1.746722441792114777e+00	3.540235510351041892e-02	5.039741047112461861e-03
8.367430000000000000e+12	1.500000000000000000e+05	1.000000000000000000e+02	8.367430000000000000e+12	1.739455771195684397e+00	3.591541786822053522e-02	5.036376173963626017e-03
8.370440000000000000e+12	1.500000000000000000e+05	1.000000000000000000e+02	8.370440000000000000e+12	1.767853718183662215e+00	3.559592328528604632e-02	5.063068054391934095e-03
8.373390000000000000e+12	1.500000000000000000e+05	1.000000000000000000e+02	8.373390000000000000e+12	1.771921625213715545e+00	3.541373614633658296e-02	5.029531277713748111e-03
8.376260000000000000e+12	1.500000000000000000e+05	1.000000000000000000e+02	8.376260000000000000e+12	1.775989965554686689e+00	3.598664823741529184e-02	5.044562334514053441e-03
8.379050000000000000e+12	1.500000000000000000e+05	1.000000000000000000e+02	8.379050000000000000e+12	1.791806606578866701e+00	3.561305639649296750e-02	5.032302304053132280e-03
8.381770000000000000e+12	1.500000000000000000e+05	1.000000000000000000e+02	8.381770000000000000e+12	1.800628247566496087e+00	3.598053934888312960e-02	5.015495009931192176e-03
8.384420000000000000e+12	1.500000000000000000e+05	1.000000000000000000e+02	8.384420000000000000e+12	1.812027615679407511e+00	3.560434881871499951e-02	5.038210250034069401e-03
8.387000000000000000e+12	1.500000000000000000e+05	1.000000000000000000e+02	8.387000000000000000e+12	1.802782051442026745e+00	3.546219905148598889e-02	5.048416441400876802e-03
8.389510000000000000e+12	1.500000000000000000e+05	1.000000000000000000e+02	8.389510000000000000e+12	1.819272397406448416e+00	3.577872016616850948e-02	5.027390646409659811e-03
8.391950000000000000e+12	1.500000000000000000e+05	1.000000000000000000e+02	8.391950000000000000e+12	1.847718161405448534e+00	3.538543619067221341e-02	4.999787500415443786e-03
8.394320000000000000e+12	1.500000000000000000e+05	1.000000000000000000e+02	8.394320000000000000e+12	1.851851026148589430e+00	3.567034152587909152e-02	5.063320025185120976e-03
8.396620000000000000e+12	1.500000000000000000e+05	1.000000000000000000e+02	8.396620000000000000e+12	1.867376254973648786e+00	3.558054801632759556e-02	5.032596191738994765e-03
8.398850000000000000e+12	1.500000000000000000e+05	1.000000000000000000e+02	8.398850000000000000e+12	1.852422949804497065e+00	3.593200658666131225e-02	5.051976235188953071e-03
8.401020000000000000e+12	1.500000000000000000e+05	1.000000000000000000e+02	8.401020000000000000e+12	1.875157824418262731e+00	3.601948673983771526e-02	4.998250528778401362e-03
8.403120000000000000e+12	1.500000000000000000e+05	1.000000000000000000e+02	8.403120000000000000e+12	1.895978393664988770e+00	3.555967790494406894e-02	5.052278947151357669e-03
8.405160000000000000e+12	1.500000000000000000e+05	1.000000000000000000e+02	8.405160000000000000e+12	1.901272867924804544e+00	3.564690297820339443e-02	5.039914966428544335e-03
8.407130000000000000e+12	1.500000000000000000e+05	1.000000000000000000e+02	8.407130000000000000e+12	1.904864105582261713e+00	3.578574481881431624e-02	5.033139663286351033e-03
8.409030000000000000e+12	1.500000000000000000e+05	1.000000000000000000e+02	8.409030000000000000e+12	1.926342940675162874e+00	3.547140023531568376e-02	5.065082482283270009e-03
8.410870000000000000e+12	1.500000000000000000e+05	1.000000000000000000e+02	8.410870000000000000e+12	1.918588228894710035e+00	3.588412744012001165e-02	5.040321331050348110e-03
8.412650000000000000e+12	1.500000000000000000e+05	1.000000000000000000e+02	8.412650000000000000e+12	1.928297603942410232e+00	3.545152165139455608e-02	5.072800994076290607e-03
8.414370000000000000e+12	1.500000000000000000e+05	1.000000000000000000e+02	8.414370000000000000e+12	1.957524318659973339e+00	3.547264409488878889e-02	5.075624254460890661e-03
8.416020000000000000e+12	1.500000000000000000e+05	1.000000000000000000e+02	8.416020000000000000e+12	1.966530830028684784e+00	3.576051178898113914e-02	5.038761050386465074e-03
8.417620000000000000e+12	1.500000000000000000e+05	1.000000000000000000e+02	8.417620000000000000e+12	1.970829456869864771e+00	3.561419912551608974e-02	5.110130387329069046e-03
8.419150000000000000e+12	1.500000000000000000e+05	1.000000000000000000e+02	8.419150000000000000e+12	1.980903956889164208e+00	3.549515171696607935e-02	5.076998145482237469e-03
8.420630000000000000e+12	1.500000000000000000e+05	1.000000000000000000e+02	8.420630000000000000e+12	1.984405607720373332e+00	3.569808563950135905e-02	5.020683635360723845e-03
8.422040000000000000e+12	1.500000000000000000e+05	1.000000000000000000e+02	8.422040000000000000e+12	1.986462865857033133e+00	3.535570559555559211e-02	5.046963859032591385e-03
8.423390000000000000e+12	1.500000000000000000e+05	1.000000000000000000e+02	8.423390000000000000e+12	2.011265077039974702e+00	3.575485110073686051e-02	5.066948234985295917e-03
8.424690000000000000e+12	1.500000000000000000e+05	1.000000000000000000e+02	8.424690000000000000e+12	2.000937182453180085e+00	3.555009912992557891e-02	5.092572771704214490e-03
8.425930000000000000e+12	1.500000000000000000e+05	1.000000000000000000e+02	8.425930000000000000e+12	2.024654631886027900e+00	3.580917995649540025e-02	5.025419154304992114e-03
8.427110000000000000e+12	1.500000000000000000e+05	1.000000000000000000e+02	8.427110000000000000e+12	2.047301561233539235e+00	3.547299397798037157e-02	5.055519737044289821e-03
8.428240000000000000e+12	1.500000000000000000e+05	1.000000000000000000e+02	8.428240000000000000e+12	2.049689704987733396e+00	3.523959443848994483e-02	5.047242201211672719e-03
8.429310000000000000e+12	1.500000000000000000e+05	1.000000000000000000e+02	8.429310000000000000e+12	2.060354035769300207e+00	3.578910510500624143e-02	5.075123361985281988e-03
8.430320000000000000e+12	1.500000000000000000e+05	1.000000000000000000e+02	8.430320000000000000e+12	2.077368002135754121e+00	3.574622907846578684e-02	5.060455940416149628e-03
8.431280000000000000e+12	1.500000000000000000e+05	1.000000000000000000e+02	8.431280000000000000e+12	2.079719353136864513e+00	3.558061319771758241e-02	5.073561741689242878e-03
8.432190000000000000e+12	1.500000000000000000e+05	1.000000000000000000e+02	8.432190000000000000e+12	2.090246780435220053e+00	3.578256091122058308e-02	5.016603620252856575e-03
8.433040000000000000e+12	1.500000000000000000e+05	1.000000000000000000e+02	8.433040000000000000e+12	2.100305029049410521e+00	3.570605724284702659e-02	5.062242361941493921e-03
8.433840000000000000e+12	1.500000000000000000e+05	1.000000000000000000e+02	8.433840000000000000e+12	2.116773889410178633e+00	3.554642364831325785e-02	4.986434380784807857e-03
8.434580000000000000e+12	1.500000000000000000e+05	1.000000000000000000e+02	8.434580000000000000e+12	2.120097764800317641e+00	3.533096656220807708e-02	5.100498533309084578e-03
8.435280000000000000e+12	1.500000000000000000e+05	1.000000000000000000e+02	8.435280000000000000e+12	2.122247328064353233e+00	3.548777113701920283e-02	5.033713785074727873e-03
8.435920000000000000e+12	1.500000000000000000e+05	1.000000000000000000e+02	8.435920000000000000e+12	2.139797062984556408e+00	3.557779114914191854e-02	5.006257082954776796e-03
8.436510000000000000e+12	1.500000000000000000e+05	1.000000000000000000e+02	8.436510000000000000e+12	2.156319974439143028e+00	3.568046590387777967e-02	5.102845749544965975e-03
8.437050000000000000e+12	1.500000000000000000e+05	1.000000000000000000e+02	8.437050000000000000e+12	2.159400011650539408e+00	3.570795814607982677e-02	5.045197793502410877e-03
8.437540000000000000e+12	1.500000000000000000e+05	1.000000000000000000e+02	8.437540000000000000e+12	2.162749984885173671e+00	3.555844578280151214e-02	5.036534228647948294e-03
8.437980000000000000e+12	1.500000000000000000e+05	1.000000000000000000e+02	8.437980000000000000e+12	2.187386649646959835e+00	3.574213163012318617e-02	5.003772878800325126e-03
8.438360000000000000e+12	1.500000000000000000e+05	1.000000000000000000e+02	8.438360000000000000e+12	2.189545867139579993e+00	3.548182875484019033e-02	5.059706256096391241e-03
8.438700000000000000e+12	1.500000000000000000e+05	1.000000000000000000e+02	8.438700000000000000e+12	2.206257176504414108e+00	3.567258379777814986e-02	5.066636337937291228e-03
8.439000000000000000e+12	1.500000000000000000e+05	1.000000000000000000e+02	8.439000000000000000e+12	2.209520699683827250e+00	3.544720911476678671e-02	5.089452112559932247e-03
8.439240000000000000e+12	1.500000000000000000e+05	1.000000000000000000e+02	8.439240000000000000e+12	2.197849324494063783e+00	3.555418737228344811e-02	5.087498352147151910e-03
8.439430000000000000e+12	1.500000000000000000e+05	1.000000000000000000e+02	8.439430000000000000e+12	2.227880520008054255e+00	3.533985310590426893e-02	5.028235633718145491e-03
8.439580000000000000e+12	1.500000000000000000e+05	1.000000000000000000e+02	8.439580000000000000e+12	2.218504150880902248e+00	3.560258213931347115e-02	4.982898784235073077e-03
8.439690000000000000e+12	1.500000000000000000e+05	1.000000000000000000e+02	8.439690000000000000e+12	2.242662938070613787e+00	3.545085406923356025e-02	5.078152536265062578e-03
8.439740000000000000e+12	1.500000000000000000e+05	1.000000000000000000e+02	8.439740000000000000e+12	2.266636017013456517e+00	3.548066723030543490e-02	5.045709765780054604e-03
8.439750000000000000e+12	1.500000000000000000e+05	1.000000000000000000e+02	8.439750000000000000e+12	2.275695652484941878e+00	3.568293830747297501e-02	5.046905015336079596e-03
8.439710000000000000e+12	1.500000000000000000e+05	1.000000000000000000e+02	8.439710000000000000e+12	2.271632724237386824e+00	3.552535800567985236e-02	5.004277512083471664e-03
8.439630000000000000e+12	1.500000000000000000e+05	1.000000000000000000e+02	8.439630000000000000e+12	2.289394592306477350e+00	3.533330781723111741e-02	5.055413101899583310e-03
8.439510000000000000e+12	1.500000000000000000e+05	1.000000000000000000e+02	8.439510000000000000e+12	2.298122910786993156e+00	3.571306749701032984e-02	5.062835418285185039e-03
8.439340000000000000e+12	1.500000000000000000e+05	1.000000000000000000e+02	8.439340000000000000e+12	2.309134740017393383e+00	3.554293117415250475e-02	5.052092326741900244e-03
8.439120000000000000e+12	1.500000000000000000e+05	1.000000000000000000e+02	8.439120000000000000e+12	2.324990029747668885e+00	3.593924555912098029e-02	5.082852524356983731e-03
8.438860000000000000e+12	1.500000000000000000e+05	1.000000000000000000e+02	8.438860000000000000e+12	2.329470365188301084e+00	3.579559909269375284e-02	5.078640991131999974e-03
8.438560000000000000e+12	1.500000000000000000e+05	1.000000000000000000e+02	8.438560000000000000e+12	2.346046479132960272e+00	3.539885917306609397e-02	5.023027229596782779e-03
8.438220000000000000e+12	1.500000000000000000e+05	1.000000000000000000e+02	8.438220000000000000e+12	2.348888740286933619e+00	3.555094263142616340e-02	5.017722250641086512e-03
8.437830000000000000e+12	1.500000000000000000e+05	1.000000000000000000e+02	8.437830000000000000e+12	2.357512323191858439e+00	3.573469292079312770e-02	5.007447343456462863e-03
8.437410000000000000e+12	1.500000000000000000e+05	1.000000000000000000e+02	8.437410000000000000e+12	2.377220291036946875e+00	3.582993875904853798e-02	5.034494015546466493e-03
8.436940000000000000e+12	1.500000000000000000e+05	1.000000000000000000e+02	8.436940000000000000e+12	2.371439004132712469e+00	3.561038017071699313e-02	5.051391390330894036e-03
8.436420000000000000e+12	1.500000000000000000e+05	1.000000000000000000e+02	8.436420000000000000e+12	2.388859045441608764e+00	3.550263048245596437e-02	5.027085388075141180e-03
8.435870000000000000e+12	1.500000000000000000e+05	1.000000000000000000e+02	8.435870000000000000e+12	2.390617238368943465e+00	3.540116276899504810e-02	5.021128528118392470e-03
8.435280000000000000e+12	1.500000000000000000e+05	1.000000000000000000e+02	8.435280000000000000e+12	2.409490590679461697e+00	3.586147745629888334e-02	5.096995780432812123e-03
8.434650000000000000e+12	1.500000000000000000e+05	1.000000000000000000e+02	8.434650000000000000e+12	2.387685112545847588e+00	3.567305643218693367e-02	5.049185780188331779e-03
8.433970000000000000e+12	1.500000000000000000e+05	1.000000000000000000e+02	8.433970000000000000e+12	2.428163222222264217e+00	3.576050770564884879e-02	5.055030622090228576e-03
8.433260000000000000e+12	1.500000000000000000e+05	1.000000000000000000e+02	8.433260000000000000e+12	2.422804794345417623e+00	3.556644712170047018e-02	5.088686155532702420e-03
8.432510000000000000e+12	1.500000000000000000e+05	1.000000000000000000e+02	8.432510000000000000e+12	2.447855666022496379e+00	3.579177432374000545e-02	5.027844339593456717e-03
8.431720000000000000e+12	1.500000000000000000e+05	1.000000000000000000e+02	8.431720000000000000e+12	2.458900007710068891e+00	3.560746448881970533e-02	5.020002104366645505e-03
8.430890000000000000e+12	1.500000000000000000e+05	1.000000000000000000e+02	8.430890000000000000e+12	2.460207928316714199e+00	3.520658405211682385e-02	5.058833510610745952e-03
8.430020000000000000e+12	1.500000000000000000e+05	1.000000000000000000e+02	8.430020000000000000e+12	2.478075425705515311e+00	3.579049256218991282e-02	4.990561220096091655e-03
8.429120000000000000e+12	1.500000000000000000e+05	1.000000000000000000e+02	8.429120000000000000e+12	2.480738862140818402e+00	3.539956018716864522e-02	5.054044771141390918e-03
8.428180000000000000e+12	1.500000000000000000e+05	1.000000000000000000e+02	8.428180000000000000e+12	2.499030872746867082e+00	3.561734817947926485e-02	5.055609933852167441e-03
8.427200000000000000e+12	1.500000000000000000e+05	1.000000000000000000e+02	8.427200000000000000e+12	2.507627764105341051e+00	3.547902393590111197e-02	5.078620223412493202e-03
8.426180000000000000e+12	1.500000000000000000e+05	1.000000000000000000e+02	8.426180000000000000e+12	2.511046251373622251e+00	3.549761197297825882e-02	5.055176802193531854e-03
8.425130000000000000e+12	1.500000000000000000e+05	1.000000000000000000e+02	8.425130000000000000e+12	2.527289440310934499e+00	3.535916378331131760e-02	5.079409199748002000e-03
8.424040000000000000e+12	1.500000000000000000e+05	1.000000000000000000e+02	8.424040000000000000e+12	2.536294094171463342e+00	3.579221676440041966e-02	5.025845868322844322e-03
