# SourcePhotonFlux	NumberRaysSurvived	PercentageRaysSurvived	PhotonFlux	Bandwidth	HorizontalFocusFWHM	VerticalFocusFWHM
1.180180000000000000e+12	3.333333333333333576e+04	3.333333333333333570e+01	1.180180000000000000e+12	1.663933174344912544e-02	1.241147230909514509e-02	1.726663826678158679e-03
1.249340000000000000e+12	3.333333333333333576e+04	3.333333333333333570e+01	1.249340000000000000e+12	1.996878930922858092e-02	1.143685324885702209e-02	1.629036809727229217e-03
1.310450000000000000e+12	3.333333333333333576e+04	3.333333333333333570e+01	1.310450000000000000e+12	2.327319043079335847e-02	1.171309576384842351e-02	1.705659208122054090e-03
1.365350000000000000e+12	3.333333333333333576e+04	3.333333333333333570e+01	1.365350000000000000e+12	2.661118527970529613e-02	1.226664831399356011e-02	1.699433338376284434e-03
1.415286666666666748e+12	3.333333333333333576e+04	3.333333333333333570e+01	1.415286666666666748e+12	2.995706860623038870e-02	1.168253301055000200e-02	1.701245419138824010e-03
1.461150000000000000e+12	3.333333333333333576e+04	3.333333333333333570e+01	1.461150000000000000e+12	3.330962481346154413e-02	1.256802548639300750e-02	1.697845377168063184e-03
1.503600000000000000e+12	3.333333333333333576e+04	3.333333333333333570e+01	1.503600000000000000e+12	3.657300349445651716e-02	1.240890494530029996e-02	1.740261574154967385e-03
1.543143333333333252e+12	3.333333333333333576e+04	3.333333333333333570e+01	1.543143333333333252e+12	3.997586731799174231e-02	1.167089080769450997e-02	1.717526081766025843e-03
1.580166666666666748e+12	3.333333333333333576e+04	3.333333333333333570e+01	1.580166666666666748e+12	4.320139136623247361e-02	1.153353949933321604e-02	1.697248638867857430e-03
1.614993333333333252e+12	3.333333333333333576e+04	3.333333333333333570e+01	1.614993333333333252e+12	4.164652535569079300e-02	1.123658928962026349e-02	1.713009204937784987e-03
1.647876666666666748e+12	3.333333333333333576e+04	3.333333333333333570e+01	1.647876666666666748e+12	4.995834924654710824e-02	1.224721803743594739e-02	1.744576010388664391e-03
1.679026666666666748e+12	3.333333333333333576e+04	3.333333333333333570e+01	1.679026666666666748e+12	5.327027714038005263e-02	1.185187698962544833e-02	1.748175342791754650e-03
1.708620000000000000e+12	3.333333333333333576e+04	3.333333333333333570e+01	1.708620000000000000e+12	5.661713465264344575e-02	1.208805872362769991e-02	1.758955488857797756e-03
1.736810000000000000e+12	3.333333333333333576e+04	3.333333333333333570e+01	1.736810000000000000e+12	5.994288358628649394e-02	1.217487399651096154e-02	1.684167079643139825e-03
1.763723333333333252e+12	3.333333333333333576e+04	3.333333333333333570e+01	1.763723333333333252e+12	6.304266973419379860e-02	1.174069242577922660e-02	1.689199778952359815e-03
1.789470000000000000e+12	3.333333333333333576e+04	3.333333333333333570e+01	1.789470000000000000e+12	6.652470840642069061e-02	1.186372447371632916e-02	1.688938007762988023e-03
1.814146666666666748e+12	3.333333333333333576e+04	3.333333333333333570e+01	1.814146666666666748e+12	6.992326057267758688e-02	1.128697339991465397e-02	1.632675595134622020e-03
1.837833333333333252e+12	3.333333333333333576e+04	3.333333333333333570e+01	1.837833333333333252e+12	7.330224745410242326e-02	1.227962250951557428e-02	1.733555370457600048e-03
1.860610000000000000e+12	3.333333333333333576e+04	3.333333333333333570e+01	1.860610000000000000e+12	7.657845041469120428e-02	1.264129879260143981e-02	1.675597203420347431e-03
1.882536666666666748e+12	3.333333333333333576e+04	3.333333333333333570e+01	1.882536666666666748e+12	7.985596816344771309e-02	1.187086762812479025e-02	1.710699643643119041e-03
1.903676666666666748e+12	3.333333333333333576e+04	3.333333333333333570e+01	1.903676666666666748e+12	8.314950788265049186e-02	1.184578866104660753e-02	1.696570421848200144e-03
1.924076666666666748e+12	3.333333333333333576e+04	3.333333333333333570e+01	1.924076666666666748e+12	8.648101277783047658e-02	1.208331083872975394e-02	1.742564397264394606e-03
1.943786666666666748e+12	3.333333333333333576e+04	3.333333333333333570e+01	1.943786666666666748e+12	8.980595611482537766e-02	1.255048252332172272e-02	1.626898250019513008e-03
1.962850000000000000e+12	3.333333333333333576e+04	3.333333333333333570e+01	1.962850000000000000e+12	9.322290871301043558e-02	1.202519062829256885e-02	1.745633122149184554e-03
1.981303333333333252e+12	3.333333333333333576e+04	3.333333333333333570e+01	1.981303333333333252e+12	9.609521147207387981e-02	1.180444721274931386e-02	1.722692937581766408e-03
1.999180000000000000e+12	3.333333333333333576e+04	3.333333333333333570e+01	1.999180000000000000e+12	9.974204407133886729e-02	1.210995911245400618e-02	1.646720338658876721e-03
2.016513333333333252e+12	3.333333333333333576e+04	3.333333333333333570e+01	2.016513333333333252e+12	1.029663041950483610e-01	1.187624303534580948e-02	1.759955011662415721e-03
2.033333333333333252e+12	3.333333333333333576e+04	3.333333333333333570e+01	2.033333333333333252e+12	1.062415391866377568e-01	1.196926076189741388e-02	1.588138161642429482e-03
2.049666666666666748e+12	3.333333333333333576e+04	3.333333333333333570e+01	2.049666666666666748e+12	1.096773212376736667e-01	1.138879849323904021e-02	1.724462993015214935e-03
2.065536666666666748e+12	3.333333333333333576e+04	3.333333333333333570e+01	2.065536666666666748e+12	1.131309354103172543e-01	1.251801739878962566e-02	1.666726080274257829e-03
2.080963333333333252e+12	3.333333333333333576e+04	3.333333333333333570e+01	2.080963333333333252e+12	1.165933768670331383e-01	1.155881736205806136e-02	1.772892197540900392e-03
2.095973333333333252e+12	3.333333333333333576e+04	3.333333333333333570e+01	2.095973333333333252e+12	1.199205642107522701e-01	1.293102750428635865e-02	1.679719017122894989e-03
2.110580000000000000e+12	3.333333333333333576e+04	3.333333333333333570e+01	2.110580000000000000e+12	1.230983369560666035e-01	1.149724369447484816e-02	1.600465584315685164e-03
2.124806666666666748e+12	3.333333333333333576e+04	3.333333333333333570e+01	2.124806666666666748e+12	1.264320132767819682e-01	1.300278677511056656e-02	1.663138342288545584e-03
2.138666666666666748e+12	3.333333333333333576e+04	3.333333333333333570e+01	2.138666666666666748e+12	1.298810674567410783e-01	1.234707666148204298e-02	1.667638175983037103e-03
2.152176666666666748e+12	3.333333333333333576e+04	3.333333333333333570e+01	2.152176666666666748e+12	1.331372715953244301e-01	1.259760625925356731e-02	1.616035348012793971e-03
2.165353333333333252e+12	3.333333333333333576e+04	3.333333333333333570e+01	2.165353333333333252e+12	1.364565764747251442e-01	1.164803689902474577e-02	1.611376925205058050e-03
2.178206666666666748e+12	3.333333333333333576e+04	3.333333333333333570e+01	2.178206666666666748e+12	1.396515717500127207e-01	1.164827154554431282e-02	1.733568347874378177e-03
2.190750000000000000e+12	3.333333333333333576e+04	3.333333333333333570e+01	2.190750000000000000e+12	1.431154367917694403e-01	1.198474574253659448e-02	1.714220504685693000e-03
2.202996666666666504e+12	3.333333333333333576e+04	3.333333333333333570e+01	2.202996666666666504e+12	1.465769812922227688e-01	1.181122616721768347e-02	1.748428669880919837e-03
2.214960000000000000e+12	3.333333333333333576e+04	3.333333333333333570e+01	2.214960000000000000e+12	1.487104189599853521e-01	1.146713701800869574e-02	1.601731680962461017e-03
2.226646666666666504e+12	3.333333333333333576e+04	3.333333333333333570e+01	2.226646666666666504e+12	1.531240850088377292e-01	1.125217089124443647e-02	1.679554471513274158e-03
2.238066666666666504e+12	3.333333333333333576e+04	3.333333333333333570e+01	2.238066666666666504e+12	1.564365089787429497e-01	1.230653027145173911e-02	1.676430310590894821e-03
2.249233333333333496e+12	3.333333333333333576e+04	3.333333333333333570e+01	2.249233333333333496e+12	1.598674520437018409e-01	1.189050225117713883e-02	1.656768280514524239e-03
2.260150000000000000e+12	3.333333333333333576e+04	3.333333333333333570e+01	2.260150000000000000e+12	1.615938240132979709e-01	1.183636313070239761e-02	1.762029459929943982e-03
2.270833333333333496e+12	3.333333333333333576e+04	3.333333333333333570e+01	2.270833333333333496e+12	1.663528187737597364e-01	1.159890308873443021e-02	1.669833607456303916e-03
2.281283333333333496e+12	3.333333333333333576e+04	3.333333333333333570e+01	2.281283333333333496e+12	1.697960735994317460e-01	1.191552808442467720e-02	1.701782928582603596e-03
2.291510000000000000e+12	3.333333333333333576e+04	3.333333333333333570e+01	2.291510000000000000e+12	1.731576368478676686e-01	1.246510764281915339e-02	1.574370656837345214e-03
2.301520000000000000e+12	3.333333333333333576e+04	3.333333333333333570e+01	2.301520000000000000e+12	1.765918551443014239e-01	1.122465700976093932e-02	1.646720298365726178e-03
2.311323333333333496e+12	3.333333333333333576e+04	3.333333333333333570e+01	2.311323333333333496e+12	1.797778714609168660e-01	1.169011157324020139e-02	1.609175853002928723e-03
2.320923333333333496e+12	3.333333333333333576e+04	3.333333333333333570e+01	2.320923333333333496e+12	1.831437529040663703e-01	1.237060411840809615e-02	1.684772539981160659e-03
2.330330000000000000e+12	3.333333333333333576e+04	3.333333333333333570e+01	2.330330000000000000e+12	1.859510417377047420e-01	1.252483052018039250e-02	1.639628714023335211e-03
2.339543333333333496e+12	3.333333333333333576e+04	3.333333333333333570e+01	2.339543333333333496e+12	1.897748612865749751e-01	1.277908883467725187e-02	1.618855565285967114e-03
2.348573333333333496e+12	3.333333333333333576e+04	3.333333333333333570e+01	2.348573333333333496e+12	1.929208498769791336e-01	1.224588848435172010e-02	1.698187638261077111e-03
2.357423333333333496e+12	3.333333333333333576e+04	3.333333333333333570e+01	2.357423333333333496e+12	1.962206929120561272e-01	1.120962266284143173e-02	1.701504355989509956e-03
2.366100000000000000e+12	3.333333333333333576e+04	3.333333333333333570e+01	2.366100000000000000e+12	1.991014103940137447e-01	1.174249643806327126e-02	1.766251619642259093e-03
2.374606666666666504e+12	3.333333333333333576e+04	3.333333333333333570e+01	2.374606666666666504e+12	2.030542370089657711e-01	1.272080515897048951e-02	1.667032228115587983e-03
2.382946666666666504e+12	3.333333333333333576e+04	3.333333333333333570e+01	2.382946666666666504e+12	2.063873237613430833e-01	1.234595548200534409e-02	1.642540367179380059e-03
2.391130000000000000e+12	3.333333333333333576e+04	3.333333333333333570e+01	2.391130000000000000e+12	2.083535932171495519e-01	1.184436452508258290e-02	1.756782309154827524e-03
2.399156666666666504e+12	3.333333333333333576e+04	3.333333333333333570e+01	2.399156666666666504e+12	2.130331762384432281e-01	1.159989011733520738e-02	1.817964134546386223e-03
2.407030000000000000e+12	3.333333333333333576e+04	3.333333333333333570e+01	2.407030000000000000e+12	2.162735337173494754e-01	1.187083560375031162e-02	1.631161767783455415e-03
2.414756666666666504e+12	3.333333333333333576e+04	3.333333333333333570e+01	2.414756666666666504e+12	2.195269425748165304e-01	1.238138075500703518e-02	1.633619710124992229e-03
2.422340000000000000e+12	3.333333333333333576e+04	3.333333333333333570e+01	2.422340000000000000e+12	2.223461581792460506e-01	1.166009991140092190e-02	1.637207437717747580e-03
2.429783333333333496e+12	3.333333333333333576e+04	3.333333333333333570e+01	2.429783333333333496e+12	2.259072738659142487e-01	1.170228301394725216e-02	1.658958829545372805e-03
2.437090000000000000e+12	3.333333333333333576e+04	3.333333333333333570e+01	2.437090000000000000e+12	2.294241646680651170e-01	1.140362511313049339e-02	1.666616456042153581e-03
2.444263333333333496e+12	3.333333333333333576e+04	3.333333333333333570e+01	2.444263333333333496e+12	2.330137473351719946e-01	1.150323747064044451e-02	1.670172376739185137e-03
2.451303333333333496e+12	3.333333333333333576e+04	3.333333333333333570e+01	2.451303333333333496e+12	2.343019986244851693e-01	1.226893086086239433e-02	1.660149103256964914e-03
2.458220000000000000e+12	3.333333333333333576e+04	3.333333333333333570e+01	2.458220000000000000e+12	2.398158685574318938e-01	1.164332869638302730e-02	1.679106113590085126e-03
2.465010000000000000e+12	3.333333333333333576e+04	3.333333333333333570e+01	2.465010000000000000e+12	2.431482660065663881e-01	1.209026417266275376e-02	1.743308514964149068e-03
2.471680000000000000e+12	3.333333333333333576e+04	3.333333333333333570e+01	2.471680000000000000e+12	2.460698371094799386e-01	1.150192727190367352e-02	1.697523443044707953e-03
2.478230000000000000e+12	3.333333333333333576e+04	3.333333333333333570e+01	2.478230000000000000e+12	2.230542926847783602e-01	1.133577355621981191e-02	1.647169674534306426e-03
2.484666666666666504e+12	3.333333333333333576e+04	3.333333333333333570e+01	2.484666666666666504e+12	2.531623936911526207e-01	1.186007496889686548e-02	1.640643293874417645e-03
2.490990000000000000e+12	3.333333333333333576e+04	3.333333333333333570e+01	2.490990000000000000e+12	2.560507319021275707e-01	1.228726914200957941e-02	1.826554869917254966e-03
2.497200000000000000e+12	3.333333333333333576e+04	3.333333333333333570e+01	2.497200000000000000e+12	2.597384585068691076e-01	1.252834100921357795e-02	1.760873651193607106e-03
2.503303333333333496e+12	3.333333333333333576e+04	3.333333333333333570e+01	2.503303333333333496e+12	2.625109667430302052e-01	1.213495201011398177e-02	1.698766350310666534e-03
2.509303333333333496e+12	3.333333333333333576e+04	3.333333333333333570e+01	2.509303333333333496e+12	2.663804180669255284e-01	1.209353499086580040e-02	1.638759339945609905e-03
2.515196666666666504e+12	3.333333333333333576e+04	3.333333333333333570e+01	2.515196666666666504e+12	2.696975542887053434e-01	1.178984537848418168e-02	1.816955933317751515e-03
2.520990000000000000e+12	3.333333333333333576e+04	3.333333333333333570e+01	2.520990000000000000e+12	2.731051201896232405e-01	1.201861467004169785e-02	1.757137507496820154e-03
2.526680000000000000e+12	3.333333333333333576e+04	3.333333333333333570e+01	2.526680000000000000e+12	2.761931660263219901e-01	1.177926660527596481e-02	1.695959494996424630e-03
2.532276666666666504e+12	3.333333333333333576e+04	3.333333333333333570e+01	2.532276666666666504e+12	2.795986318920616331e-01	1.165197978780218961e-02	1.680765424071156526e-03
2.537776666666666504e+12	3.333333333333333576e+04	3.333333333333333570e+01	2.537776666666666504e+12	2.829944355087642971e-01	1.140093955623332211e-02	1.723416111336250299e-03
2.543186666666666504e+12	3.333333333333333576e+04	3.333333333333333570e+01	2.543186666666666504e+12	2.862571476208081167e-01	1.205895907109327640e-02	1.633858649069785084e-03
2.548500000000000000e+12	3.333333333333333576e+04	3.333333333333333570e+01	2.548500000000000000e+12	2.895620877524026082e-01	1.194641887219851685e-02	1.637867219504346222e-03
2.553726666666666504e+12	3.333333333333333576e+04	3.333333333333333570e+01	2.553726666666666504e+12	2.925337032739384613e-01	1.200024450718452547e-02	1.713274518988521086e-03
2.558863333333333496e+12	3.333333333333333576e+04	3.333333333333333570e+01	2.558863333333333496e+12	2.963186779712588259e-01	1.215206730490455550e-02	1.626952472049677210e-03
2.563916666666666504e+12	3.333333333333333576e+04	3.333333333333333570e+01	2.563916666666666504e+12	2.998312879724380764e-01	1.221283395278543842e-02	1.655641353217260142e-03
2.568883333333333496e+12	3.333333333333333576e+04	3.333333333333333570e+01	2.568883333333333496e+12	3.031363194584805187e-01	1.144850782937985832e-02	1.652228977352093947e-03
2.573770000000000000e+12	3.333333333333333576e+04	3.333333333333333570e+01	2.573770000000000000e+12	3.064385503856025816e-01	1.173143814851110127e-02	1.661509439693141304e-03
2.578570000000000000e+12	3.333333333333333576e+04	3.333333333333333570e+01	2.578570000000000000e+12	3.093712436909122898e-01	1.179014473094011639e-02	1.815403358051789762e-03
2.583293333333333496e+12	3.333333333333333576e+04	3.333333333333333570e+01	2.583293333333333496e+12	3.130609242869645259e-01	1.226531999023153241e-02	1.764553383262191166e-03
2.587940000000000000e+12	3.333333333333333576e+04	3.333333333333333570e+01	2.587940000000000000e+12	3.163115953517869339e-01	1.156429874620953750e-02	1.677707769631547365e-03
2.592506666666666504e+12	3.333333333333333576e+04	3.333333333333333570e+01	2.592506666666666504e+12	3.172200015582373189e-01	1.192577665127489937e-02	1.701610803670146809e-03
2.596996666666666504e+12	3.333333333333333576e+04	3.333333333333333570e+01	2.596996666666666504e+12	3.221071355693033711e-01	1.181549711061182818e-02	1.698667675594570797e-03
2.601416666666666504e+12	3.333333333333333576e+04	3.333333333333333570e+01	2.601416666666666504e+12	3.228141394941606568e-01	1.173608475468714864e-02	1.657060007757256989e-03
2.605760000000000000e+12	3.333333333333333576e+04	3.333333333333333570e+01	2.605760000000000000e+12	3.288064873867521665e-01	1.208265583800895680e-02	1.764230526214899007e-03
2.610033333333333496e+12	3.333333333333333576e+04	3.333333333333333570e+01	2.610033333333333496e+12	3.327848414353158923e-01	1.158018925770793774e-02	1.605399128566662717e-03
2.614236666666666504e+12	3.333333333333333576e+04	3.333333333333333570e+01	2.614236666666666504e+12	3.363493815479361992e-01	1.167283961155203380e-02	1.771160187664502783e-03
2.618370000000000000e+12	3.333333333333333576e+04	3.333333333333333570e+01	2.618370000000000000e+12	3.384577942513387061e-01	1.125262245815893819e-02	1.593966589958307513e-03
2.622433333333333496e+12	3.333333333333333576e+04	3.333333333333333570e+01	2.622433333333333496e+12	3.429399178838694606e-01	1.196515228037814578e-02	1.773151176979128772e-03
2.626433333333333496e+12	3.333333333333333576e+04	3.333333333333333570e+01	2.626433333333333496e+12	3.094842916282674605e-01	1.114360211581905992e-02	1.763489516155054707e-03
2.630363333333333496e+12	3.333333333333333576e+04	3.333333333333333570e+01	2.630363333333333496e+12	3.491145504220993789e-01	1.228220357623780595e-02	1.723670342124547289e-03
2.634233333333333496e+12	3.333333333333333576e+04	3.333333333333333570e+01	2.634233333333333496e+12	3.513296596514313141e-01	1.241397854703671366e-02	1.686960714106148932e-03
2.638036666666666504e+12	3.333333333333333576e+04	3.333333333333333570e+01	2.638036666666666504e+12	3.563287848824327475e-01	1.188168578394595450e-02	1.599326028920192285e-03
2.641776666666666504e+12	3.333333333333333576e+04	3.333333333333333570e+01	2.641776666666666504e+12	3.595987470396772578e-01	1.200603725415116257e-02	1.764056432288781118e-03
2.645460000000000000e+12	3.333333333333333576e+04	3.333333333333333570e+01	2.645460000000000000e+12	3.625535148887593095e-01	1.271970627720015075e-02	1.614977165576931802e-03
2.649076666666666504e+12	3.333333333333333576e+04	3.333333333333333570e+01	2.649076666666666504e+12	3.651766295884297242e-01	1.157675701859862093e-02	1.616044041513630064e-03
2.652636666666666504e+12	3.333333333333333576e+04	3.333333333333333570e+01	2.652636666666666504e+12	3.696227898762774466e-01	1.213480994117731998e-02	1.708674063999388775e-03
2.656140000000000000e+12	3.333333333333333576e+04	3.333333333333333570e+01	2.656140000000000000e+12	3.719352626726504241e-01	1.207061285836915666e-02	1.746498237524808173e-03
2.659583333333333496e+12	3.333333333333333576e+04	3.333333333333333570e+01	2.659583333333333496e+12	3.763217668009575245e-01	1.183767815794333628e-02	1.625745153013304989e-03
2.662970000000000000e+12	3.333333333333333576e+04	3.333333333333333570e+01	2.662970000000000000e+12	3.796369473814391049e-01	1.256743001939165764e-02	1.788968838943177453e-03
2.666300000000000000e+12	3.333333333333333576e+04	3.333333333333333570e+01	2.666300000000000000e+12	3.826327057186568736e-01	1.234902301089985284e-02	1.736569022347559006e-03
2.669576666666666504e+12	3.333333333333333576e+04	3.333333333333333570e+01	2.669576666666666504e+12	3.860432300378357495e-01	1.215024647153414850e-02	1.711710233184902128e-03
2.672796666666666504e+12	3.333333333333333576e+04	3.333333333333333570e+01	2.672796666666666504e+12	3.897824560848069386e-01	1.145181293810628581e-02	1.597237194463318110e-03
2.675963333333333496e+12	3.333333333333333576e+04	3.333333333333333570e+01	2.675963333333333496e+12	3.929624793536277139e-01	1.173257542652488168e-02	1.618414546893282924e-03
2.679080000000000000e+12	3.333333333333333576e+04	3.333333333333333570e+01	2.679080000000000000e+12	3.955119817241363189e-01	1.194139485645012537e-02	1.687027061402718861e-03
2.682143333333333496e+12	3.333333333333333576e+04	3.333333333333333570e+01	2.682143333333333496e+12	3.996483127274232938e-01	1.245440614108361994e-02	1.725991504194642270e-03
2.685153333333333496e+12	3.333333333333333576e+04	3.333333333333333570e+01	2.685153333333333496e+12	4.028989825708322314e-01	1.180470473571661356e-02	1.696996120469290671e-03
2.688116666666666504e+12	3.333333333333333576e+04	3.333333333333333570e+01	2.688116666666666504e+12	4.038356078816225936e-01	1.191630775671770164e-02	1.740452607361098669e-03
2.691030000000000000e+12	3.333333333333333576e+04	3.333333333333333570e+01	2.691030000000000000e+12	4.097870535245217716e-01	1.173325547606311053e-02	1.649331143581455293e-03
2.693893333333333496e+12	3.333333333333333576e+04	3.333333333333333570e+01	2.693893333333333496e+12	4.126479743594902438e-01	1.245560242529021415e-02	1.632368636364490110e-03
2.696706666666666504e+12	3.333333333333333576e+04	3.333333333333333570e+01	2.696706666666666504e+12	4.161671852905328706e-01	1.133415524890947317e-02	1.698621557325076916e-03
2.699473333333333496e+12	3.333333333333333576e+04	3.333333333333333570e+01	2.699473333333333496e+12	4.188007563562021196e-01	1.137261524410625863e-02	1.584786414050871417e-03
2.702196666666666504e+12	3.333333333333333576e+04	3.333333333333333570e+01	2.702196666666666504e+12	4.231581826231325949e-01	1.258280306665600368e-02	1.711216207349234783e-03
2.704870000000000000e+12	3.333333333333333576e+04	3.333333333333333570e+01	2.704870000000000000e+12	4.262563059874588389e-01	1.185241910535921907e-02	1.728121677473618868e-03
2.707500000000000000e+12	3.333333333333333576e+04	3.333333333333333570e+01	2.707500000000000000e+12	4.217607998126974844e-01	1.191922137013336040e-02	1.815114615156739617e-03
2.710083333333333496e+12	3.333333333333333576e+04	3.333333333333333570e+01	2.710083333333333496e+12	4.319180939152273968e-01	1.237889112691372036e-02	1.758028172895951700e-03
2.712623333333333496e+12	3.333333333333333576e+04	3.333333333333333570e+01	2.712623333333333496e+12	4.350447992833071376e-01	1.159165676177127506e-02	1.756199024979989386e-03
2.715120000000000000e+12	3.333333333333333576e+04	3.333333333333333570e+01	2.715120000000000000e+12	4.388605276460819105e-01	1.158990458376157710e-02	1.722482138827880838e-03
2.717573333333333496e+12	3.333333333333333576e+04	3.333333333333333570e+01	2.717573333333333496e+12	4.425735639711092517e-01	1.225237912578610623e-02	1.787317719018998710e-03
2.719983333333333496e+12	3.333333333333333576e+04	3.333333333333333570e+01	2.719983333333333496e+12	4.456962638611356997e-01	1.186696529735890675e-02	1.676729801505405732e-03
2.722350000000000000e+12	3.333333333333333576e+04	3.333333333333333570e+01	2.722350000000000000e+12	4.473555831341652911e-01	1.214921161273855611e-02	1.816714483244963449e-03
2.724680000000000000e+12	3.333333333333333576e+04	3.333333333333333570e+01	2.724680000000000000e+12	4.528571156125609232e-01	1.189005730446748843e-02	1.672045217072015135e-03
2.726966666666666504e+12	3.333333333333333576e+04	3.333333333333333570e+01	2.726966666666666504e+12	4.561655742544543646e-01	1.149757125816796254e-02	1.655953290663810884e-03
2.729210000000000000e+12	3.333333333333333576e+04	3.333333333333333570e+01	2.729210000000000000e+12	4.590023013804259144e-01	1.222049503410340722e-02	1.697798500252502328e-03
2.731416666666666504e+12	3.333333333333333576e+04	3.333333333333333570e+01	2.731416666666666504e+12	4.626035032437256778e-01	1.242123785410631683e-02	1.713803137386242211e-03
2.733583333333333496e+12	3.333333333333333576e+04	3.333333333333333570e+01	2.733583333333333496e+12	4.647818096342841154e-01	1.196833096912535560e-02	1.688500308306651806e-03
2.735713333333333496e+12	3.333333333333333576e+04	3.333333333333333570e+01	2.735713333333333496e+12	4.689000658293025481e-01	1.154312504225322826e-02	1.697241221550848137e-03
2.737803333333333496e+12	3.333333333333333576e+04	3.333333333333333570e+01	2.737803333333333496e+12	4.724615499777782279e-01	1.143761317047895659e-02	1.727135421917337524e-03
2.739856666666666504e+12	3.333333333333333576e+04	3.333333333333333570e+01	2.739856666666666504e+12	4.749321167210938111e-01	1.197267832001149696e-02	1.594788585500972987e-03
2.741870000000000000e+12	3.333333333333333576e+04	3.333333333333333570e+01	2.741870000000000000e+12	4.791560548061271074e-01	1.185711929328724101e-02	1.681324476921039869e-03
2.743850000000000000e+12	3.333333333333333576e+04	3.333333333333333570e+01	2.743850000000000000e+12	4.828696488269139109e-01	1.171249097251798703e-02	1.647259939741840644e-03
2.745790000000000000e+12	3.333333333333333576e+04	3.333333333333333570e+01	2.745790000000000000e+12	4.864617162322954491e-01	1.168717057332120147e-02	1.622646009389494765e-03
2.747696666666666504e+12	3.333333333333333576e+04	3.333333333333333570e+01	2.747696666666666504e+12	4.890344816848382070e-01	1.121131132870566149e-02	1.716220297683999918e-03
2.749566666666666504e+12	3.333333333333333576e+04	3.333333333333333570e+01	2.749566666666666504e+12	4.908929483465019339e-01	1.253326548661620049e-02	1.668307736449009364e-03
2.751403333333333496e+12	3.333333333333333576e+04	3.333333333333333570e+01	2.751403333333333496e+12	4.958933745879221533e-01	1.297879698434006163e-02	1.608790268322727668e-03
2.753203333333333496e+12	3.333333333333333576e+04	3.333333333333333570e+01	2.753203333333333496e+12	4.991696230853095440e-01	1.121408662672359301e-02	1.813003360001656404e-03
2.754970000000000000e+12	3.333333333333333576e+04	3.333333333333333570e+01	2.754970000000000000e+12	5.023230005634155004e-01	1.239180405817578295e-02	1.701039339981441764e-03
2.756703333333333496e+12	3.333333333333333576e+04	3.333333333333333570e+01	2.756703333333333496e+12	5.061901923652385449e-01	1.185097677472952450e-02	1.693088469454249491e-03
2.758403333333333496e+12	3.333333333333333576e+04	3.333333333333333570e+01	2.758403333333333496e+12	5.094613166646821956e-01	1.278275471473402231e-02	1.697616808336581797e-03
2.760070000000000000e+12	3.333333333333333576e+04	3.333333333333333570e+01	2.760070000000000000e+12	5.129484831757559204e-01	1.184601242507184703e-02	1.787398654075842688e-03
2.761703333333333496e+12	3.333333333333333576e+04	3.333333333333333570e+01	2.761703333333333496e+12	4.604177531562509973e-01	1.197089888716377885e-02	1.710024623350307228e-03
2.763306666666666504e+12	3.333333333333333576e+04	3.333333333333333570e+01	2.763306666666666504e+12	5.190130181761357653e-01	1.136887077825752407e-02	1.709158914920222601e-03
2.764876666666666504e+12	3.333333333333333576e+04	3.333333333333333570e+01	2.764876666666666504e+12	5.225532454613434075e-01	1.199904357477686069e-02	1.756232181869578140e-03
2.766416666666666504e+12	3.333333333333333576e+04	3.333333333333333570e+01	2.766416666666666504e+12	5.241238346787516766e-01	1.205480318529624471e-02	1.652934100043975925e-03
2.767923333333333496e+12	3.333333333333333576e+04	3.333333333333333570e+01	2.767923333333333496e+12	5.284546315517673065e-01	1.200239807374771372e-02	1.657648806215663304e-03
2.769400000000000000e+12	3.333333333333333576e+04	3.333333333333333570e+01	2.769400000000000000e+12	5.329626227762673807e-01	1.248504443815196159e-02	1.704097366790813988e-03
2.770850000000000000e+12	3.333333333333333576e+04	3.333333333333333570e+01	2.770850000000000000e+12	5.358105385848072055e-01	1.241421999215615996e-02	1.654584237468718910e-03
2.772266666666666504e+12	3.333333333333333576e+04	3.333333333333333570e+01	2.772266666666666504e+12	5.384854595501261665e-01	1.168892324178149970e-02	1.630010291449995310e-03
2.773653333333333496e+12	3.333333333333333576e+04	3.333333333333333570e+01	2.773653333333333496e+12	5.427279374944191659e-01	1.251976927566381820e-02	1.672346354498230152e-03
2.775010000000000000e+12	3.333333333333333576e+04	3.333333333333333570e+01	2.775010000000000000e+12	5.446654366994859719e-01	1.251626879080383441e-02	1.687526122034330297e-03
2.776340000000000000e+12	3.333333333333333576e+04	3.333333333333333570e+01	2.776340000000000000e+12	5.488834618857051373e-01	1.219631736169143714e-02	1.752594304736744850e-03
2.777640000000000000e+12	3.333333333333333576e+04	3.333333333333333570e+01	2.777640000000000000e+12	5.522166478868560935e-01	1.209971146977477548e-02	1.777684916236013137e-03
2.778913333333333496e+12	3.333333333333333576e+04	3.333333333333333570e+01	2.778913333333333496e+12	5.560769872355295629e-01	1.202624916515374065e-02	1.608304562081311470e-03
2.780156666666666504e+12	3.333333333333333576e+04	3.333333333333333570e+01	2.780156666666666504e+12	5.587989269460346131e-01	1.212278139005883160e-02	1.706304723885840660e-03
2.781373333333333496e+12	3.333333333333333576e+04	3.333333333333333570e+01	2.781373333333333496e+12	5.616117976216831176e-01	1.181508173629411407e-02	1.715149217717211244e-03
2.782563333333333496e+12	3.333333333333333576e+04	3.333333333333333570e+01	2.782563333333333496e+12	5.661311338582335484e-01	1.241286890812113609e-02	1.660946044275787630e-03
2.783726666666666504e+12	3.333333333333333576e+04	3.333333333333333570e+01	2.783726666666666504e+12	5.660660701134677675e-01	1.218913411672330888e-02	1.663337043603604426e-03
2.784860000000000000e+12	3.333333333333333576e+04	3.333333333333333570e+01	2.784860000000000000e+12	5.728040654731153536e-01	1.230350429161473740e-02	1.634492462943461753e-03
2.785970000000000000e+12	3.333333333333333576e+04	3.333333333333333570e+01	2.785970000000000000e+12	5.754116267513482708e-01	1.172069589408820771e-02	1.623109241244153960e-03
2.787053333333333496e+12	3.333333333333333576e+04	3.333333333333333570e+01	2.787053333333333496e+12	5.786951292656744572e-01	1.159538318194015295e-02	1.706677109480787477e-03
2.788110000000000000e+12	3.333333333333333576e+04	3.333333333333333570e+01	2.788110000000000000e+12	5.150268832080934223e-01	1.236458289418571055e-02	1.688300082401671641e-03
2.789143333333333496e+12	3.333333333333333576e+04	3.333333333333333570e+01	2.789143333333333496e+12	5.836958797470338522e-01	1.149974836164059135e-02	1.755121200095518608e-03
2.790146666666666504e+12	3.333333333333333576e+04	3.333333333333333570e+01	2.790146666666666504e+12	5.885668697539788718e-01	1.200247339172076134e-02	1.696256147819919435e-03
2.791130000000000000e+12	3.333333333333333576e+04	3.333333333333333570e+01	2.791130000000000000e+12	5.921659236041453278e-01	1.151452151036909573e-02	1.632025895067150878e-03
2.792086666666666504e+12	3.333333333333333576e+04	3.333333333333333570e+01	2.792086666666666504e+12	5.959603977482098580e-01	1.194123725052714628e-02	1.790957356154520728e-03
2.793016666666666504e+12	3.333333333333333576e+04	3.333333333333333570e+01	2.793016666666666504e+12	5.990460158899268972e-01	1.133297132097711192e-02	1.594420899308492514e-03
2.793923333333333496e+12	3.333333333333333576e+04	3.333333333333333570e+01	2.793923333333333496e+12	6.026881022774988050e-01	1.152713940232969088e-02	1.676526136354341895e-03
2.794806666666666504e+12	3.333333333333333576e+04	3.333333333333333570e+01	2.794806666666666504e+12	6.047211860656919180e-01	1.219596200076122211e-02	1.603662111357727132e-03
2.795666666666666504e+12	3.333333333333333576e+04	3.333333333333333570e+01	2.795666666666666504e+12	6.091784156185945376e-01	1.189776862860965519e-02	1.692645592116969388e-03
2.796503333333333496e+12	3.333333333333333576e+04	3.333333333333333570e+01	2.796503333333333496e+12	6.124676218259487159e-01	1.237720259319464132e-02	1.618385940430541780e-03
2.797316666666666504e+12	3.333333333333333576e+04	3.333333333333333570e+01	2.797316666666666504e+12	6.157285624476319663e-01	1.275987463665970330e-02	1.557484184514636031e-03
2.798106666666666504e+12	3.333333333333333576e+04	3.333333333333333570e+01	2.798106666666666504e+12	6.193393275967638001e-01	1.219334462655201345e-02	1.637643665183581435e-03
2.798873333333333496e+12	3.333333333333333576e+04	3.333333333333333570e+01	2.798873333333333496e+12	6.227287302832691385e-01	1.135980568336121543e-02	1.692663161291800729e-03
2.799616666666666504e+12	3.333333333333333576e+04	3.333333333333333570e+01	2.799616666666666504e+12	5.594346333215787226e-01	1.173463069171241241e-02	1.647142083261842393e-03
2.800340000000000000e+12	3.333333333333333576e+04	3.333333333333333570e+01	2.800340000000000000e+12	6.280905456350814875e-01	1.197752595476829322e-02	1.671685623999807782e-03
2.801040000000000000e+12	3.333333333333333576e+04	3.333333333333333570e+01	2.801040000000000000e+12	6.327767187285644468e-01	1.131748479469120612e-02	1.777915846355572352e-03
2.801720000000000000e+12	3.333333333333333576e+04	3.333333333333333570e+01	2.801720000000000000e+12	6.208006393237105458e-01	1.234429723306552235e-02	1.732483562937945547e-03
2.802376666666666504e+12	3.333333333333333576e+04	3.333333333333333570e+01	2.802376666666666504e+12	6.396236468436503619e-01	1.200403649853528341e-02	1.677337374140680341e-03
2.803010000000000000e+12	3.333333333333333576e+04	3.333333333333333570e+01	2.803010000000000000e+12	6.425544348081630996e-01	1.133731563197322434e-02	1.732926363588088541e-03
2.803623333333333496e+12	3.333333333333333576e+04	3.333333333333333570e+01	2.803623333333333496e+12	6.458368529533800029e-01	1.141688799132603398e-02	1.614745197784561194e-03
2.804216666666666504e+12	3.333333333333333576e+04	3.333333333333333570e+01	2.804216666666666504e+12	6.494893817750077014e-01	1.151558410684985941e-02	1.662506457980104805e-03
2.804790000000000000e+12	3.333333333333333576e+04	3.333333333333333570e+01	2.804790000000000000e+12	5.820452484835497708e-01	1.219494376850026145e-02	1.688818179244436701e-03
2.805340000000000000e+12	3.333333333333333576e+04	3.333333333333333570e+01	2.805340000000000000e+12	6.549950847034627932e-01	1.145105270313018404e-02	1.646533486319141362e-03
2.805873333333333496e+12	3.333333333333333576e+04	3.333333333333333570e+01	2.805873333333333496e+12	6.589799761830413827e-01	1.198400412151362678e-02	1.618848428011880483e-03
2.806383333333333496e+12	3.333333333333333576e+04	3.333333333333333570e+01	2.806383333333333496e+12	6.619320820721744658e-01	1.182351550698655836e-02	1.737874440673375541e-03
2.806876666666666504e+12	3.333333333333333576e+04	3.333333333333333570e+01	2.806876666666666504e+12	6.648513167872857066e-01	1.145892938216078356e-02	1.699454880692319184e-03
2.807346666666666504e+12	3.333333333333333576e+04	3.333333333333333570e+01	2.807346666666666504e+12	6.695167263814911784e-01	1.164888844332082930e-02	1.754039062742990263e-03
2.807796666666666504e+12	3.333333333333333576e+04	3.333333333333333570e+01	2.807796666666666504e+12	6.721148282153232012e-01	1.130011341061550219e-02	1.841237551149020428e-03
2.808230000000000000e+12	3.333333333333333576e+04	3.333333333333333570e+01	2.808230000000000000e+12	6.649217323819508474e-01	1.160273955769160030e-02	1.718612786750393570e-03
2.808643333333333496e+12	3.333333333333333576e+04	3.333333333333333570e+01	2.808643333333333496e+12	6.791587287161241493e-01	1.220184682326273633e-02	1.606957735495935643e-03
2.809036666666666504e+12	3.333333333333333576e+04	3.333333333333333570e+01	2.809036666666666504e+12	6.820289051951881065e-01	1.241448119334304795e-02	1.635539577179117307e-03
2.809413333333333496e+12	3.333333333333333576e+04	3.333333333333333570e+01	2.809413333333333496e+12	6.808201848202770634e-01	1.205291181310816535e-02	1.706119144662857946e-03
2.809770000000000000e+12	3.333333333333333576e+04	3.333333333333333570e+01	2.809770000000000000e+12	6.882344751364951607e-01	1.246659316114488887e-02	1.691163396084022436e-03
2.810106666666666504e+12	3.333333333333333576e+04	3.333333333333333570e+01	2.810106666666666504e+12	6.924202833438862781e-01	1.184035693952349873e-02	1.626454822793157876e-03
2.810426666666666504e+12	3.333333333333333576e+04	3.333333333333333570e+01	2.810426666666666504e+12	6.946903624643709918e-01	1.158029442126937321e-02	1.759747424606692779e-03
2.810730000000000000e+12	3.333333333333333576e+04	3.333333333333333570e+01	2.810730000000000000e+12	6.993924667627248182e-01	1.164056868006234889e-02	1.722147632780813252e-03
2.811013333333333496e+12	3.333333333333333576e+04	3.333333333333333570e+01	2.811013333333333496e+12	7.019646802648114026e-01	1.248299253848673789e-02	1.702253372791805381e-03
2.811280000000000000e+12	3.333333333333333576e+04	3.333333333333333570e+01	2.811280000000000000e+12	7.057480337881921750e-01	1.183712203972757220e-02	1.740023392464682545e-03
2.811526666666666504e+12	3.333333333333333576e+04	3.333333333333333570e+01	2.811526666666666504e+12	7.082002422082749327e-01	1.211983668801323855e-02	1.628837650241187233e-03
2.811760000000000000e+12	3.333333333333333576e+04	3.333333333333333570e+01	2.811760000000000000e+12	7.122322535246894404e-01	1.210301616454756250e-02	1.629315069300947679e-03
2.811973333333333496e+12	3.333333333333333576e+04	3.333333333333333570e+01	2.811973333333333496e+12	7.156333546843901550e-01	1.215368103370750678e-02	1.694907035772725765e-03
2.812170000000000000e+12	3.333333333333333576e+04	3.333333333333333570e+01	2.812170000000000000e+12	7.194165395533471674e-01	1.146547948619590536e-02	1.680263476581962895e-03
2.812350000000000000e+12	3.333333333333333576e+04	3.333333333333333570e+01	2.812350000000000000e+12	7.214242221275021238e-01	1.117093481396691686e-02	1.700876210544555352e-03
2.812513333333333496e+12	3.333333333333333576e+04	3.333333333333333570e+01	2.812513333333333496e+12	7.260872990369636737e-01	1.146354533896661552e-02	1.661634455397978166e-03
2.812660000000000000e+12	3.333333333333333576e+04	3.333333333333333570e+01	2.812660000000000000e+12	7.265303003768065482e-01	1.178516233356604291e-02	1.643378953474198927e-03
2.812786666666666504e+12	3.333333333333333576e+04	3.333333333333333570e+01	2.812786666666666504e+12	7.316927377695617851e-01	1.176864139188914943e-02	1.686504828591226142e-03
2.812900000000000000e+12	3.333333333333333576e+04	3.333333333333333570e+01	2.812900000000000000e+12	7.342746604459130522e-01	1.234447418225095329e-02	1.689789801903461520e-03
2.813000000000000000e+12	3.333333333333333576e+04	3.333333333333333570e+01	2.813000000000000000e+12	7.384948957806550807e-01	1.238198158475119735e-02	1.682864933910126377e-03
2.813080000000000000e+12	3.333333333333333576e+04	3.333333333333333570e+01	2.813080000000000000e+12	7.419389289626047157e-01	1.164544322267637398e-02	1.757806491146560049e-03
2.813143333333333496e+12	3.333333333333333576e+04	3.333333333333333570e+01	2.813143333333333496e+12	7.456113675139527386e-01	1.237135625753971180e-02	1.713192568610603364e-03
2.813193333333333496e+12	3.333333333333333576e+04	3.333333333333333570e+01	2.813193333333333496e+12	7.483525005577070788e-01	1.189915188343067948e-02	1.702146049443067346e-03
2.813230000000000000e+12	3.333333333333333576e+04	3.333333333333333570e+01	2.813230000000000000e+12	7.528492479972960227e-01	1.223726237285774170e-02	1.633853534809323561e-03
2.813246666666666504e+12	3.333333333333333576e+04	3.333333333333333570e+01	2.813246666666666504e+12	7.561614501502037511e-01	1.122444051036524011e-02	1.679211824121629561e-03
2.813250000000000000e+12	3.333333333333333576e+04	3.333333333333333570e+01	2.813250000000000000e+12	7.584458379831429120e-01	1.190644871613711665e-02	1.597723191287105408e-03
2.813236666666666504e+12	3.333333333333333576e+04	3.333333333333333570e+01	2.813236666666666504e+12	7.627074399373566793e-01	1.194547467658056521e-02	1.651270492456582062e-03
2.813210000000000000e+12	3.333333333333333576e+04	3.333333333333333570e+01	2.813210000000000000e+12	7.658485492940295680e-01	1.204344841598462695e-02	1.672823370413946192e-03
2.813170000000000000e+12	3.333333333333333576e+04	3.333333333333333570e+01	2.813170000000000000e+12	7.690994991396817859e-01	1.194599743922161554e-02	1.752297626672573742e-03
2.813113333333333496e+12	3.333333333333333576e+04	3.333333333333333570e+01	2.813113333333333496e+12	7.720787005049108975e-01	1.186331563541805252e-02	1.697479058667843372e-03
2.813040000000000000e+12	3.333333333333333576e+04	3.333333333333333570e+01	2.813040000000000000e+12	7.755458740397848105e-01	1.189409493303985980e-02	1.670635831589763589e-03
2.812953333333333496e+12	3.333333333333333576e+04	3.333333333333333570e+01	2.812953333333333496e+12	7.791412278794370705e-01	1.150337915018457592e-02	1.656889085941795061e-03
2.812853333333333496e+12	3.333333333333333576e+04	3.333333333333333570e+01	2.812853333333333496e+12	7.789271691482201332e-01	1.243056015214782928e-02	1.609471512779970517e-03
2.812740000000000000e+12	3.333333333333333576e+04	3.333333333333333570e+01	2.812740000000000000e+12	7.858141676600906012e-01	1.172138365496171349e-02	1.771949252075948533e-03
2.812610000000000000e+12	3.333333333333333576e+04	3.333333333333333570e+01	2.812610000000000000e+12	7.889997919679546667e-01	1.185421504361541117e-02	1.568943180061767089e-03
2.812470000000000000e+12	3.333333333333333576e+04	3.333333333333333570e+01	2.812470000000000000e+12	7.084449305967334132e-01	1.239838147025211501e-02	1.641426918761927948e-03
2.812313333333333496e+12	3.333333333333333576e+04	3.333333333333333570e+01	2.812313333333333496e+12	7.936054419279673366e-01	1.283951110443803251e-02	1.722450905752889510e-03
2.812140000000000000e+12	3.333333333333333576e+04	3.333333333333333570e+01	2.812140000000000000e+12	7.990922803764988203e-01	1.287623607441017344e-02	1.738383046057745103e-03
2.811956666666666504e+12	3.333333333333333576e+04	3.333333333333333570e+01	2.811956666666666504e+12	8.025083354806258340e-01	1.217474334171753970e-02	1.748121934931382146e-03
2.811760000000000000e+12	3.333333333333333576e+04	3.333333333333333570e+01	2.811760000000000000e+12	7.194655803131548844e-01	1.143426696749483447e-02	1.608066765268133377e-03
2.811550000000000000e+12	3.333333333333333576e+04	3.333333333333333570e+01	2.811550000000000000e+12	8.081603447014155117e-01	1.264981647540036613e-02	1.722330465688420983e-03
2.811323333333333496e+12	3.333333333333333576e+04	3.333333333333333570e+01	2.811323333333333496e+12	8.131230074559425702e-01	1.184968536127357398e-02	1.605816228639431534e-03
2.811086666666666504e+12	3.333333333333333576e+04	3.333333333333333570e+01	2.811086666666666504e+12	8.156373985051080799e-01	1.160251794707317652e-02	1.730115869046156820e-03
2.810836666666666504e+12	3.333333333333333576e+04	3.333333333333333570e+01	2.810836666666666504e+12	8.153559028728017966e-01	1.185064110594711943e-02	1.786156932268791577e-03
2.810573333333333496e+12	3.333333333333333576e+04	3.333333333333333570e+01	2.810573333333333496e+12	8.222531992933505007e-01	1.174128329058803273e-02	1.703163832930758813e-03
2.810296666666666504e+12	3.333333333333333576e+04	3.333333333333333570e+01	2.810296666666666504e+12	8.257490358927902507e-01	1.185493930171918620e-02	1.687493229127950750e-03
2.810006666666666504e+12	3.333333333333333576e+04	3.333333333333333570e+01	2.810006666666666504e+12	8.286234002804223620e-01	1.168728044689712649e-02	1.674754580815279205e-03
2.809706666666666504e+12	3.333333333333333576e+04	3.333333333333333570e+01	2.809706666666666504e+12	8.302559028805061025e-01	1.191159686306274453e-02	1.726097470413852841e-03
2.809393333333333496e+12	3.333333333333333576e+04	3.333333333333333570e+01	2.809393333333333496e+12	8.357159272722026744e-01	1.175800403470904539e-02	1.651365837974758935e-03
2.809066666666666504e+12	3.333333333333333576e+04	3.333333333333333570e+01	2.809066666666666504e+12	8.381305370828866508e-01	1.232281260509125904e-02	1.678796017215365829e-03
2.808726666666666504e+12	3.333333333333333576e+04	3.333333333333333570e+01	2.808726666666666504e+12	8.421928664474257475e-01	1.181040012679050039e-02	1.665918935204372666e-03
2.808376666666666504e+12	3.333333333333333576e+04	3.333333333333333570e+01	2.808376666666666504e+12	8.457133107645961045e-01	1.164963715937948792e-02	1.709777962803462172e-03
2.808013333333333496e+12	3.333333333333333576e+04	3.333333333333333570e+01	2.808013333333333496e+12	8.494075498916168199e-01	1.196373601745252813e-02	1.735603476975189005e-03
