# SourcePhotonFlux	NumberRaysSurvived	PercentageRaysSurvived	PhotonFlux	Bandwidth	HorizontalFocusFWHM	VerticalFocusFWHM
nan	3.239999999999999858e+01	3.239999999999999825e-02	nan	2.955662665578816586e-02	6.507840063184095088e-03	4.651067573768022942e-04
nan	6.740000000000000568e+01	6.740000000000000158e-02	nan	4.578808476819511836e-02	6.026183542327396593e-03	4.354732810487055988e-04
nan	1.311999999999999886e+02	1.312000000000000111e-01	nan	5.102591931538427023e-02	7.794995577024651894e-03	5.001940929459196532e-04
nan	1.961999999999999886e+02	1.961999999999999855e-01	nan	6.194391089710506865e-02	7.346747002923528433e-03	5.246723621854401751e-04
nan	2.640000000000000000e+02	2.640000000000000124e-01	nan	7.511526309242526345e-02	7.164758864063517155e-03	5.593916578667102292e-04
nan	3.368000000000000114e+02	3.367999999999999883e-01	nan	8.137255215610821046e-02	7.224498918384487586e-03	5.448225748991440600e-04
nan	4.143999999999999773e+02	4.143999999999999906e-01	nan	9.153676634574595128e-02	7.044722235250757032e-03	5.706101250900262687e-04
nan	4.911999999999999886e+02	4.912000000000000810e-01	nan	1.117471074008335591e-01	7.691797404544250746e-03	5.531500456233650860e-04
nan	5.483999999999999773e+02	5.483999999999999986e-01	nan	1.161224984052069004e-01	7.986229565322341961e-03	5.564942738544126051e-04
nan	6.300000000000000000e+02	6.300000000000001155e-01	nan	1.350088983902651418e-01	6.975950932818790820e-03	5.889244981646986213e-04
nan	7.032000000000000455e+02	7.032000000000000473e-01	nan	1.694380439420228868e-01	7.306854539363119919e-03	5.842899034923270578e-04
nan	7.656000000000000227e+02	7.656000000000000583e-01	nan	1.777418157127840515e-01	6.534020980225085755e-03	5.897747871910633596e-04
nan	8.170000000000000000e+02	8.170000000000001705e-01	nan	1.780336899942994988e-01	6.372233773597047249e-03	5.908237341102158448e-04
nan	8.596000000000000227e+02	8.596000000000000307e-01	nan	2.035360220474558557e-01	6.059832432572498026e-03	5.988727274923411840e-04
nan	9.382000000000000455e+02	9.381999999999999229e-01	nan	2.154169027893203803e-01	6.268419371462437099e-03	5.953884606875316059e-04
nan	9.676000000000000227e+02	9.676000000000000156e-01	nan	2.528712489187228130e-01	6.807926098538164342e-03	6.005709381585998827e-04
nan	1.016600000000000023e+03	1.016599999999999948e+00	nan	2.499137708453645357e-01	6.669351133077071510e-03	6.031206564762159024e-04
nan	1.053599999999999909e+03	1.053600000000000092e+00	nan	2.578131876823590574e-01	6.089411950976552149e-03	6.109666697649864236e-04
nan	1.130400000000000091e+03	1.130400000000000071e+00	nan	2.814366383690639628e-01	5.878499527740518524e-03	6.239479373017920837e-04
nan	1.144000000000000000e+03	1.143999999999999906e+00	nan	2.962901711215636391e-01	6.254351193239954428e-03	6.099318701889754274e-04
nan	1.186000000000000000e+03	1.185999999999999943e+00	nan	2.965347077668866183e-01	5.989773003069414833e-03	6.200796107073671065e-04
nan	1.233599999999999909e+03	1.233599999999999808e+00	nan	3.521386581200204313e-01	6.152011527337132059e-03	6.191127341639990215e-04
nan	1.254000000000000000e+03	1.254000000000000004e+00	nan	3.784017959029369882e-01	6.181242131597223556e-03	6.256441494142735583e-04
nan	1.293599999999999909e+03	1.293600000000000083e+00	nan	3.541275976689576277e-01	6.511705137461387335e-03	6.225578954184026554e-04
nan	1.287799999999999955e+03	1.287800000000000056e+00	nan	3.759880199478174978e-01	6.189293738290439426e-03	6.059738302906090461e-04
nan	1.333599999999999909e+03	1.333599999999999897e+00	nan	3.692782304242882563e-01	5.569088925498586438e-03	6.102708640097672657e-04
nan	1.378400000000000091e+03	1.378399999999999848e+00	nan	4.094201106912805921e-01	6.053515870720982059e-03	6.082565779548922223e-04
nan	1.437200000000000045e+03	1.437200000000000033e+00	nan	4.383105141055239073e-01	6.211756422425383437e-03	6.256384501261758914e-04
nan	1.437000000000000000e+03	1.437000000000000055e+00	nan	4.569279844048651507e-01	5.746462509513823418e-03	6.201730200784537784e-04
nan	1.479599999999999909e+03	1.479600000000000026e+00	nan	4.632039780668947282e-01	5.712783908105081507e-03	6.262012111319017332e-04
nan	1.473400000000000091e+03	1.473399999999999821e+00	nan	4.424579091221857996e-01	6.002541115782303142e-03	6.270288035424593110e-04
nan	1.530000000000000000e+03	1.529999999999999805e+00	nan	4.852994463041341300e-01	5.436162813646512604e-03	6.278160505983990678e-04
nan	1.577599999999999909e+03	1.577599999999999891e+00	nan	4.964601889654659539e-01	5.846775218346195527e-03	6.197269522087869940e-04
nan	1.572599999999999909e+03	1.572599999999999998e+00	nan	4.766092103060600715e-01	5.615720317489699721e-03	6.298621301809336544e-04
nan	1.620599999999999909e+03	1.620600000000000263e+00	nan	5.449658393191384453e-01	5.454034410761586169e-03	6.355995055733875548e-04
nan	1.660599999999999909e+03	1.660600000000000076e+00	nan	4.979711102493638575e-01	5.498384505290568325e-03	6.201316450168091726e-04
nan	1.690200000000000045e+03	1.690200000000000147e+00	nan	5.437959225098893956e-01	5.529167845939349582e-03	6.202985516011101956e-04
nan	1.711799999999999955e+03	1.711799999999999766e+00	nan	5.722444711306706733e-01	5.280068731026143006e-03	6.329702986575412495e-04
nan	1.752799999999999955e+03	1.752799999999999914e+00	nan	5.352612779033278922e-01	5.848545241854236423e-03	6.307705857361055671e-04
nan	2.119999999999999929e+01	2.120000000000000356e-02	nan	2.858990739902762118e-02	6.507403362755528886e-03	3.831177799127446137e-04
nan	5.679999999999999716e+01	5.680000000000000326e-02	nan	4.468598465580410350e-02	6.368252505603533460e-03	3.729108238141015772e-04
nan	8.800000000000000000e+01	8.799999999999999489e-02	nan	6.441749759409023945e-02	6.204036063083380112e-03	3.807767454192821145e-04
nan	1.498000000000000114e+02	1.497999999999999887e-01	nan	6.734979126352982903e-02	7.227297242706541211e-03	3.935997846314014744e-04
nan	1.975999999999999943e+02	1.975999999999999979e-01	nan	7.534206380959176941e-02	6.009808036254939319e-03	4.257122260883431622e-04
nan	2.458000000000000114e+02	2.458000000000000185e-01	nan	9.114285975556413177e-02	7.135397750423363994e-03	4.963299130127592522e-04
nan	2.921999999999999886e+02	2.921999999999999598e-01	nan	1.064391700643795985e-01	7.599013195045316651e-03	4.509331648039806707e-04
nan	3.608000000000000114e+02	3.608000000000000096e-01	nan	1.224123154299263661e-01	7.096761367892452654e-03	4.978425470746085640e-04
nan	4.136000000000000227e+02	4.136000000000000232e-01	nan	1.381142082619248868e-01	6.534529131661942492e-03	4.580909316947276888e-04
nan	4.670000000000000000e+02	4.669999999999999707e-01	nan	1.484697159290590263e-01	7.008811563496730387e-03	4.764929315502378993e-04
nan	5.297999999999999545e+02	5.298000000000000487e-01	nan	1.570079123550158218e-01	7.558047671119018027e-03	4.895586033772979587e-04
nan	5.740000000000000000e+02	5.740000000000000657e-01	nan	1.566967283511985498e-01	6.886733390935442789e-03	4.991502317215285381e-04
nan	5.986000000000000227e+02	5.986000000000000210e-01	nan	1.824717085610473022e-01	6.826077951513641155e-03	4.943134003900457934e-04
nan	6.633999999999999773e+02	6.633999999999999897e-01	nan	1.993754141820545667e-01	7.281741202532625648e-03	5.042839596511843742e-04
nan	7.266000000000000227e+02	7.266000000000000236e-01	nan	2.069169201385875623e-01	6.583313198395694330e-03	4.882327469127883024e-04
nan	7.726000000000000227e+02	7.725999999999999535e-01	nan	2.409446747845095105e-01	6.261034832847732143e-03	4.902766309131135211e-04
nan	8.216000000000000227e+02	8.215999999999998860e-01	nan	2.348845773275115845e-01	5.758391965684434184e-03	4.984605069297949565e-04
nan	8.612000000000000455e+02	8.611999999999999655e-01	nan	2.874357717530983680e-01	6.564757485944258848e-03	5.034226788962894517e-04
nan	8.877999999999999545e+02	8.878000000000000336e-01	nan	2.918189831487779662e-01	5.917322997137934755e-03	5.076986799283019240e-04
nan	9.316000000000000227e+02	9.316000000000000947e-01	nan	2.858956194862002920e-01	6.196300083199804756e-03	5.061219902911742599e-04
nan	9.512000000000000455e+02	9.512000000000000455e-01	nan	2.962590603701301117e-01	5.988586091550764101e-03	4.989447074784660822e-04
nan	9.862000000000000455e+02	9.861999999999999655e-01	nan	3.075492360139833181e-01	6.292272201196993757e-03	5.140242074833786465e-04
nan	1.022000000000000000e+03	1.021999999999999797e+00	nan	3.549754723383102828e-01	6.368363273287390262e-03	4.928234201518665123e-04
nan	1.070599999999999909e+03	1.070599999999999996e+00	nan	3.790710212648719102e-01	5.508828993481924667e-03	5.148922234732955083e-04
nan	1.050799999999999955e+03	1.050799999999999956e+00	nan	3.718976776592626265e-01	6.006356185628498705e-03	5.214354217886645396e-04
nan	1.097200000000000045e+03	1.097199999999999953e+00	nan	4.097967375877032969e-01	5.665780848947690393e-03	5.193839406579003112e-04
nan	1.113200000000000045e+03	1.113200000000000189e+00	nan	3.922676499198587408e-01	5.761081645296465062e-03	5.218914473390735744e-04
nan	1.146200000000000045e+03	1.146199999999999886e+00	nan	4.285302293646964245e-01	6.209223508490564584e-03	5.160754461768934541e-04
nan	1.169000000000000000e+03	1.169000000000000039e+00	nan	4.378451791571478791e-01	5.769958098461700977e-03	4.938306164500497588e-04
nan	1.192599999999999909e+03	1.192599999999999882e+00	nan	4.654896116888266877e-01	5.628662831105591888e-03	5.254496225420741962e-04
nan	1.229799999999999955e+03	1.229800000000000004e+00	nan	4.737200445225880907e-01	5.585537113586245238e-03	5.094376138279165097e-04
nan	1.278400000000000091e+03	1.278399999999999981e+00	nan	4.630373225166294904e-01	5.616654363317485042e-03	5.128126714957126266e-04
nan	1.287599999999999909e+03	1.287599999999999856e+00	nan	4.879667075644647523e-01	5.774920503302853614e-03	5.222413774805617854e-04
nan	1.286200000000000045e+03	1.286200000000000010e+00	nan	5.014253647282203019e-01	5.339646465514699680e-03	5.194619711361675007e-04
nan	1.321599999999999909e+03	1.321599999999999886e+00	nan	5.349062953330758763e-01	5.567981616567826801e-03	5.111456588152915592e-04
nan	1.374000000000000000e+03	1.374000000000000110e+00	nan	5.209363002691134170e-01	5.918804350452183498e-03	5.112964162644499438e-04
nan	1.362200000000000045e+03	1.362200000000000077e+00	nan	5.138324355360509577e-01	5.720788906933787707e-03	5.144920236667662123e-04
nan	1.423000000000000000e+03	1.423000000000000043e+00	nan	5.496487648609218457e-01	5.879373983558919443e-03	5.132571356488806191e-04
nan	1.442000000000000000e+03	1.441999999999999948e+00	nan	5.801436763142646669e-01	5.416853882980967975e-03	5.175304667076016966e-04
nan	1.580000000000000071e+01	1.580000000000000154e-02	nan	3.095533178575234773e-02	6.184608853089364200e-03	2.836233265733411691e-04
nan	3.820000000000000284e+01	3.820000000000000479e-02	nan	4.926836055870692510e-02	6.285631125745401795e-03	2.927214412403779126e-04
nan	5.700000000000000000e+01	5.699999999999999512e-02	nan	6.363548584763364935e-02	5.977033066459356767e-03	2.813198409776817340e-04
nan	8.979999999999999716e+01	8.979999999999999094e-02	nan	7.465310073306649641e-02	5.897490096275811132e-03	3.096868122020303383e-04
nan	1.255999999999999943e+02	1.255999999999999894e-01	nan	7.567048657967916092e-02	5.229630968375737973e-03	3.480595718460564110e-04
nan	1.785999999999999943e+02	1.786000000000000365e-01	nan	9.644861555852912716e-02	7.128369360389063929e-03	3.727506493157828164e-04
nan	2.104000000000000057e+02	2.104000000000000037e-01	nan	9.063341798539567562e-02	5.894984433493297496e-03	3.415143568983891619e-04
nan	2.475999999999999943e+02	2.475999999999999868e-01	nan	1.167599472223400936e-01	5.911665037072740686e-03	3.903109158318980522e-04
nan	2.853999999999999773e+02	2.853999999999999870e-01	nan	1.270902418420178093e-01	6.179031689283724475e-03	3.783134964648393671e-04
nan	3.341999999999999886e+02	3.341999999999999416e-01	nan	1.243840322175401580e-01	6.768563569423539580e-03	3.747238035206871989e-04
nan	3.673999999999999773e+02	3.673999999999999488e-01	nan	1.563086997242862652e-01	6.491152130666330219e-03	3.642934230054783182e-04
nan	4.093999999999999773e+02	4.094000000000000417e-01	nan	1.771872393760077213e-01	6.806034587694975886e-03	3.798089879521569117e-04
nan	4.511999999999999886e+02	4.512000000000000455e-01	nan	2.137536709866935669e-01	6.860227028125045687e-03	3.628650833999620424e-04
nan	4.918000000000000114e+02	4.918000000000000149e-01	nan	1.769299848580430934e-01	6.100827875154865750e-03	3.875860582114814645e-04
nan	5.207999999999999545e+02	5.208000000000000407e-01	nan	1.903221655253446443e-01	7.124468234374325623e-03	4.013544721180709626e-04
nan	5.666000000000000227e+02	5.666000000000001036e-01	nan	2.449756962722403897e-01	6.012818468936455274e-03	3.877173980453345282e-04
nan	6.167999999999999545e+02	6.168000000000000149e-01	nan	2.256154070305683434e-01	6.336931802433162959e-03	3.833700914887621064e-04
nan	6.330000000000000000e+02	6.330000000000000071e-01	nan	2.317022717699956103e-01	5.991976777905872083e-03	3.932195840095551701e-04
nan	6.742000000000000455e+02	6.742000000000001325e-01	nan	2.461118503161515148e-01	6.137132905178367161e-03	3.882945116961359494e-04
nan	6.900000000000000000e+02	6.900000000000000577e-01	nan	2.529424250833926524e-01	6.071251248333008402e-03	4.048756728542472695e-04
nan	7.433999999999999773e+02	7.434000000000000608e-01	nan	3.166606112767567649e-01	6.135567808673178525e-03	3.925004736219109497e-04
nan	7.503999999999999773e+02	7.503999999999999559e-01	nan	3.439693660072407622e-01	5.460912967883349914e-03	4.020384358150123493e-04
nan	7.947999999999999545e+02	7.948000000000000620e-01	nan	3.241373936822583568e-01	5.749405559969111845e-03	3.947088185465268541e-04
nan	8.452000000000000455e+02	8.451999999999999513e-01	nan	3.274929097628955788e-01	4.908738883860527466e-03	3.924887713649734960e-04
nan	8.527999999999999545e+02	8.528000000000000025e-01	nan	3.337997184731648082e-01	6.213171344702956254e-03	4.042981412028469790e-04
nan	8.537999999999999545e+02	8.538000000000000034e-01	nan	3.919764604916963213e-01	5.967992685057207231e-03	4.100857978422657525e-04
nan	9.087999999999999545e+02	9.087999999999999412e-01	nan	4.377840176189238264e-01	5.135017742664872709e-03	4.027765239750044244e-04
nan	9.307999999999999545e+02	9.307999999999999607e-01	nan	4.455359370908809069e-01	5.916355719152555093e-03	3.993253392368954812e-04
nan	9.237999999999999545e+02	9.237999999999999545e-01	nan	4.111248633997092727e-01	5.838715710929751231e-03	4.024643028871507456e-04
nan	9.632000000000000455e+02	9.631999999999999451e-01	nan	4.439447123123045347e-01	5.512694514570910462e-03	3.990790738248563762e-04
nan	9.676000000000000227e+02	9.676000000000000156e-01	nan	4.197001682535755895e-01	5.131401278949821419e-03	4.002302203196405781e-04
nan	9.732000000000000455e+02	9.731999999999999540e-01	nan	4.571424675166781415e-01	5.485713422738329285e-03	4.105607654537006676e-04
nan	1.018399999999999977e+03	1.018400000000000194e+00	nan	5.230812937204518676e-01	5.652104990637092999e-03	4.084957993330002733e-04
nan	1.013399999999999977e+03	1.013399999999999856e+00	nan	4.838325754946709023e-01	5.488142512166547561e-03	4.113213323174301668e-04
nan	1.032799999999999955e+03	1.032799999999999940e+00	nan	5.072887800676653125e-01	4.732658975814877517e-03	4.091789895816867815e-04
nan	1.056000000000000000e+03	1.055999999999999828e+00	nan	5.286869217835828971e-01	5.423295660642936042e-03	4.088360415156284326e-04
nan	1.092000000000000000e+03	1.092000000000000082e+00	nan	4.956225449804151362e-01	5.215174102227090012e-03	4.047162741909180773e-04
nan	1.101200000000000045e+03	1.101199999999999957e+00	nan	5.728402532562540950e-01	5.146541960458655453e-03	4.098562798118087066e-04
nan	1.115200000000000045e+03	1.115199999999999969e+00	nan	5.588448723914097860e-01	5.490444121524249571e-03	4.102070290656264226e-04
