# SourcePhotonFlux	NumberRaysSurvived	PercentageRaysSurvived	PhotonFlux	Bandwidth	HorizontalFocusFWHM	VerticalFocusFWHM
nan	1.164000000000000057e+01	1.163999999999999931e-02	nan	2.770589098415635293e-04	2.356153803603085704e-03	2.145432471349770426e-04
nan	2.800000000000000000e+01	2.800000000000000405e-02	nan	3.624384384954737384e-04	2.589659780506885049e-03	2.528170692397532153e-04
nan	1.775999999999999801e+01	1.776000000000000495e-02	nan	6.188643685862215511e-04	2.339761706471963493e-03	2.155183361323590536e-04
nan	3.423999999999999488e+01	3.424000000000000654e-02	nan	5.079479840139811044e-04	2.304160265486026368e-03	2.316633901230925299e-04
nan	4.900000000000000000e+01	4.900000000000000189e-02	nan	6.475717119224100185e-04	2.020710423428547647e-03	2.476441966268023943e-04
nan	7.023999999999999488e+01	7.023999999999999688e-02	nan	9.286167219852359744e-04	1.904982777746130895e-03	2.540593127004955984e-04
nan	9.820000000000000284e+01	9.819999999999999563e-02	nan	9.074080429604692308e-04	1.756711245344065586e-03	2.872230098426535724e-04
nan	1.247999999999999972e+02	1.247999999999999943e-01	nan	1.290027356812970460e-03	1.895571959192251426e-03	2.661266717742748721e-04
nan	1.538799999999999955e+02	1.538799999999999613e-01	nan	1.356959541274136436e-03	1.883540907301113317e-03	2.708237514885242464e-04
nan	1.719200000000000159e+02	1.719200000000000172e-01	nan	1.585980782829210598e-03	1.881930536910731561e-03	2.927718525245766421e-04
nan	2.166800000000000068e+02	2.166799999999999837e-01	nan	1.593536161099109311e-03	1.866372250882842752e-03	2.867943187503163354e-04
nan	2.593199999999999932e+02	2.593199999999999950e-01	nan	1.776679849790525467e-03	1.601358838808659242e-03	2.909541816708442275e-04
nan	2.948799999999999955e+02	2.948799999999999755e-01	nan	1.996765039434649294e-03	1.741863904274879981e-03	3.005066524798196033e-04
nan	3.281999999999999886e+02	3.281999999999999917e-01	nan	2.085985696271564112e-03	1.496049187033759087e-03	2.882281559899432040e-04
nan	3.758400000000000318e+02	3.758399999999999519e-01	nan	2.168621785676805216e-03	1.629986777023945772e-03	2.987024917270535802e-04
nan	4.242800000000000296e+02	4.242799999999999905e-01	nan	2.628229156503038982e-03	1.601408704567135449e-03	2.978631212424553564e-04
nan	4.664399999999999409e+02	4.664400000000000768e-01	nan	2.567167294760110824e-03	1.628455783673570922e-03	2.990361317101395138e-04
nan	4.946000000000000227e+02	4.945999999999999841e-01	nan	2.649805198698231782e-03	1.518522114937370182e-03	3.005634423651458724e-04
nan	5.340399999999999636e+02	5.340400000000000702e-01	nan	2.951348136730302767e-03	1.592813569581581334e-03	3.022206234477835957e-04
nan	5.664399999999999409e+02	5.664399999999999435e-01	nan	3.145317475018601181e-03	1.684120854330062962e-03	2.980202875186506212e-04
nan	5.892400000000000091e+02	5.892399999999999860e-01	nan	3.192918303966507665e-03	1.546529978956773330e-03	3.026278524520836137e-04
nan	6.067999999999999545e+02	6.068000000000000060e-01	nan	3.468497178746474726e-03	1.529707994344273094e-03	2.976531061608582527e-04
nan	6.184800000000000182e+02	6.184800000000000297e-01	nan	3.485003405412499117e-03	1.501146773727986706e-03	2.955222998319809061e-04
nan	6.146399999999999864e+02	6.146399999999999642e-01	nan	3.754219748007017049e-03	1.530201357065726943e-03	3.020857258880460744e-04
nan	6.043999999999999773e+02	6.043999999999999373e-01	nan	4.024762459666817935e-03	1.499351092417789463e-03	3.004782934674110899e-04
nan	5.934399999999999409e+02	5.934400000000000786e-01	nan	4.158518086651383922e-03	1.401858582202654326e-03	2.995327253024354934e-04
nan	5.637999999999999545e+02	5.637999999999999678e-01	nan	4.385976756366290544e-03	1.416076239296949714e-03	2.983504081841971238e-04
nan	5.280399999999999636e+02	5.280400000000000649e-01	nan	4.362208643869961919e-03	1.465662794525670687e-03	3.030172078482049449e-04
nan	4.990000000000000000e+02	4.989999999999999991e-01	nan	4.839042417415839736e-03	1.393186629402452499e-03	2.922058383557826072e-04
nan	4.738399999999999750e+02	4.738400000000000389e-01	nan	4.599489795427871147e-03	1.496647475839563103e-03	2.992144325190803505e-04
nan	4.276399999999999864e+02	4.276399999999999646e-01	nan	5.049029877727662270e-03	1.479558326675385269e-03	2.984407826980265853e-04
nan	4.008000000000000114e+02	4.007999999999999896e-01	nan	5.148151590965426017e-03	1.394714672083285315e-03	2.956894310479928935e-04
nan	3.668799999999999955e+02	3.668799999999999839e-01	nan	5.417072364043633119e-03	1.328581921144669775e-03	3.010073035191819556e-04
nan	3.347199999999999704e+02	3.347200000000000175e-01	nan	5.869519931220566061e-03	1.394646205642117737e-03	2.999152082714088988e-04
nan	3.083600000000000136e+02	3.083600000000000230e-01	nan	5.552241076566133068e-03	1.546829960075199028e-03	3.017445388152748985e-04
nan	2.718400000000000318e+02	2.718399999999999705e-01	nan	5.965739866860530691e-03	1.472252948129031732e-03	3.003327240332567946e-04
nan	2.453599999999999852e+02	2.453599999999999670e-01	nan	6.148483776496504842e-03	1.371939267787623210e-03	3.022196960392489707e-04
nan	2.132800000000000296e+02	2.132800000000000529e-01	nan	6.060658202204649743e-03	1.253148969579930818e-03	2.957253229678187133e-04
nan	1.735200000000000102e+02	1.735200000000000076e-01	nan	6.549887988612682066e-03	1.492270404636659433e-03	2.955201392166984073e-04
nan	8.839999999999999858e+00	8.840000000000000635e-03	nan	2.494995479046262146e-04	2.457823008044013845e-03	1.724496066378369439e-04
nan	1.964000000000000057e+01	1.963999999999999774e-02	nan	3.510996987798692620e-04	2.181503434507012402e-03	1.957940448636488230e-04
nan	1.324000000000000021e+01	1.324000000000000177e-02	nan	5.671071894293387141e-04	2.247542441773958070e-03	1.829569598005067739e-04
nan	2.808000000000000185e+01	2.808000000000000426e-02	nan	4.222710044905398264e-04	1.852987940766583725e-03	2.004931955083086184e-04
nan	3.896000000000000085e+01	3.896000000000000157e-02	nan	6.955529396236670653e-04	1.892145062792579321e-03	2.143597160870841186e-04
nan	5.543999999999999773e+01	5.544000000000000317e-02	nan	8.768277823355674757e-04	1.912920762510337451e-03	2.201347770315988171e-04
nan	8.120000000000000284e+01	8.119999999999999440e-02	nan	9.682562191096621843e-04	1.692307903158028499e-03	2.266008088224125887e-04
nan	9.964000000000000057e+01	9.963999999999997859e-02	nan	1.156985406723833997e-03	1.855925318976663465e-03	2.281251372512551495e-04
nan	1.261200000000000045e+02	1.261200000000000099e-01	nan	1.222877188663460324e-03	1.865283907794502245e-03	2.294089780392427299e-04
nan	1.428400000000000034e+02	1.428400000000000225e-01	nan	1.366765797583866394e-03	1.786700724100381875e-03	2.361407206601541639e-04
nan	1.791200000000000045e+02	1.791200000000000014e-01	nan	1.656598582108017399e-03	1.687696355802454804e-03	2.356553811729863014e-04
nan	2.153199999999999932e+02	2.153200000000000391e-01	nan	1.751423728933332313e-03	1.767331173695655972e-03	2.473484947923795308e-04
nan	2.451199999999999761e+02	2.451200000000000601e-01	nan	1.866927532150839449e-03	1.706551103086712722e-03	2.395726709655707448e-04
nan	2.758799999999999955e+02	2.758800000000000141e-01	nan	2.041166238718688120e-03	1.577761967759631120e-03	2.441647962010738779e-04
nan	3.158799999999999955e+02	3.158800000000000496e-01	nan	2.204990496015852945e-03	1.658254335038022564e-03	2.487255936448858409e-04
nan	3.494800000000000182e+02	3.494800000000000129e-01	nan	2.171123630978399801e-03	1.621019561408900290e-03	2.445487715282720735e-04
nan	3.816800000000000068e+02	3.816799999999999637e-01	nan	2.552422980365918158e-03	1.632574239087342506e-03	2.495855739266161148e-04
nan	4.186399999999999864e+02	4.186400000000000121e-01	nan	2.619064735399661246e-03	1.517003052973534471e-03	2.448803667656532755e-04
nan	4.385199999999999818e+02	4.385199999999999099e-01	nan	2.731772283523241709e-03	1.575705400485296562e-03	2.464412967839931272e-04
nan	4.762800000000000296e+02	4.762800000000000367e-01	nan	3.113315478221921010e-03	1.676114646792196006e-03	2.483285865486564042e-04
nan	4.870000000000000000e+02	4.869999999999999329e-01	nan	3.186464161726689729e-03	1.602200087317135965e-03	2.481239939595425437e-04
nan	5.015600000000000591e+02	5.015600000000000058e-01	nan	3.284673381440370715e-03	1.532059855086006020e-03	2.435672961028343168e-04
nan	5.151200000000000045e+02	5.151200000000000223e-01	nan	3.459110619069179215e-03	1.534051257221060892e-03	2.464675088175453856e-04
nan	5.106000000000000227e+02	5.105999999999999428e-01	nan	3.754463772502276975e-03	1.434657438152594708e-03	2.486142012526059179e-04
nan	4.971600000000000250e+02	4.971599999999999353e-01	nan	3.638992767218951312e-03	1.496464740868436128e-03	2.505967078901703208e-04
nan	4.831600000000000250e+02	4.831599999999999784e-01	nan	3.843494924549304553e-03	1.487418093705654030e-03	2.488269299910094465e-04
nan	4.629600000000000364e+02	4.629599999999999271e-01	nan	4.056595749043481400e-03	1.412707605706746070e-03	2.504721167339987796e-04
nan	4.436000000000000227e+02	4.435999999999999943e-01	nan	4.051625985675854844e-03	1.483261571597202771e-03	2.500228627305046839e-04
nan	4.144399999999999409e+02	4.144399999999999196e-01	nan	4.567938728159788228e-03	1.614802164396558033e-03	2.488537576930829691e-04
nan	3.908799999999999955e+02	3.908800000000000052e-01	nan	4.504458733581486601e-03	1.421598557380359144e-03	2.477964003841079182e-04
nan	3.555600000000000023e+02	3.555600000000000427e-01	nan	4.839743346465184316e-03	1.386575969203588613e-03	2.507786322524164406e-04
nan	3.316000000000000227e+02	3.316000000000000059e-01	nan	4.965881982107020823e-03	1.248400458465251644e-03	2.488070817440032000e-04
nan	3.018000000000000114e+02	3.017999999999999572e-01	nan	5.221018279398777565e-03	1.364502316281754769e-03	2.458626032623092593e-04
nan	2.773999999999999773e+02	2.773999999999999799e-01	nan	5.136252195225097378e-03	1.370502983511858982e-03	2.489020892036081060e-04
nan	2.548000000000000114e+02	2.548000000000000265e-01	nan	4.861582048188210943e-03	1.382374293861289051e-03	2.481175113143978955e-04
nan	2.287599999999999909e+02	2.287600000000000189e-01	nan	5.508551599423298743e-03	1.399185278724162946e-03	2.463740099683672737e-04
nan	1.995999999999999943e+02	1.995999999999999996e-01	nan	6.003429196289289740e-03	1.461420035096631497e-03	2.490126871268063613e-04
nan	1.794799999999999898e+02	1.794800000000000006e-01	nan	5.675637192189242689e-03	1.244142260250553694e-03	2.475875490539478823e-04
nan	1.470400000000000205e+02	1.470400000000000040e-01	nan	6.087804984235845214e-03	1.247872527892839815e-03	2.429651196492176057e-04
nan	6.879999999999999893e+00	6.879999999999999831e-03	nan	2.781573899233711657e-04	2.201174379984383554e-03	1.391034279453772545e-04
nan	1.391999999999999815e+01	1.392000000000000182e-02	nan	3.975522391075152727e-04	2.438407945282963091e-03	1.447772816373295193e-04
nan	8.040000000000000924e+00	8.040000000000000271e-03	nan	5.489176428793908925e-04	2.273246147669053235e-03	1.293254646135689036e-04
nan	2.039999999999999858e+01	2.040000000000000147e-02	nan	6.862168362004641411e-04	2.233920440714756706e-03	1.569569663429579707e-04
nan	2.980000000000000071e+01	2.980000000000000357e-02	nan	8.723501031363411909e-04	1.907218522301689550e-03	1.550014041017264079e-04
nan	4.407999999999999829e+01	4.408000000000000113e-02	nan	7.897854289853966725e-04	2.162827936163519513e-03	1.562588442733246123e-04
nan	6.232000000000000739e+01	6.232000000000000040e-02	nan	9.065230158898883710e-04	1.647288357935665706e-03	1.745305125656570436e-04
nan	8.076000000000000512e+01	8.076000000000001233e-02	nan	1.171275414183128383e-03	1.703704748591657742e-03	1.751021923136410099e-04
nan	1.033599999999999852e+02	1.033600000000000074e-01	nan	1.134154536835012706e-03	1.733978564374972706e-03	1.828255786437035758e-04
nan	1.147199999999999989e+02	1.147200000000000164e-01	nan	1.337347962239618946e-03	1.933478402668603515e-03	1.784936885148485420e-04
nan	1.402400000000000091e+02	1.402399999999999758e-01	nan	1.562411113827693026e-03	1.549213912274197179e-03	1.816996884065232021e-04
nan	1.655999999999999943e+02	1.655999999999999972e-01	nan	1.717557014094382110e-03	1.669335167309492956e-03	1.866214344989041286e-04
nan	1.933599999999999852e+02	1.933599999999999763e-01	nan	1.731243850972532389e-03	1.683104485433226756e-03	1.896041751887161367e-04
nan	2.137199999999999704e+02	2.137199999999999933e-01	nan	1.918167050280317155e-03	1.669007334890123357e-03	1.915793767493900843e-04
nan	2.475199999999999818e+02	2.475200000000000178e-01	nan	2.074311182377641758e-03	1.634230877921890104e-03	1.926708089489856889e-04
nan	2.750400000000000205e+02	2.750400000000000067e-01	nan	2.235446392141966342e-03	1.485918442341386527e-03	1.946122482692248801e-04
nan	3.081999999999999886e+02	3.082000000000000295e-01	nan	2.250977774260718399e-03	1.509896815103147242e-03	1.985297190056763638e-04
nan	3.323999999999999773e+02	3.324000000000000288e-01	nan	2.393878000252698361e-03	1.468921571240255604e-03	1.961808894264865173e-04
nan	3.479199999999999591e+02	3.479200000000000070e-01	nan	2.721922226596689212e-03	1.534738692631640745e-03	1.939818023322204628e-04
nan	3.741999999999999886e+02	3.741999999999999771e-01	nan	2.996871887789893593e-03	1.513599090235807345e-03	1.956321858292910283e-04
nan	3.908799999999999955e+02	3.908800000000000052e-01	nan	2.877579134456027376e-03	1.574967780097297990e-03	1.984357035518823954e-04
nan	3.988799999999999955e+02	3.988800000000000123e-01	nan	3.024813886813717406e-03	1.548733447747616598e-03	1.980129865900639183e-04
nan	4.067599999999999909e+02	4.067600000000000660e-01	nan	3.262486316589274966e-03	1.479612891738421544e-03	1.975758731373507965e-04
nan	4.018799999999999955e+02	4.018799999999999595e-01	nan	3.417234848739099298e-03	1.455709780484682869e-03	2.018732381900199910e-04
nan	4.011999999999999886e+02	4.012000000000000566e-01	nan	3.508362157181181377e-03	1.527652020196637117e-03	1.968670284855758340e-04
nan	3.872400000000000091e+02	3.872400000000000286e-01	nan	3.742889757459124615e-03	1.421843826715328248e-03	2.006565502463978550e-04
nan	3.644800000000000182e+02	3.644800000000000262e-01	nan	3.852411338102683467e-03	1.430450455345511507e-03	1.969878674787063839e-04
nan	3.491999999999999886e+02	3.492000000000000104e-01	nan	4.264052937123778697e-03	1.504472323336710025e-03	1.969454129005464012e-04
nan	3.243199999999999932e+02	3.243200000000000527e-01	nan	3.877989486491060199e-03	1.490985493806702136e-03	2.014566637429296544e-04
nan	3.079599999999999795e+02	3.079600000000000115e-01	nan	4.265627483318894589e-03	1.434496399066168080e-03	1.984063397972683773e-04
nan	2.784800000000000182e+02	2.784799999999999498e-01	nan	4.359339302418448192e-03	1.406899602958314221e-03	1.980925316980704459e-04
nan	2.645600000000000023e+02	2.645600000000000174e-01	nan	4.544514373501442814e-03	1.407040931970894148e-03	1.955056186997739551e-04
nan	2.450000000000000000e+02	2.450000000000000233e-01	nan	4.722686840959795969e-03	1.412019394096860215e-03	1.972780255638989023e-04
nan	2.198000000000000114e+02	2.197999999999999954e-01	nan	4.984645824461040459e-03	1.316158385186668150e-03	1.974824876660915814e-04
nan	2.035200000000000102e+02	2.035200000000000065e-01	nan	5.182109451525320452e-03	1.473545665257164393e-03	1.991937090530146416e-04
nan	1.808400000000000034e+02	1.808400000000000007e-01	nan	5.503579916921808209e-03	1.409809831181748794e-03	2.026525355325624659e-04
nan	1.622800000000000011e+02	1.622799999999999798e-01	nan	5.184738239413491136e-03	1.230316818658643875e-03	1.979075838190376435e-04
nan	1.386800000000000068e+02	1.386799999999999700e-01	nan	4.858010597235988375e-03	1.303119995920821658e-03	1.927962032757418764e-04
nan	1.175599999999999881e+02	1.175599999999999701e-01	nan	5.309650747485647991e-03	1.374392872672296510e-03	1.981234083205617971e-04
