Simulation Number PG.cFactor ExitSlit.openingWidth SU.photonEnergy PG.orderDiffraction SU.numberRays
0                 2.25       0.02                  100             1                   300000.0     
1                 2.25       0.02                  101             1                   300000.0     
2                 2.25       0.02                  102             1                   300000.0     
3                 2.25       0.02                  103             1                   300000.0     
4                 2.25       0.02                  104             1                   300000.0     
5                 2.25       0.02                  105             1                   300000.0     
6                 2.25       0.02                  106             1                   300000.0     
7                 2.25       0.02                  107             1                   300000.0     
8                 2.25       0.02                  108             1                   300000.0     
9                 2.25       0.02                  109             1                   300000.0     
10                2.25       0.02                  110             1                   300000.0     
11                2.25       0.02                  111             1                   300000.0     
12                2.25       0.02                  112             1                   300000.0     
13                2.25       0.02                  113             1                   300000.0     
14                2.25       0.02                  114             1                   300000.0     
15                2.25       0.02                  115             1                   300000.0     
16                2.25       0.02                  116             1                   300000.0     
17                2.25       0.02                  117             1                   300000.0     
18                2.25       0.02                  118             1                   300000.0     
19                2.25       0.02                  119             1                   300000.0     
20                2.25       0.02                  120             1                   300000.0     
21                2.25       0.02                  121             1                   300000.0     
22                2.25       0.02                  122             1                   300000.0     
23                2.25       0.02                  123             1                   300000.0     
24                2.25       0.02                  124             1                   300000.0     
25                2.25       0.02                  125             1                   300000.0     
26                2.25       0.02                  126             1                   300000.0     
27                2.25       0.02                  127             1                   300000.0     
28                2.25       0.02                  128             1                   300000.0     
29                2.25       0.02                  129             1                   300000.0     
30                2.25       0.02                  130             1                   300000.0     
31                2.25       0.02                  131             1                   300000.0     
32                2.25       0.02                  132             1                   300000.0     
33                2.25       0.02                  133             1                   300000.0     
34                2.25       0.02                  134             1                   300000.0     
35                2.25       0.02                  135             1                   300000.0     
36                2.25       0.02                  136             1                   300000.0     
37                2.25       0.02                  137             1                   300000.0     
38                2.25       0.02                  138             1                   300000.0     
39                2.25       0.02                  139             1                   300000.0     
40                2.25       0.02                  140             1                   300000.0     
41                2.25       0.02                  141             1                   300000.0     
42                2.25       0.02                  142             1                   300000.0     
43                2.25       0.02                  143             1                   300000.0     
44                2.25       0.02                  144             1                   300000.0     
45                2.25       0.02                  145             1                   300000.0     
46                2.25       0.02                  146             1                   300000.0     
47                2.25       0.02                  147             1                   300000.0     
48                2.25       0.02                  148             1                   300000.0     
49                2.25       0.02                  149             1                   300000.0     
50                2.25       0.02                  150             1                   300000.0     
51                2.25       0.02                  151             1                   300000.0     
52                2.25       0.02                  152             1                   300000.0     
53                2.25       0.02                  153             1                   300000.0     
54                2.25       0.02                  154             1                   300000.0     
55                2.25       0.02                  155             1                   300000.0     
56                2.25       0.02                  156             1                   300000.0     
57                2.25       0.02                  157             1                   300000.0     
58                2.25       0.02                  158             1                   300000.0     
59                2.25       0.02                  159             1                   300000.0     
60                2.25       0.02                  160             1                   300000.0     
61                2.25       0.02                  161             1                   300000.0     
62                2.25       0.02                  162             1                   300000.0     
63                2.25       0.02                  163             1                   300000.0     
64                2.25       0.02                  164             1                   300000.0     
65                2.25       0.02                  165             1                   300000.0     
66                2.25       0.02                  166             1                   300000.0     
67                2.25       0.02                  167             1                   300000.0     
68                2.25       0.02                  168             1                   300000.0     
69                2.25       0.02                  169             1                   300000.0     
70                2.25       0.02                  170             1                   300000.0     
71                2.25       0.02                  171             1                   300000.0     
72                2.25       0.02                  172             1                   300000.0     
73                2.25       0.02                  173             1                   300000.0     
74                2.25       0.02                  174             1                   300000.0     
75                2.25       0.02                  175             1                   300000.0     
76                2.25       0.02                  176             1                   300000.0     
77                2.25       0.02                  177             1                   300000.0     
78                2.25       0.02                  178             1                   300000.0     
79                2.25       0.02                  179             1                   300000.0     
80                2.25       0.02                  180             1                   300000.0     
81                2.25       0.02                  181             1                   300000.0     
82                2.25       0.02                  182             1                   300000.0     
83                2.25       0.02                  183             1                   300000.0     
84                2.25       0.02                  184             1                   300000.0     
85                2.25       0.02                  185             1                   300000.0     
86                2.25       0.02                  186             1                   300000.0     
87                2.25       0.02                  187             1                   300000.0     
88                2.25       0.02                  188             1                   300000.0     
89                2.25       0.02                  189             1                   300000.0     
90                2.25       0.02                  190             1                   300000.0     
91                2.25       0.02                  191             1                   300000.0     
92                2.25       0.02                  192             1                   300000.0     
93                2.25       0.02                  193             1                   300000.0     
94                2.25       0.02                  194             1                   300000.0     
95                2.25       0.02                  195             1                   300000.0     
96                2.25       0.02                  196             1                   300000.0     
97                2.25       0.02                  197             1                   300000.0     
98                2.25       0.02                  198             1                   300000.0     
99                2.25       0.02                  199             1                   300000.0     
100               2.25       0.02                  200             1                   300000.0     
101               2.25       0.02                  201             1                   300000.0     
102               2.25       0.02                  202             1                   300000.0     
103               2.25       0.02                  203             1                   300000.0     
104               2.25       0.02                  204             1                   300000.0     
105               2.25       0.02                  205             1                   300000.0     
106               2.25       0.02                  206             1                   300000.0     
107               2.25       0.02                  207             1                   300000.0     
108               2.25       0.02                  208             1                   300000.0     
109               2.25       0.02                  209             1                   300000.0     
110               2.25       0.02                  210             1                   300000.0     
111               2.25       0.02                  211             1                   300000.0     
112               2.25       0.02                  212             1                   300000.0     
113               2.25       0.02                  213             1                   300000.0     
114               2.25       0.02                  214             1                   300000.0     
115               2.25       0.02                  215             1                   300000.0     
116               2.25       0.02                  216             1                   300000.0     
117               2.25       0.02                  217             1                   300000.0     
118               2.25       0.02                  218             1                   300000.0     
119               2.25       0.02                  219             1                   300000.0     
120               2.25       0.02                  220             1                   300000.0     
121               2.25       0.02                  221             1                   300000.0     
122               2.25       0.02                  222             1                   300000.0     
123               2.25       0.02                  223             1                   300000.0     
124               2.25       0.02                  224             1                   300000.0     
125               2.25       0.02                  225             1                   300000.0     
126               2.25       0.02                  226             1                   300000.0     
127               2.25       0.02                  227             1                   300000.0     
128               2.25       0.02                  228             1                   300000.0     
129               2.25       0.02                  229             1                   300000.0     
130               2.25       0.02                  230             1                   300000.0     
131               2.25       0.02                  231             1                   300000.0     
132               2.25       0.02                  232             1                   300000.0     
133               2.25       0.02                  233             1                   300000.0     
134               2.25       0.02                  234             1                   300000.0     
135               2.25       0.02                  235             1                   300000.0     
136               2.25       0.02                  236             1                   300000.0     
137               2.25       0.02                  237             1                   300000.0     
138               2.25       0.02                  238             1                   300000.0     
139               2.25       0.02                  239             1                   300000.0     
140               2.25       0.02                  240             1                   300000.0     
141               2.25       0.02                  241             1                   300000.0     
142               2.25       0.02                  242             1                   300000.0     
143               2.25       0.02                  243             1                   300000.0     
144               2.25       0.02                  244             1                   300000.0     
145               2.25       0.02                  245             1                   300000.0     
146               2.25       0.02                  246             1                   300000.0     
147               2.25       0.02                  247             1                   300000.0     
148               2.25       0.02                  248             1                   300000.0     
149               2.25       0.02                  249             1                   300000.0     
