Simulation Number ExitSlit.totalHeight Dipole.photonEnergy PG.cFactor PG.orderDiffraction Dipole.numberRays Dipole.sourceWidth Dipole.sourceHeight Dipole.verEbeamDiv
0                     0.1                   500                   1.191432847537555     2                     100000.0              0.01715               0.0024300000000000003 5.72                 
1                     0.1                   500                   1.4245703315395712    2                     100000.0              0.01715               0.0024300000000000003 5.72                 
2                     0.1                   500                   1.7093389082243329    2                     100000.0              0.01715               0.0024300000000000003 5.72                 
3                     0.1                   500                   2.0641639044697118    2                     100000.0              0.01715               0.0024300000000000003 5.72                 
4                     0.1                   500                   2.5118137811320644    2                     100000.0              0.01715               0.0024300000000000003 5.72                 
5                     0.1                   500                   3.0668427013872974    2                     100000.0              0.01715               0.0024300000000000003 5.72                 
6                     0.1                   500                   3.797208992452417     2                     100000.0              0.01715               0.0024300000000000003 5.72                 
7                     0.1                   500                   4.645923194002247     2                     100000.0              0.01715               0.0024300000000000003 5.72                 
8                     0.1                   500                   5.546693824604396     2                     100000.0              0.01715               0.0024300000000000003 5.72                 
9                     0.1                   500                   6.092590039420309     2                     100000.0              0.01715               0.0024300000000000003 5.72                 
10                    0.1                   1000                  1.191432847537555     2                     100000.0              0.01715               0.0024300000000000003 5.72                 
11                    0.1                   1000                  1.4245703315395712    2                     100000.0              0.01715               0.0024300000000000003 5.72                 
12                    0.1                   1000                  1.7093389082243329    2                     100000.0              0.01715               0.0024300000000000003 5.72                 
13                    0.1                   1000                  2.0641639044697118    2                     100000.0              0.01715               0.0024300000000000003 5.72                 
14                    0.1                   1000                  2.5118137811320644    2                     100000.0              0.01715               0.0024300000000000003 5.72                 
15                    0.1                   1000                  3.0668427013872974    2                     100000.0              0.01715               0.0024300000000000003 5.72                 
16                    0.1                   1000                  3.797208992452417     2                     100000.0              0.01715               0.0024300000000000003 5.72                 
17                    0.1                   1000                  4.645923194002247     2                     100000.0              0.01715               0.0024300000000000003 5.72                 
18                    0.1                   1000                  5.546693824604396     2                     100000.0              0.01715               0.0024300000000000003 5.72                 
19                    0.1                   1000                  6.092590039420309     2                     100000.0              0.01715               0.0024300000000000003 5.72                 
20                    0.1                   1500                  1.191432847537555     2                     100000.0              0.01715               0.0024300000000000003 5.72                 
21                    0.1                   1500                  1.4245703315395712    2                     100000.0              0.01715               0.0024300000000000003 5.72                 
22                    0.1                   1500                  1.7093389082243329    2                     100000.0              0.01715               0.0024300000000000003 5.72                 
23                    0.1                   1500                  2.0641639044697118    2                     100000.0              0.01715               0.0024300000000000003 5.72                 
24                    0.1                   1500                  2.5118137811320644    2                     100000.0              0.01715               0.0024300000000000003 5.72                 
25                    0.1                   1500                  3.0668427013872974    2                     100000.0              0.01715               0.0024300000000000003 5.72                 
26                    0.1                   1500                  3.797208992452417     2                     100000.0              0.01715               0.0024300000000000003 5.72                 
27                    0.1                   1500                  4.645923194002247     2                     100000.0              0.01715               0.0024300000000000003 5.72                 
28                    0.1                   1500                  5.546693824604396     2                     100000.0              0.01715               0.0024300000000000003 5.72                 
29                    0.1                   1500                  6.092590039420309     2                     100000.0              0.01715               0.0024300000000000003 5.72                 
30                    0.1                   2000                  1.191432847537555     2                     100000.0              0.01715               0.0024300000000000003 5.72                 
31                    0.1                   2000                  1.4245703315395712    2                     100000.0              0.01715               0.0024300000000000003 5.72                 
32                    0.1                   2000                  1.7093389082243329    2                     100000.0              0.01715               0.0024300000000000003 5.72                 
33                    0.1                   2000                  2.0641639044697118    2                     100000.0              0.01715               0.0024300000000000003 5.72                 
34                    0.1                   2000                  2.5118137811320644    2                     100000.0              0.01715               0.0024300000000000003 5.72                 
35                    0.1                   2000                  3.0668427013872974    2                     100000.0              0.01715               0.0024300000000000003 5.72                 
36                    0.1                   2000                  3.797208992452417     2                     100000.0              0.01715               0.0024300000000000003 5.72                 
37                    0.1                   2000                  4.645923194002247     2                     100000.0              0.01715               0.0024300000000000003 5.72                 
38                    0.1                   2000                  5.546693824604396     2                     100000.0              0.01715               0.0024300000000000003 5.72                 
39                    0.1                   2000                  6.092590039420309     2                     100000.0              0.01715               0.0024300000000000003 5.72                 
40                    0.1                   2500                  1.191432847537555     2                     100000.0              0.01715               0.0024300000000000003 5.72                 
41                    0.1                   2500                  1.4245703315395712    2                     100000.0              0.01715               0.0024300000000000003 5.72                 
42                    0.1                   2500                  1.7093389082243329    2                     100000.0              0.01715               0.0024300000000000003 5.72                 
43                    0.1                   2500                  2.0641639044697118    2                     100000.0              0.01715               0.0024300000000000003 5.72                 
44                    0.1                   2500                  2.5118137811320644    2                     100000.0              0.01715               0.0024300000000000003 5.72                 
45                    0.1                   2500                  3.0668427013872974    2                     100000.0              0.01715               0.0024300000000000003 5.72                 
46                    0.1                   2500                  3.797208992452417     2                     100000.0              0.01715               0.0024300000000000003 5.72                 
47                    0.1                   2500                  4.645923194002247     2                     100000.0              0.01715               0.0024300000000000003 5.72                 
48                    0.1                   2500                  5.546693824604396     2                     100000.0              0.01715               0.0024300000000000003 5.72                 
49                    0.1                   2500                  6.092590039420309     2                     100000.0              0.01715               0.0024300000000000003 5.72                 
